<svg version='1.1' xmlns='http://www.w3.org/2000/svg' width='106' height='59' viewBox='447 482 106 59'>
  <text font-size='0'>AS1005eS10056S26502S26506S26502S26506S30c00S33b00M553x541S30c00482x482S1005e523x484S10056447x484S26502461x527S26506465x511S26502505x511S26506505x527S33b00482x482</text>
  <svg x='482' y='482'><g transform="translate(0.149874875465,34.7500790925) scale(0.00988906872676,-0.00988956850125)"><path class="sym-line" fill="black" d="M1528 3484 c-592 -92 -1088 -447 -1348 -963 -125 -249 -180 -485 -180 -771 0 -480 183 -911 529 -1242 350 -336 780 -508 1271 -508 451 0 864 150 1193 434 326 281 517 620 591 1051 21 121 21 409 0 530 -43 252 -114 444 -237 639 -282 453 -741 750 -1284 831 -127 19 -413 18 -535 -1z m607 -173 c583 -126 1038 -523 1224 -1069 59 -173 75 -277 75 -492 0 -165 -3 -211 -22 -300 -71 -327 -228 -611 -458 -829 -186 -177 -381 -295 -614 -374 -176 -60 -282 -78 -490 -84 -247 -7 -416 19 -628 97 -549 201 -944 674 -1043 1250 -17 97 -17 383 0 480 99 576 495 1050 1043 1250 105 38 177 58 303 81 143 26 467 21 610 -10z M882 2867 c-17 -18 -32 -36 -32 -39 0 -3 163 -164 361 -358 l362 -351 38 37 c22 21 39 41 39 44 0 10 -709 695 -723 698 -7 1 -27 -12 -45 -31z M2555 2792 c-60 -59 -222 -217 -360 -350 l-250 -242 42 -42 42 -41 359 349 c198 192 360 354 361 360 1 12 -61 74 -74 74 -6 0 -59 -49 -120 -108z M649 2643 l-42 -40 204 -199 c112 -109 274 -267 359 -351 86 -84 160 -153 165 -153 5 0 26 16 47 37 l37 36 -222 216 c-122 118 -286 278 -364 354 l-141 139 -43 -39z M2550 2332 c-195 -190 -357 -350 -359 -355 -4 -11 59 -77 73 -77 6 0 67 55 136 123 69 67 230 225 359 350 l234 228 -38 39 c-22 22 -42 40 -45 40 -3 -1 -165 -157 -360 -348z"/></g></svg>
  <svg x='523' y='484'><g transform="translate(0.0,15.0) scale(0.01,-0.01)"><path class="sym-line" fill="black" d="M0 1400 l0 -100 750 0 750 0 0 100 0 100 -750 0 -750 0 0 -100z M1700 750 l0 -750 650 0 650 0 0 750 0 750 -650 0 -650 0 0 -750z"/></g></svg>
  <svg x='447' y='484'><g transform="translate(0.0,15.0) scale(0.01,-0.01)"><path class="sym-line" fill="black" d="M0 750 l0 -750 650 0 650 0 0 750 0 750 -650 0 -650 0 0 -750z M1500 1400 l0 -100 750 0 750 0 0 100 0 100 -750 0 -750 0 0 -100z"/></g></svg>
  <svg x='461' y='527'><g transform="translate(0.198128695057,13.7002011211) scale(0.0097007872376,-0.0096798311579)"><path class="sym-line" fill="black" d="M345 1050 l-350 -350 353 -353 352 -352 0 303 0 302 400 0 400 0 0 100 0 100 -400 0 -400 0 -2 300 -3 300 -350 -350z"/></g></svg>
  <svg x='465' y='511'><g transform="translate(0.149734255248,13.6974450331) scale(0.0097007872376,-0.00964308576999)"><path class="sym-line" fill="black" d="M800 1102 l0 -302 -400 0 -400 0 0 -100 0 -100 400 0 400 0 0 -302 0 -303 352 353 353 352 -353 352 -352 353 0 -303z"/></g></svg>
  <svg x='505' y='511'><g transform="translate(0.198128695057,13.7002011211) scale(0.0097007872376,-0.0096798311579)"><path class="sym-line" fill="black" d="M345 1050 l-350 -350 353 -353 352 -352 0 303 0 302 400 0 400 0 0 100 0 100 -400 0 -400 0 -2 300 -3 300 -350 -350z"/></g></svg>
  <svg x='505' y='527'><g transform="translate(0.149734255248,13.6974450331) scale(0.0097007872376,-0.00964308576999)"><path class="sym-line" fill="black" d="M800 1102 l0 -302 -400 0 -400 0 0 -100 0 -100 400 0 400 0 0 -302 0 -303 352 353 353 352 -353 352 -352 353 0 -303z"/></g></svg>
  <svg x='482' y='482'><g transform="translate(0.149874875465,34.7500790925) scale(0.00988906872676,-0.00988956850125)"><path class="sym-line" fill="black" d="M1528 3484 c-592 -92 -1088 -447 -1348 -963 -125 -249 -180 -485 -180 -771 0 -480 183 -911 529 -1242 350 -336 780 -508 1271 -508 451 0 864 150 1193 434 326 281 517 620 591 1051 21 121 21 409 0 530 -43 252 -114 444 -237 639 -282 453 -741 750 -1284 831 -127 19 -413 18 -535 -1z m607 -173 c583 -126 1038 -523 1224 -1069 59 -173 75 -277 75 -492 0 -165 -3 -211 -22 -300 -71 -327 -228 -611 -458 -829 -186 -177 -381 -295 -614 -374 -176 -60 -282 -78 -490 -84 -247 -7 -416 19 -628 97 -549 201 -944 674 -1043 1250 -17 97 -17 383 0 480 99 576 495 1050 1043 1250 105 38 177 58 303 81 143 26 467 21 610 -10z M1020 875 l0 -75 780 0 780 0 0 75 0 75 -780 0 -780 0 0 -75z"/></g></svg>
</svg>