<svg version='1.1' xmlns='http://www.w3.org/2000/svg' width='76' height='93' viewBox='462 453 76 93'>
  <text font-size='0'>AS10642S1064aS26502S26516S20500S19202S1064aS26706S2f900M538x546S10642508x475S1064a463x474S26502505x453S26516477x453S20500495x462S1064a462x531S19202507x514S26706496x529S2f900498x521</text>
  <svg x='508' y='475'><g transform="translate(0.0,15.0) scale(0.01,-0.01)"><path class="sym-fill" fill="white" d="M1500 500 l0 -300 450 0 450 0 0 300 0 300 -450 0 -450 0 0 -300z"/><path class="sym-line" fill="black" d="M0 1100 l0 -400 350 0 350 0 0 100 0 100 -250 0 -250 0 0 200 0 200 450 0 450 0 0 100 0 100 -550 0 -550 0 0 -400z M1300 750 l0 -750 650 0 650 0 0 750 0 750 -650 0 -650 0 0 -750z m1100 -250 l0 -300 -450 0 -450 0 0 300 0 300 450 0 450 0 0 -300z"/></g></svg>
  <svg x='463' y='474'><g transform="translate(0.0,15.0) scale(0.01,-0.01)"><path class="sym-fill" fill="white" d="M200 500 l0 -300 450 0 450 0 0 300 0 300 -450 0 -450 0 0 -300z"/><path class="sym-line" fill="black" d="M0 750 l0 -750 650 0 650 0 0 750 0 750 -650 0 -650 0 0 -750z m1100 -250 l0 -300 -450 0 -450 0 0 300 0 300 450 0 450 0 0 -300z M1500 1400 l0 -100 450 0 450 0 0 -200 0 -200 -250 0 -250 0 0 -100 0 -100 350 0 350 0 0 400 0 400 -550 0 -550 0 0 -100z"/></g></svg>
  <svg x='505' y='453'><g transform="translate(0.198128695057,13.7002011211) scale(0.0097007872376,-0.0096798311579)"><path class="sym-line" fill="black" d="M345 1050 l-350 -350 353 -353 352 -352 0 303 0 302 400 0 400 0 0 100 0 100 -400 0 -400 0 -2 300 -3 300 -350 -350z"/></g></svg>
  <svg x='477' y='453'><g transform="translate(0.149734255248,13.6974450331) scale(0.0097007872376,-0.00964308576999)"><path class="sym-fill" fill="white" d="M900 700 l0 -455 227 228 228 227 -228 227 -227 228 0 -455z"/><path class="sym-line" fill="black" d="M800 1102 l0 -302 -400 0 -400 0 0 -100 0 -100 400 0 400 0 0 -302 0 -303 352 353 353 352 -353 352 -352 353 0 -303z m327 -629 l-227 -228 0 455 0 455 227 -228 228 -227 -228 -227z"/></g></svg>
  <svg x='495' y='462'><g transform="translate(-0.221878406359,10.7500002304) scale(0.0103429235226,-0.00963778430032)"><path class="sym-line" fill="black" d="M430 895 l0 -205 -37 23 c-21 13 -95 61 -165 105 l-128 82 -36 -71 c-19 -40 -32 -75 -27 -79 4 -3 74 -48 156 -99 81 -51 147 -97 147 -101 0 -4 -66 -50 -147 -101 -82 -51 -152 -96 -156 -99 -5 -4 8 -39 27 -79 l36 -71 128 82 c70 44 144 92 165 105 l37 23 0 -205 0 -205 70 0 70 0 0 205 0 205 38 -23 c20 -13 94 -61 164 -105 l128 -82 36 71 c19 40 32 75 27 79 -4 3 -74 48 -155 99 -82 51 -148 97 -148 101 0 4 66 50 148 101 81 51 151 96 155 99 5 4 -8 39 -27 79 l-36 71 -128 -82 c-70 -44 -144 -92 -164 -105 l-38 -23 0 205 0 205 -70 0 -70 0 0 -205z"/></g></svg>
  <svg x='462' y='531'><g transform="translate(0.0,15.0) scale(0.01,-0.01)"><path class="sym-fill" fill="white" d="M200 500 l0 -300 450 0 450 0 0 300 0 300 -450 0 -450 0 0 -300z"/><path class="sym-line" fill="black" d="M0 750 l0 -750 650 0 650 0 0 750 0 750 -650 0 -650 0 0 -750z m1100 -250 l0 -300 -450 0 -450 0 0 300 0 300 450 0 450 0 0 -300z M1500 1400 l0 -100 450 0 450 0 0 -200 0 -200 -250 0 -250 0 0 -100 0 -100 350 0 350 0 0 400 0 400 -550 0 -550 0 0 -100z"/></g></svg>
  <svg x='507' y='514'><g transform="translate(0.139801655781,20.7713525989) scale(0.00979476682987,-0.00982043576136)"><path class="sym-fill" fill="white" d="M670 1350 l0 -550 520 0 520 0 0 550 0 550 -520 0 -520 0 0 -550z"/><path class="sym-line" fill="black" d="M470 1443 l0 -658 -235 -245 c-129 -135 -234 -249 -234 -255 -1 -13 248 -279 264 -283 6 -1 139 132 296 298 l284 300 528 0 527 0 0 750 0 750 -715 0 -715 0 0 -657z m1240 -93 l0 -550 -525 0 -525 0 0 550 0 550 525 0 525 0 0 -550z"/></g></svg>
  <svg x='496' y='529'><g transform="translate(0.149797517876,15.6976811299) scale(0.00989293660622,-0.00968799012796)"><path class="sym-line" fill="black" d="M3400 1252 l0 -352 -1700 0 -1700 0 0 -100 0 -100 1700 0 1700 0 0 -352 0 -353 402 403 403 402 -403 402 -402 403 0 -353z"/></g></svg>
  <svg x='498' y='521'><g transform="translate(0.180786096011,4.75000053092) scale(0.00958087152387,-0.00920312606184)"><path class="sym-line" fill="black" d="M245 488 c-55 -20 -116 -69 -150 -121 -45 -68 -84 -193 -92 -289 l-6 -78 107 0 106 0 0 40 c0 57 36 145 71 175 37 30 91 33 131 7 15 -10 53 -49 85 -87 82 -98 136 -129 231 -134 87 -4 139 9 200 51 86 59 157 215 169 371 l6 77 -107 0 -106 0 0 -40 c0 -57 -36 -145 -71 -175 -37 -30 -91 -33 -131 -7 -15 10 -53 49 -85 87 -32 38 -81 83 -107 100 -44 27 -59 30 -135 32 -47 1 -99 -3 -116 -9z"/></g></svg>
</svg>