<svg version='1.1' xmlns='http://www.w3.org/2000/svg' width='78' height='87' viewBox='479 457 78 87'>
  <text font-size='0'>AS10611S20500S36d00S22f03S10612S10616S20800S2f900M557x544S36d00479x463S20500523x457S10611534x457S22f03516x478S10616485x502S10612503x512S2f900494x539S20800495x526</text>
  <svg x='479' y='463'><g transform="translate(0.0,4.0) scale(0.01,-0.01)"><path class="sym-line" fill="black" d="M0 200 l0 -200 2100 0 2100 0 0 200 0 200 -2100 0 -2100 0 0 -200z"/></g></svg>
  <svg x='523' y='457'><g transform="translate(-0.221878406359,10.7500002304) scale(0.0103429235226,-0.00963778430032)"><path class="sym-line" fill="black" d="M430 895 l0 -205 -37 23 c-21 13 -95 61 -165 105 l-128 82 -36 -71 c-19 -40 -32 -75 -27 -79 4 -3 74 -48 156 -99 81 -51 147 -97 147 -101 0 -4 -66 -50 -147 -101 -82 -51 -152 -96 -156 -99 -5 -4 8 -39 27 -79 l36 -71 128 82 c70 44 144 92 165 105 l37 23 0 -205 0 -205 70 0 70 0 0 205 0 205 38 -23 c20 -13 94 -61 164 -105 l128 -82 36 71 c19 40 32 75 27 79 -4 3 -74 48 -155 99 -82 51 -148 97 -148 101 0 4 66 50 148 101 81 51 151 96 155 99 5 4 -8 39 -27 79 l-36 71 -128 -82 c-70 -44 -144 -92 -164 -105 l-38 -23 0 205 0 205 -70 0 -70 0 0 -205z"/></g></svg>
  <svg x='534' y='457'><g transform="translate(-0.0673271748152,27.9477400548) scale(0.0099255067652,-0.00992832234101)"><path class="sym-fill" fill="white" d="M766 1241 l-200 -200 172 -178 c94 -98 258 -265 364 -370 l193 -193 199 199 199 200 -363 370 c-199 204 -363 371 -364 371 -1 0 -91 -90 -200 -199z"/><path class="sym-line" fill="black" d="M288 2527 l-266 -274 230 -236 c126 -130 235 -237 242 -237 14 0 136 121 136 135 0 5 -74 84 -165 175 l-165 165 130 130 130 130 295 -295 c162 -162 295 -297 295 -300 0 -3 -194 -202 -431 -443 l-431 -437 320 -328 c176 -180 403 -409 504 -510 l184 -182 503 504 c277 278 501 510 500 515 -5 13 -1730 1761 -1739 1761 -3 0 -126 -123 -272 -273z m1044 -1454 l368 -368 -196 -203 c-108 -112 -202 -202 -208 -200 -6 2 -175 168 -375 370 l-363 366 197 201 c109 111 201 201 204 201 3 0 171 -165 373 -367z"/></g></svg>
  <svg x='516' y='478'><g transform="translate(-0.0476542297947,21.0535777763) scale(0.00997414137188,-0.00999947410356)"><path class="sym-fill" fill="white" d="M650 1705 l-245 -245 105 -105 105 -105 245 245 245 245 -105 105 -105 105 -245 -245z M1482 867 l-242 -242 105 -105 105 -105 245 245 245 245 -102 102 c-57 57 -105 103 -108 103 -3 0 -114 -109 -248 -243z"/><path class="sym-line" fill="black" d="M503 1848 l-243 -243 -120 120 -120 120 0 -493 0 -492 415 0 415 0 0 -415 0 -415 492 0 493 0 -120 120 -120 120 245 245 245 245 -73 72 -72 73 -248 -248 -247 -247 -105 105 -105 105 248 248 247 247 -68 68 c-37 37 -72 67 -77 67 -6 0 -118 -108 -250 -240 l-240 -240 -167 167 -168 168 240 240 c132 132 240 245 240 250 0 5 -30 40 -67 77 l-68 68 -247 -247 -248 -248 -105 105 -105 105 247 247 248 248 -70 70 c-38 38 -72 70 -75 70 -3 0 -114 -109 -247 -242z"/></g></svg>
  <svg x='485' y='502'><g transform="translate(0.0,15.0) scale(0.01,-0.01)"><path class="sym-fill" fill="white" d="M200 1000 l0 -300 550 0 550 0 0 300 0 300 -550 0 -550 0 0 -300z"/><path class="sym-line" fill="black" d="M0 750 l0 -750 1300 0 1300 0 0 400 0 400 -350 0 -350 0 0 -100 0 -100 250 0 250 0 0 -200 0 -200 -450 0 -450 0 0 650 0 650 -750 0 -750 0 0 -750z m1300 250 l0 -300 -550 0 -550 0 0 300 0 300 550 0 550 0 0 -300z"/></g></svg>
  <svg x='503' y='512'><g transform="translate(0.0,15.0) scale(0.01,-0.01)"><path class="sym-fill" fill="white" d="M1300 500 l0 -300 550 0 550 0 0 300 0 300 -550 0 -550 0 0 -300z"/><path class="sym-line" fill="black" d="M0 1100 l0 -400 350 0 350 0 0 100 0 100 -250 0 -250 0 0 200 0 200 450 0 450 0 0 -650 0 -650 750 0 750 0 0 750 0 750 -1300 0 -1300 0 0 -400z m2400 -600 l0 -300 -550 0 -550 0 0 300 0 300 550 0 550 0 0 -300z"/></g></svg>
  <svg x='494' y='539'><g transform="translate(0.180786096011,4.75000053092) scale(0.00958087152387,-0.00920312606184)"><path class="sym-line" fill="black" d="M245 488 c-55 -20 -116 -69 -150 -121 -45 -68 -84 -193 -92 -289 l-6 -78 107 0 106 0 0 40 c0 57 36 145 71 175 37 30 91 33 131 7 15 -10 53 -49 85 -87 82 -98 136 -129 231 -134 87 -4 139 9 200 51 86 59 157 215 169 371 l6 77 -107 0 -106 0 0 -40 c0 -57 -36 -145 -71 -175 -37 -30 -91 -33 -131 -7 -15 10 -53 49 -85 87 -32 38 -81 83 -107 100 -44 27 -59 30 -135 32 -47 1 -99 -3 -116 -9z"/></g></svg>
  <svg x='495' y='526'><g transform="translate(0.0,10.0) scale(0.01,-0.01)"><path class="sym-line" fill="black" d="M400 800 l0 -200 -200 0 -200 0 0 -100 0 -100 200 0 200 0 0 -200 0 -200 100 0 100 0 0 200 0 200 200 0 200 0 0 100 0 100 -200 0 -200 0 0 200 0 200 -100 0 -100 0 0 -200z"/></g></svg>
</svg>