<svg version='1.1' xmlns='http://www.w3.org/2000/svg' width='65' height='141' viewBox='467 430 65 141'>
  <text font-size='0'>AS10051S15a18S26501S15a40S15a48S22a04S22a14S2f700M532x571S15a18485x450S10051501x469S22a14484x556S26501468x440S2f700467x430S15a40519x522S15a48484x521S22a04519x556</text>
  <svg x='485' y='450'><g transform="translate(0.0,27.0) scale(0.01,-0.01)"><path class="sym-fill" fill="white" d="M600 1307 l0 -1107 200 0 200 0 0 908 0 907 -200 200 -200 200 0 -1108z"/><path class="sym-line" fill="black" d="M297 2402 l-297 -297 0 -1053 0 -1052 600 0 600 0 0 1053 0 1052 -298 298 c-163 163 -299 297 -302 297 -3 0 -139 -134 -303 -298z m703 -1289 l0 -913 -200 0 -200 0 0 1112 0 1113 200 -200 200 -200 0 -912z"/></g></svg>
  <svg x='501' y='469'><g transform="translate(0.141356881793,20.8577841504) scale(0.00991963449397,-0.00995134096646)"><path class="sym-line" fill="black" d="M61 2016 c-35 -35 -62 -68 -60 -73 2 -5 227 -226 499 -491 l495 -482 70 70 70 70 -75 74 c-298 293 -922 896 -928 896 -4 0 -36 -29 -71 -64z M1620 1339 c-272 -265 -495 -485 -495 -488 0 -10 854 -841 864 -841 12 0 996 958 996 969 0 11 -851 841 -862 841 -4 0 -231 -217 -503 -481z"/></g></svg>
  <svg x='484' y='556'><g transform="translate(0.043463926586,14.7505211307) scale(0.00985915292844,-0.00973472242044)"><path class="sym-fill" fill="white" d="M510 1100 l0 -400 140 0 140 0 0 400 0 400 -140 0 -140 0 0 -400z M277 557 c144 -163 368 -407 373 -407 5 0 229 244 373 407 l39 43 -412 0 -412 0 39 -43z"/><path class="sym-line" fill="black" d="M330 1100 l0 -400 -159 -2 -160 -3 315 -347 c174 -192 319 -348 324 -348 5 0 150 156 324 348 l315 347 -160 3 -159 2 0 400 0 400 -90 0 -90 0 0 -400 0 -400 -140 0 -140 0 0 400 0 400 -90 0 -90 0 0 -400z m714 -522 c-82 -96 -388 -428 -394 -428 -6 0 -312 332 -394 428 l-19 22 413 0 413 0 -19 -22z"/></g></svg>
  <svg x='468' y='440'><g transform="translate(-0.146131080007,12.9974802419) scale(0.00991877655743,-0.00988387903225)"><path class="sym-line" fill="black" d="M30 743 l0 -558 235 235 235 235 315 -315 315 -315 85 85 85 85 -315 315 -315 315 237 237 238 238 -558 0 -557 0 0 -557z"/></g></svg>
  <svg x='467' y='430'><g transform="translate(0.0,7.0) scale(0.01,-0.01)"><path class="sym-line" fill="black" d="M463 432 l-463 -267 0 -82 0 -83 600 0 600 0 0 100 0 100 -355 2 -355 3 355 205 355 204 0 43 0 43 -137 0 -138 -1 -462 -267z"/></g></svg>
  <svg x='519' y='522'><g transform="translate(0.0,27.0) scale(0.01,-0.01)"><path class="sym-fill" fill="white" d="M398 2213 l-198 -198 0 -158 0 -157 -100 0 -100 0 0 -150 0 -150 100 0 100 0 0 -600 0 -600 200 0 200 0 0 600 0 600 300 0 300 0 0 150 0 150 -300 0 -300 0 -2 355 -3 355 -197 -197z"/><path class="sym-line" fill="black" d="M297 2402 l-297 -297 0 -203 0 -202 100 0 100 0 0 163 0 162 200 200 200 200 0 -363 0 -362 300 0 300 0 0 203 0 202 -298 298 c-163 163 -299 297 -302 297 -3 0 -139 -134 -303 -298z M0 700 l0 -700 600 0 600 0 0 700 0 700 -300 0 -300 0 0 -600 0 -600 -200 0 -200 0 0 600 0 600 -100 0 -100 0 0 -700z"/></g></svg>
  <svg x='484' y='521'><g transform="translate(0.0,27.0) scale(0.01,-0.01)"><path class="sym-fill" fill="white" d="M600 2057 l0 -357 -300 0 -300 0 0 -150 0 -150 300 0 300 0 0 -600 0 -600 200 0 200 0 0 600 0 600 100 0 100 0 0 150 0 150 -100 0 -100 0 0 158 0 157 -200 200 -200 200 0 -358z"/><path class="sym-line" fill="black" d="M297 2402 l-297 -297 0 -203 0 -202 300 0 300 0 0 362 0 363 200 -200 200 -200 0 -162 0 -163 100 0 100 0 0 203 0 202 -298 298 c-163 163 -299 297 -302 297 -3 0 -139 -134 -303 -298z M0 700 l0 -700 600 0 600 0 0 700 0 700 -100 0 -100 0 0 -600 0 -600 -200 0 -200 0 0 600 0 600 -300 0 -300 0 0 -700z"/></g></svg>
  <svg x='519' y='556'><g transform="translate(0.043463926586,14.7505211307) scale(0.00985915292844,-0.00973472242044)"><path class="sym-fill" fill="white" d="M510 1100 l0 -400 140 0 140 0 0 400 0 400 -140 0 -140 0 0 -400z"/><path class="sym-line" fill="black" d="M330 1100 l0 -400 -159 -2 -160 -3 315 -347 c174 -192 319 -348 324 -348 5 0 150 156 324 348 l315 347 -160 3 -159 2 0 400 0 400 -90 0 -90 0 0 -400 0 -400 -140 0 -140 0 0 400 0 400 -90 0 -90 0 0 -400z"/></g></svg>
</svg>