<svg version='1.1' xmlns='http://www.w3.org/2000/svg' width='96' height='106' viewBox='452 447 96 106'>
  <text font-size='0'>AS10013S10019S20500S26507S26513S2f900S2f900S2fb01M548x553S10013500x473S10019472x499S20500499x501S2fb01484x482S26507532x457S26513454x529S2f900537x447S2f900452x548</text>
  <svg x='500' y='473'><g transform="translate(0.161430915751,20.8244951336) scale(0.00990289401619,-0.00989091216993)"><path class="sym-fill" fill="white" d="M1963 1146 l-362 -351 102 -103 c56 -57 145 -144 198 -193 l97 -89 362 352 361 351 -103 104 c-57 58 -146 144 -198 192 l-95 89 -362 -352z"/><path class="sym-line" fill="black" d="M1169 1289 c-453 -441 -902 -878 -997 -972 l-173 -171 70 -69 69 -70 498 486 498 485 371 -361 c203 -198 397 -387 431 -419 l60 -59 495 481 c272 264 495 486 497 493 2 10 -766 767 -938 924 l-58 53 -823 -801z m1355 25 c105 -103 191 -192 191 -199 0 -11 -698 -696 -716 -703 -8 -3 -390 360 -397 378 -3 7 716 710 725 710 3 0 91 -84 197 -186z"/></g></svg>
  <svg x='472' y='499'><g transform="translate(0.0510391045243,29.9008597381) scale(0.00989444017531,-0.00992010945328)"><path class="sym-fill" fill="white" d="M1204 1296 c-54 -58 -213 -222 -351 -365 l-253 -259 193 -197 192 -198 353 363 352 362 -89 97 c-49 53 -136 142 -193 199 l-104 103 -100 -105z"/><path class="sym-line" fill="black" d="M1080 2109 c-476 -489 -911 -938 -968 -998 l-102 -108 480 -494 c264 -272 487 -494 495 -494 8 0 231 222 495 494 l481 495 -59 60 c-32 34 -221 228 -419 431 l-361 371 485 498 485 498 -68 69 c-38 38 -71 69 -74 68 -3 0 -394 -401 -870 -890z m424 -906 c103 -106 186 -197 184 -202 -7 -18 -692 -716 -703 -716 -7 0 -97 87 -200 193 l-187 192 48 53 c126 136 659 677 664 675 4 -2 91 -90 194 -195z"/></g></svg>
  <svg x='499' y='501'><g transform="translate(-0.221878406359,10.7500002304) scale(0.0103429235226,-0.00963778430032)"><path class="sym-line" fill="black" d="M430 895 l0 -205 -37 23 c-21 13 -95 61 -165 105 l-128 82 -36 -71 c-19 -40 -32 -75 -27 -79 4 -3 74 -48 156 -99 81 -51 147 -97 147 -101 0 -4 -66 -50 -147 -101 -82 -51 -152 -96 -156 -99 -5 -4 8 -39 27 -79 l36 -71 128 82 c70 44 144 92 165 105 l37 23 0 -205 0 -205 70 0 70 0 0 205 0 205 38 -23 c20 -13 94 -61 164 -105 l128 -82 36 71 c19 40 32 75 27 79 -4 3 -74 48 -155 99 -82 51 -148 97 -148 101 0 4 66 50 148 101 81 51 151 96 155 99 5 4 -8 39 -27 79 l-36 71 -128 -82 c-70 -44 -144 -92 -164 -105 l-38 -23 0 205 0 205 -70 0 -70 0 0 -205z"/></g></svg>
  <svg x='484' y='482'><g transform="translate(0.0919447369926,11.7272467828) scale(0.00979617329555,-0.00974613583378)"><path class="sym-line" fill="black" d="M605 1175 c-278 -61 -496 -269 -577 -551 -18 -64 -23 -103 -22 -204 0 -144 20 -234 80 -352 l36 -71 45 45 45 45 -28 79 c-33 96 -44 250 -23 347 45 216 187 390 391 480 153 68 355 70 507 5 l44 -19 44 43 c24 23 43 45 43 49 0 6 -101 57 -155 77 -110 42 -307 54 -430 27z"/></g></svg>
  <svg x='532' y='457'><g transform="translate(-0.0990227783968,12.7676076804) scale(0.00988294432064,-0.00992219549537)"><path class="sym-line" fill="black" d="M420 1035 l235 -235 -315 -315 -315 -315 85 -85 85 -85 315 315 315 315 237 -237 238 -238 0 558 0 557 -557 0 -558 0 235 -235z"/></g></svg>
  <svg x='454' y='529'><g transform="translate(0.149997363587,13.047291644) scale(0.00988294432064,-0.00992219549537)"><path class="sym-fill" fill="white" d="M120 505 l0 -355 357 0 358 0 -355 355 c-195 195 -356 355 -357 355 -2 0 -3 -160 -3 -355z"/><path class="sym-line" fill="black" d="M790 985 l-315 -315 -237 237 -238 238 0 -558 0 -557 557 0 558 0 -235 235 -235 235 315 315 315 315 -85 85 -85 85 -315 -315z m-305 -485 l360 -360 -363 0 -362 0 0 360 c0 198 1 360 3 360 1 0 164 -162 362 -360z"/></g></svg>
  <svg x='537' y='447'><g transform="translate(0.180786096011,4.75000053092) scale(0.00958087152387,-0.00920312606184)"><path class="sym-line" fill="black" d="M245 488 c-55 -20 -116 -69 -150 -121 -45 -68 -84 -193 -92 -289 l-6 -78 107 0 106 0 0 40 c0 57 36 145 71 175 37 30 91 33 131 7 15 -10 53 -49 85 -87 82 -98 136 -129 231 -134 87 -4 139 9 200 51 86 59 157 215 169 371 l6 77 -107 0 -106 0 0 -40 c0 -57 -36 -145 -71 -175 -37 -30 -91 -33 -131 -7 -15 10 -53 49 -85 87 -32 38 -81 83 -107 100 -44 27 -59 30 -135 32 -47 1 -99 -3 -116 -9z"/></g></svg>
  <svg x='452' y='548'><g transform="translate(0.180786096011,4.75000053092) scale(0.00958087152387,-0.00920312606184)"><path class="sym-line" fill="black" d="M245 488 c-55 -20 -116 -69 -150 -121 -45 -68 -84 -193 -92 -289 l-6 -78 107 0 106 0 0 40 c0 57 36 145 71 175 37 30 91 33 131 7 15 -10 53 -49 85 -87 82 -98 136 -129 231 -134 87 -4 139 9 200 51 86 59 157 215 169 371 l6 77 -107 0 -106 0 0 -40 c0 -57 -36 -145 -71 -175 -37 -30 -91 -33 -131 -7 -15 10 -53 49 -85 87 -32 38 -81 83 -107 100 -44 27 -59 30 -135 32 -47 1 -99 -3 -116 -9z"/></g></svg>
</svg>