<svg version='1.1' xmlns='http://www.w3.org/2000/svg' width='85' height='68' viewBox='455 450 85 68'>
  <text font-size='0'>AS10a00S10a08S26504S26514S21c00S21e00M540x518S2ff00482x483S10a00521x480S10a08462x480S21c00455x470S26504521x450S26514463x451S21e00518x470S21e00463x470S21c00534x470</text>
  <svg x='482' y='483'><g transform="translate(0.149874875465,34.7500790925) scale(0.00988906872676,-0.00988956850125)"><path class="sym-line" fill="black" d="M1528 3484 c-592 -92 -1088 -447 -1348 -963 -125 -249 -180 -485 -180 -771 0 -480 183 -911 529 -1242 350 -336 780 -508 1271 -508 451 0 864 150 1193 434 326 281 517 620 591 1051 21 121 21 409 0 530 -43 252 -114 444 -237 639 -282 453 -741 750 -1284 831 -127 19 -413 18 -535 -1z m607 -173 c583 -126 1038 -523 1224 -1069 59 -173 75 -277 75 -492 0 -165 -3 -211 -22 -300 -71 -327 -228 -611 -458 -829 -186 -177 -381 -295 -614 -374 -176 -60 -282 -78 -490 -84 -247 -7 -416 19 -628 97 -549 201 -944 674 -1043 1250 -17 97 -17 383 0 480 99 576 495 1050 1043 1250 105 38 177 58 303 81 143 26 467 21 610 -10z"/></g></svg>
  <svg x='521' y='480'><g transform="translate(0.149086073535,25.7501839683) scale(0.00973319632325,-0.0098422472507)"><path class="sym-fill" fill="white" d="M200 750 l0 -550 550 0 550 0 0 550 0 550 -550 0 -550 0 0 -550z"/><path class="sym-line" fill="black" d="M200 2501 l0 -100 473 -3 c514 -3 499 -2 565 -62 57 -51 57 -50 60 -458 l3 -378 -650 0 -651 0 0 -750 0 -750 750 0 750 0 0 1134 c0 1083 -1 1137 -19 1195 -37 121 -96 191 -201 240 l-55 26 -512 3 -513 3 0 -100z m1100 -1751 l0 -550 -550 0 -550 0 0 550 0 550 550 0 550 0 0 -550z"/></g></svg>
  <svg x='462' y='480'><g transform="translate(0.0,26.0) scale(0.01,-0.01)"><path class="sym-fill" fill="white" d="M200 750 l0 -550 550 0 550 0 0 550 0 550 -550 0 -550 0 0 -550z"/><path class="sym-line" fill="black" d="M259 2584 c-103 -31 -186 -111 -231 -221 l-23 -58 -3 -1152 -2 -1153 750 0 750 0 0 750 0 750 -651 0 -650 0 3 378 c3 408 3 407 60 458 66 60 51 59 566 62 l472 3 0 100 0 99 -497 -1 c-401 0 -507 -3 -544 -15z m1041 -1834 l0 -550 -550 0 -550 0 0 550 0 550 550 0 550 0 0 -550z"/></g></svg>
  <svg x='455' y='470'><g transform="translate(0.0,6.0) scale(0.01,-0.01)"><path class="sym-fill" fill="white" d="M209 472 c-43 -22 -59 -38 -81 -81 -36 -68 -36 -114 0 -182 22 -43 38 -59 81 -81 68 -36 114 -36 182 0 43 22 59 38 81 81 36 68 36 114 0 182 -22 43 -38 59 -81 81 -31 16 -69 28 -91 28 -22 0 -60 -12 -91 -28z"/><path class="sym-line" fill="black" d="M174 576 c-112 -52 -174 -151 -174 -276 0 -176 124 -300 300 -300 176 0 300 124 300 300 0 176 -124 300 -300 300 -58 0 -87 -6 -126 -24z m204 -91 c104 -44 151 -167 103 -270 -71 -153 -291 -153 -362 0 -33 72 -19 166 34 224 52 56 151 76 225 46z"/></g></svg>
  <svg x='521' y='450'><g transform="translate(0.199517282911,14.7025292494) scale(0.00964541675618,-0.00970272783292)"><path class="sym-line" fill="black" d="M600 1100 l0 -400 -302 0 -303 0 353 -352 352 -353 352 353 353 352 -303 0 -302 0 0 400 0 400 -100 0 -100 0 0 -400z"/></g></svg>
  <svg x='463' y='451'><g transform="translate(0.199517282911,14.7025292494) scale(0.00964541675618,-0.00970272783292)"><path class="sym-fill" fill="white" d="M473 373 l227 -228 227 228 228 227 -455 0 -455 0 228 -227z"/><path class="sym-line" fill="black" d="M600 1100 l0 -400 -302 0 -303 0 353 -352 352 -353 352 353 353 352 -303 0 -302 0 0 400 0 400 -100 0 -100 0 0 -400z m327 -727 l-227 -228 -227 228 -228 227 455 0 455 0 -228 -227z"/></g></svg>
  <svg x='518' y='470'><g transform="translate(0.149512995476,5.7484375) scale(0.0097118502262,-0.00933333333333)"><path class="sym-fill" fill="white" d="M209 472 c-43 -22 -59 -38 -81 -81 -36 -68 -36 -114 0 -182 22 -43 38 -59 81 -81 68 -36 114 -36 182 0 43 22 59 38 81 81 36 68 36 114 0 182 -22 43 -38 59 -81 81 -31 16 -69 28 -91 28 -22 0 -60 -12 -91 -28z M1009 472 c-43 -22 -59 -38 -81 -81 -36 -68 -36 -114 0 -182 22 -43 38 -59 81 -81 31 -16 69 -28 91 -28 22 0 60 12 91 28 43 22 59 38 81 81 36 68 36 114 0 182 -22 43 -38 59 -81 81 -31 16 -69 28 -91 28 -22 0 -60 -12 -91 -28z"/><path class="sym-line" fill="black" d="M174 576 c-112 -52 -174 -151 -174 -276 0 -176 124 -300 300 -300 176 0 300 124 300 300 0 176 -124 300 -300 300 -58 0 -87 -6 -126 -24z m204 -91 c104 -44 151 -167 103 -270 -71 -153 -291 -153 -362 0 -33 72 -19 166 34 224 52 56 151 76 225 46z M974 576 c-112 -52 -174 -151 -174 -276 0 -176 124 -300 300 -300 125 0 224 62 276 174 33 72 33 180 0 252 -52 112 -151 174 -276 174 -58 0 -87 -6 -126 -24z m204 -91 c49 -21 81 -52 103 -100 48 -103 1 -226 -103 -270 -70 -29 -161 -13 -217 38 -76 70 -80 208 -8 286 52 56 151 76 225 46z"/></g></svg>
  <svg x='463' y='470'><g transform="translate(0.149512995476,5.7484375) scale(0.0097118502262,-0.00933333333333)"><path class="sym-fill" fill="white" d="M209 472 c-43 -22 -59 -38 -81 -81 -36 -68 -36 -114 0 -182 22 -43 38 -59 81 -81 68 -36 114 -36 182 0 43 22 59 38 81 81 36 68 36 114 0 182 -22 43 -38 59 -81 81 -31 16 -69 28 -91 28 -22 0 -60 -12 -91 -28z M1009 472 c-43 -22 -59 -38 -81 -81 -36 -68 -36 -114 0 -182 22 -43 38 -59 81 -81 31 -16 69 -28 91 -28 22 0 60 12 91 28 43 22 59 38 81 81 36 68 36 114 0 182 -22 43 -38 59 -81 81 -31 16 -69 28 -91 28 -22 0 -60 -12 -91 -28z"/><path class="sym-line" fill="black" d="M174 576 c-112 -52 -174 -151 -174 -276 0 -176 124 -300 300 -300 176 0 300 124 300 300 0 176 -124 300 -300 300 -58 0 -87 -6 -126 -24z m204 -91 c104 -44 151 -167 103 -270 -71 -153 -291 -153 -362 0 -33 72 -19 166 34 224 52 56 151 76 225 46z M974 576 c-112 -52 -174 -151 -174 -276 0 -176 124 -300 300 -300 125 0 224 62 276 174 33 72 33 180 0 252 -52 112 -151 174 -276 174 -58 0 -87 -6 -126 -24z m204 -91 c49 -21 81 -52 103 -100 48 -103 1 -226 -103 -270 -70 -29 -161 -13 -217 38 -76 70 -80 208 -8 286 52 56 151 76 225 46z"/></g></svg>
  <svg x='534' y='470'><g transform="translate(0.0,6.0) scale(0.01,-0.01)"><path class="sym-fill" fill="white" d="M209 472 c-43 -22 -59 -38 -81 -81 -36 -68 -36 -114 0 -182 22 -43 38 -59 81 -81 68 -36 114 -36 182 0 43 22 59 38 81 81 36 68 36 114 0 182 -22 43 -38 59 -81 81 -31 16 -69 28 -91 28 -22 0 -60 -12 -91 -28z"/><path class="sym-line" fill="black" d="M174 576 c-112 -52 -174 -151 -174 -276 0 -176 124 -300 300 -300 176 0 300 124 300 300 0 176 -124 300 -300 300 -58 0 -87 -6 -126 -24z m204 -91 c104 -44 151 -167 103 -270 -71 -153 -291 -153 -362 0 -33 72 -19 166 34 224 52 56 151 76 225 46z"/></g></svg>
</svg>