<svg version='1.1' xmlns='http://www.w3.org/2000/svg' width='57' height='122' viewBox='471 439 57 122'>
  <text font-size='0'>AS10e00S28138S15a5aS21404S15a40S15a48S22a04S22a14M528x561S15a40515x514S15a48498x514S22a04515x546S22a14500x545S15a5a471x439S10e00474x488S28138474x461S21404476x453</text>
  <svg x='515' y='514'><g transform="translate(0.0,27.0) scale(0.01,-0.01)"><path class="sym-fill" fill="white" d="M398 2213 l-198 -198 0 -158 0 -157 -100 0 -100 0 0 -150 0 -150 100 0 100 0 0 -600 0 -600 200 0 200 0 0 600 0 600 300 0 300 0 0 150 0 150 -300 0 -300 0 -2 355 -3 355 -197 -197z"/><path class="sym-line" fill="black" d="M297 2402 l-297 -297 0 -203 0 -202 100 0 100 0 0 163 0 162 200 200 200 200 0 -363 0 -362 300 0 300 0 0 203 0 202 -298 298 c-163 163 -299 297 -302 297 -3 0 -139 -134 -303 -298z M0 700 l0 -700 600 0 600 0 0 700 0 700 -300 0 -300 0 0 -600 0 -600 -200 0 -200 0 0 600 0 600 -100 0 -100 0 0 -700z"/></g></svg>
  <svg x='498' y='514'><g transform="translate(0.0,27.0) scale(0.01,-0.01)"><path class="sym-fill" fill="white" d="M600 2057 l0 -357 -300 0 -300 0 0 -150 0 -150 300 0 300 0 0 -600 0 -600 200 0 200 0 0 600 0 600 100 0 100 0 0 150 0 150 -100 0 -100 0 0 158 0 157 -200 200 -200 200 0 -358z"/><path class="sym-line" fill="black" d="M297 2402 l-297 -297 0 -203 0 -202 300 0 300 0 0 362 0 363 200 -200 200 -200 0 -162 0 -163 100 0 100 0 0 203 0 202 -298 298 c-163 163 -299 297 -302 297 -3 0 -139 -134 -303 -298z M0 700 l0 -700 600 0 600 0 0 700 0 700 -100 0 -100 0 0 -600 0 -600 -200 0 -200 0 0 600 0 600 -300 0 -300 0 0 -700z"/></g></svg>
  <svg x='515' y='546'><g transform="translate(0.043463926586,14.7505211307) scale(0.00985915292844,-0.00973472242044)"><path class="sym-fill" fill="white" d="M510 1100 l0 -400 140 0 140 0 0 400 0 400 -140 0 -140 0 0 -400z"/><path class="sym-line" fill="black" d="M330 1100 l0 -400 -159 -2 -160 -3 315 -347 c174 -192 319 -348 324 -348 5 0 150 156 324 348 l315 347 -160 3 -159 2 0 400 0 400 -90 0 -90 0 0 -400 0 -400 -140 0 -140 0 0 400 0 400 -90 0 -90 0 0 -400z"/></g></svg>
  <svg x='500' y='545'><g transform="translate(0.043463926586,14.7505211307) scale(0.00985915292844,-0.00973472242044)"><path class="sym-fill" fill="white" d="M510 1100 l0 -400 140 0 140 0 0 400 0 400 -140 0 -140 0 0 -400z M277 557 c144 -163 368 -407 373 -407 5 0 229 244 373 407 l39 43 -412 0 -412 0 39 -43z"/><path class="sym-line" fill="black" d="M330 1100 l0 -400 -159 -2 -160 -3 315 -347 c174 -192 319 -348 324 -348 5 0 150 156 324 348 l315 347 -160 3 -159 2 0 400 0 400 -90 0 -90 0 0 -400 0 -400 -140 0 -140 0 0 400 0 400 -90 0 -90 0 0 -400z m714 -522 c-82 -96 -388 -428 -394 -428 -6 0 -312 332 -394 428 l-19 22 413 0 413 0 -19 -22z"/></g></svg>
  <svg x='471' y='439'><g transform="translate(0.150976194493,11.7516936221) scale(0.00983400277537,-0.00966938010173)"><path class="sym-fill" fill="white" d="M1400 600 l0 -600 150 0 150 0 0 600 0 600 -150 0 -150 0 0 -600z"/><path class="sym-line" fill="black" d="M0 600 l0 -600 700 0 700 0 0 600 0 600 -700 0 -700 0 0 -600z M1700 600 l0 -600 203 0 202 0 300 300 300 300 -300 300 -300 300 -202 0 -203 0 0 -600z"/></g></svg>
  <svg x='474' y='488'><g transform="translate(0.0,30.0) scale(0.01,-0.01)"><path class="sym-fill" fill="white" d="M200 750 l0 -550 550 0 550 0 0 550 0 550 -550 0 -550 0 0 -550z"/><path class="sym-line" fill="black" d="M1300 2253 l0 -748 -529 529 -529 529 -76 -69 c-42 -38 -76 -71 -76 -74 0 -3 206 -211 457 -462 l458 -458 -503 0 -502 0 0 -750 0 -750 750 0 750 0 0 1500 0 1500 -100 0 -100 0 0 -747z m0 -1503 l0 -550 -550 0 -550 0 0 550 0 550 550 0 550 0 0 -550z"/></g></svg>
  <svg x='474' y='461'><g transform="translate(-0.231419020079,28.7483836208) scale(0.00999055258945,-0.00986205038648)"><path class="sym-line" fill="black" d="M611 2563 l-331 -338 285 -3 285 -2 0 -550 c0 -517 -1 -550 -17 -550 -50 1 -237 32 -303 50 -127 36 -212 84 -318 182 -53 48 -99 88 -103 88 -4 0 -21 -16 -39 -36 l-32 -37 89 -90 c207 -210 420 -323 666 -352 l57 -7 0 -459 0 -459 100 0 100 0 2 462 3 463 50 8 c179 29 380 126 506 244 l50 47 170 -170 169 -169 0 383 0 382 -376 0 -376 0 166 -174 167 -174 -33 -25 c-100 -75 -238 -119 -475 -151 l-23 -3 0 548 0 549 286 0 c172 0 284 4 282 9 -5 15 -659 671 -668 671 -5 0 -157 -152 -339 -337z"/></g></svg>
  <svg x='476' y='453'><g transform="translate(0.149086073535,4.73914113996) scale(0.00973319632325,-0.00918140727991)"><path class="sym-fill" fill="white" d="M404 358 c16 -99 85 -190 175 -232 39 -18 64 -21 171 -21 107 0 132 3 171 21 90 42 159 133 175 232 l7 42 -353 0 -353 0 7 -42z"/><path class="sym-line" fill="black" d="M0 450 l0 -50 150 0 150 0 0 -38 c0 -141 121 -294 274 -345 69 -24 283 -24 352 0 153 51 274 204 274 345 l0 38 150 0 150 0 0 50 0 50 -750 0 -750 0 0 -50z m1097 -95 c-13 -92 -74 -177 -162 -223 -47 -25 -58 -27 -185 -27 -127 0 -138 2 -185 27 -88 46 -149 131 -162 223 l-6 45 353 0 353 0 -6 -45z"/></g></svg>
</svg>