<svg version='1.1' xmlns='http://www.w3.org/2000/svg' width='41' height='132' viewBox='482 477 41 132'>
  <text font-size='0'>AS10000S10008S2ea04S2ea48S2fd04S10600S10608S30300S30a00M523x609S10600508x578S10608482x583S2fd04493x570S10008482x515S2ea04508x542S2ea48482x547S10000506x509S30300482x477S30a00482x488</text>
  <svg x='508' y='578'><g transform="translate(0.0,26.0) scale(0.01,-0.01)"><path class="sym-fill" fill="white" d="M200 750 l0 -550 550 0 550 0 0 550 0 550 -550 0 -550 0 0 -550z"/><path class="sym-line" fill="black" d="M700 2250 l0 -350 100 0 100 0 0 250 0 250 200 0 200 0 0 -450 0 -450 -650 0 -650 0 0 -750 0 -750 750 0 750 0 0 1300 0 1300 -400 0 -400 0 0 -350z m600 -1500 l0 -550 -550 0 -550 0 0 550 0 550 550 0 550 0 0 -550z"/></g></svg>
  <svg x='482' y='583'><g transform="translate(0.0,26.0) scale(0.01,-0.01)"><path class="sym-fill" fill="white" d="M200 750 l0 -550 550 0 550 0 0 550 0 550 -550 0 -550 0 0 -550z"/><path class="sym-line" fill="black" d="M0 1300 l0 -1300 750 0 750 0 0 750 0 750 -650 0 -650 0 0 450 0 450 200 0 200 0 0 -250 0 -250 100 0 100 0 0 350 0 350 -400 0 -400 0 0 -1300z m1300 -550 l0 -550 -550 0 -550 0 0 550 0 550 550 0 550 0 0 -550z"/></g></svg>
  <svg x='493' y='570'><g transform="translate(0.179499103211,5.7484375) scale(0.00980544418547,-0.00933333333333)"><path class="sym-line" fill="black" d="M4 569 c22 -111 99 -242 206 -349 151 -151 320 -220 539 -220 137 0 216 17 324 67 l77 36 78 -36 c107 -50 186 -67 323 -67 219 0 388 69 539 220 107 107 184 238 206 349 l6 31 -60 0 -61 0 -42 -82 c-54 -104 -163 -218 -264 -274 -151 -84 -336 -107 -495 -63 -40 11 -77 22 -82 25 -4 3 11 27 34 55 76 88 147 221 165 311 l6 28 -61 0 -61 0 -43 -82 c-46 -88 -158 -218 -188 -218 -30 0 -142 130 -188 218 l-43 82 -61 0 -60 0 5 -28 c18 -90 89 -223 165 -311 23 -28 38 -52 34 -55 -5 -3 -42 -14 -82 -25 -159 -44 -344 -21 -495 63 -101 56 -210 170 -264 274 l-42 82 -61 0 -61 0 7 -31z"/></g></svg>
  <svg x='482' y='515'><g transform="translate(0.0,30.0) scale(0.01,-0.01)"><path class="sym-fill" fill="white" d="M200 750 l0 -550 550 0 550 0 0 550 0 550 -550 0 -550 0 0 -550z"/><path class="sym-line" fill="black" d="M0 1500 l0 -1500 750 0 750 0 0 750 0 750 -650 0 -650 0 0 750 0 750 -100 0 -100 0 0 -1500z m1300 -750 l0 -550 -550 0 -550 0 0 550 0 550 550 0 550 0 0 -550z"/></g></svg>
  <svg x='508' y='542'><g transform="translate(0.149734255248,24.7501251158) scale(0.0097007872376,-0.00984067504631)"><path class="sym-line" fill="black" d="M345 2481 c-157 -72 -271 -271 -325 -565 -18 -101 -20 -153 -20 -666 0 -513 2 -565 20 -666 54 -294 168 -493 325 -565 34 -16 66 -19 206 -19 158 0 167 1 217 26 73 36 164 139 212 239 38 79 80 196 80 222 0 10 -39 13 -198 13 l-197 0 -23 -92 c-27 -111 -77 -221 -122 -265 -66 -67 -143 -33 -202 89 -92 189 -118 411 -118 1018 0 607 26 829 118 1018 115 236 269 121 342 -255 11 -57 20 -106 20 -109 0 -2 90 -4 200 -4 153 0 200 3 200 13 0 31 -43 186 -70 252 -58 147 -159 273 -253 315 -36 17 -66 20 -207 20 -139 0 -171 -3 -205 -19z M595 1500 l300 -300 -300 0 -300 0 303 -302 302 -303 302 303 303 302 -300 0 -300 0 300 300 300 300 -605 0 -605 0 300 -300z"/></g></svg>
  <svg x='482' y='547'><g transform="translate(0.165343472914,24.7501251158) scale(0.00972320125617,-0.00984067504631)"><path class="sym-fill" fill="white" d="M838 1552 l-136 -147 145 -3 c79 -1 207 -1 283 0 l138 3 -136 147 c-76 80 -141 146 -147 146 -5 0 -71 -66 -147 -146z M838 952 l-136 -147 145 -3 c79 -1 207 -1 283 0 l138 3 -136 147 c-76 80 -141 146 -147 146 -5 0 -71 -66 -147 -146z"/><path class="sym-line" fill="black" d="M324 2481 c-146 -66 -261 -282 -309 -581 -22 -139 -22 -1161 0 -1300 48 -299 163 -515 309 -581 34 -16 66 -19 196 -19 153 0 156 0 206 30 123 70 221 245 274 488 l18 82 -99 0 -99 0 0 -26 c0 -50 -41 -228 -71 -304 -37 -96 -92 -160 -137 -160 -96 0 -182 196 -217 495 -22 186 -22 1104 0 1290 35 299 121 495 217 495 69 0 144 -130 183 -315 9 -44 18 -90 21 -102 4 -22 9 -23 94 -23 82 0 90 2 90 19 0 41 -53 201 -95 286 -54 108 -110 176 -179 215 -50 30 -53 30 -206 30 -130 0 -162 -3 -196 -19z M717 1575 l-257 -275 520 0 c286 0 520 2 520 5 0 11 -501 540 -513 542 -7 2 -128 -121 -270 -272z m484 -97 l71 -78 -287 0 -288 0 44 48 c24 26 88 96 144 155 l100 108 73 -78 c39 -43 104 -113 143 -155z M717 975 l-257 -275 520 0 c286 0 520 2 520 5 0 11 -501 540 -513 542 -7 2 -128 -121 -270 -272z m484 -97 l71 -78 -287 0 -288 0 44 48 c24 26 88 96 144 155 l100 108 73 -78 c39 -43 104 -113 143 -155z"/></g></svg>
  <svg x='506' y='509'><g transform="translate(0.0,30.0) scale(0.01,-0.01)"><path class="sym-fill" fill="white" d="M200 750 l0 -550 550 0 550 0 0 550 0 550 -550 0 -550 0 0 -550z"/><path class="sym-line" fill="black" d="M1300 2250 l0 -750 -650 0 -650 0 0 -750 0 -750 750 0 750 0 0 1500 0 1500 -100 0 -100 0 0 -750z m0 -1500 l0 -550 -550 0 -550 0 0 550 0 550 550 0 550 0 0 -550z"/></g></svg>
  <svg x='482' y='477'><g transform="translate(0.149874875465,45.7517550371) scale(0.00988906872676,-0.0099180454032)"><path class="sym-line" fill="black" d="M1539 4355 c-140 -136 -255 -250 -257 -254 -1 -4 16 -24 37 -45 l40 -39 217 212 c120 116 221 211 225 211 4 0 105 -95 224 -212 l217 -211 41 41 42 42 -254 248 c-140 136 -260 248 -266 250 -7 2 -127 -108 -266 -243z M1740 3900 l0 -300 60 0 60 0 0 300 0 300 -60 0 -60 0 0 -300z M1528 3484 c-592 -92 -1088 -447 -1348 -963 -125 -249 -180 -485 -180 -771 0 -480 183 -911 529 -1242 350 -336 780 -508 1271 -508 451 0 864 150 1193 434 326 281 517 620 591 1051 21 121 21 409 0 530 -43 252 -114 444 -237 639 -282 453 -741 750 -1284 831 -127 19 -413 18 -535 -1z m607 -173 c583 -126 1038 -523 1224 -1069 59 -173 75 -277 75 -492 0 -165 -3 -211 -22 -300 -71 -327 -228 -611 -458 -829 -186 -177 -381 -295 -614 -374 -176 -60 -282 -78 -490 -84 -247 -7 -416 19 -628 97 -549 201 -944 674 -1043 1250 -17 97 -17 383 0 480 99 576 495 1050 1043 1250 105 38 177 58 303 81 143 26 467 21 610 -10z"/></g></svg>
  <svg x='482' y='488'><g transform="translate(0.149874875465,34.7500790925) scale(0.00988906872676,-0.00988956850125)"><path class="sym-line" fill="black" d="M1528 3484 c-592 -92 -1088 -447 -1348 -963 -125 -249 -180 -485 -180 -771 0 -480 183 -911 529 -1242 350 -336 780 -508 1271 -508 451 0 864 150 1193 434 326 281 517 620 591 1051 21 121 21 409 0 530 -43 252 -114 444 -237 639 -282 453 -741 750 -1284 831 -127 19 -413 18 -535 -1z m607 -173 c583 -126 1038 -523 1224 -1069 59 -173 75 -277 75 -492 0 -165 -3 -211 -22 -300 -71 -327 -228 -611 -458 -829 -186 -177 -381 -295 -614 -374 -176 -60 -282 -78 -490 -84 -247 -7 -416 19 -628 97 -549 201 -944 674 -1043 1250 -17 97 -17 383 0 480 99 576 495 1050 1043 1250 105 38 177 58 303 81 143 26 467 21 610 -10z M1170 2747 c-85 -84 -247 -242 -359 -351 l-204 -199 42 -40 43 -39 141 139 c78 76 242 236 364 354 l222 216 -37 36 c-21 21 -42 37 -47 37 -6 0 -80 -69 -165 -153z M2222 2867 c-18 -18 -32 -36 -32 -39 0 -4 89 -94 198 -200 108 -106 270 -265 360 -353 l162 -159 42 41 42 42 -235 228 c-129 125 -290 283 -359 350 -69 68 -130 123 -136 123 -6 0 -24 -15 -42 -33z M1211 2330 c-198 -194 -361 -355 -361 -359 0 -13 68 -73 79 -70 13 5 721 690 721 699 0 3 -17 23 -39 44 l-38 37 -362 -351z M1987 2642 c-20 -21 -37 -40 -37 -43 0 -7 710 -693 722 -698 12 -4 78 59 77 73 -1 10 -703 698 -718 704 -4 1 -23 -15 -44 -36z"/></g></svg>
</svg>