<svg version='1.1' xmlns='http://www.w3.org/2000/svg' width='108' height='88' viewBox='446 456 108 88'>
  <text font-size='0'>AS10020S10028S26501S26511S2f700S26500S26510S2f700S26507S26517S2f700S2d628M554x544S10020502x508S10028482x514S2d628488x491S26500501x466S26510486x466S26507536x492S26517525x480S26501463x481S26511453x492S2f700496x456S2f700542x479S2f700446x480</text>
  <svg x='502' y='508'><g transform="translate(0.0,30.0) scale(0.01,-0.01)"><path class="sym-line" fill="black" d="M0 1500 l0 -1500 750 0 750 0 0 750 0 750 -650 0 -650 0 0 750 0 750 -100 0 -100 0 0 -1500z"/></g></svg>
  <svg x='482' y='514'><g transform="translate(0.0,30.0) scale(0.01,-0.01)"><path class="sym-line" fill="black" d="M1300 2250 l0 -750 -650 0 -650 0 0 -750 0 -750 750 0 750 0 0 1500 0 1500 -100 0 -100 0 0 -750z"/></g></svg>
  <svg x='488' y='491'><g transform="translate(0.198409507087,11.7551245826) scale(0.00984535298844,-0.00974923141752)"><path class="sym-line" fill="black" d="M1070 1184 c-148 -27 -310 -87 -434 -161 -112 -67 -220 -160 -431 -372 l-210 -211 70 -70 c38 -38 73 -70 78 -70 5 0 111 100 236 223 238 235 308 292 437 355 163 80 301 112 484 112 183 0 321 -32 484 -112 113 -55 192 -115 349 -263 76 -71 141 -131 145 -133 4 -1 39 29 77 68 l70 70 -120 121 c-267 269 -482 391 -781 443 -109 19 -348 19 -454 0z M2822 1027 l-72 -72 0 -403 0 -402 -403 0 -403 0 -74 -75 -74 -75 552 0 552 0 0 550 c0 303 -1 550 -3 550 -1 0 -35 -33 -75 -73z"/></g></svg>
  <svg x='501' y='466'><g transform="translate(0.199517282911,14.7505211307) scale(0.00964541675618,-0.00973472242044)"><path class="sym-line" fill="black" d="M345 1150 l-350 -350 303 0 302 0 0 -400 0 -400 100 0 100 0 0 400 0 400 302 0 303 0 -350 350 c-192 193 -352 350 -355 350 -3 0 -163 -157 -355 -350z"/></g></svg>
  <svg x='486' y='466'><g transform="translate(0.199517282911,14.7505211307) scale(0.00964541675618,-0.00973472242044)"><path class="sym-fill" fill="white" d="M470 1125 l-225 -225 455 0 455 0 -225 225 c-124 124 -227 225 -230 225 -3 0 -106 -101 -230 -225z"/><path class="sym-line" fill="black" d="M345 1150 l-350 -350 303 0 302 0 0 -400 0 -400 100 0 100 0 0 400 0 400 302 0 303 0 -350 350 c-192 193 -352 350 -355 350 -3 0 -163 -157 -355 -350z m585 -25 l225 -225 -455 0 -455 0 225 225 c124 124 227 225 230 225 3 0 106 -101 230 -225z"/></g></svg>
  <svg x='536' y='492'><g transform="translate(-0.0990227783968,12.7676076804) scale(0.00988294432064,-0.00992219549537)"><path class="sym-line" fill="black" d="M420 1035 l235 -235 -315 -315 -315 -315 85 -85 85 -85 315 315 315 315 237 -237 238 -238 0 558 0 557 -557 0 -558 0 235 -235z"/></g></svg>
  <svg x='525' y='480'><g transform="translate(-0.0990227783968,12.7676076804) scale(0.00988294432064,-0.00992219549537)"><path class="sym-fill" fill="white" d="M470 1152 c0 -4 160 -167 355 -362 l355 -355 0 363 0 362 -355 0 c-195 0 -355 -3 -355 -8z"/><path class="sym-line" fill="black" d="M420 1035 l235 -235 -315 -315 -315 -315 85 -85 85 -85 315 315 315 315 237 -237 238 -238 0 558 0 557 -557 0 -558 0 235 -235z m760 -235 c0 -198 -1 -360 -3 -360 -1 0 -164 162 -362 360 l-360 360 363 0 362 0 0 -360z"/></g></svg>
  <svg x='463' y='481'><g transform="translate(-0.146131080007,12.9974802419) scale(0.00991877655743,-0.00988387903225)"><path class="sym-line" fill="black" d="M30 743 l0 -558 235 235 235 235 315 -315 315 -315 85 85 85 85 -315 315 -315 315 237 237 238 238 -558 0 -557 0 0 -557z"/></g></svg>
  <svg x='453' y='492'><g transform="translate(-0.146131080007,12.9974802419) scale(0.00991877655743,-0.00988387903225)"><path class="sym-fill" fill="white" d="M140 825 c0 -195 3 -355 8 -355 4 0 167 160 362 355 l355 355 -363 0 -362 0 0 -355z"/><path class="sym-line" fill="black" d="M30 743 l0 -558 235 235 235 235 315 -315 315 -315 85 85 85 85 -315 315 -315 315 237 237 238 238 -558 0 -557 0 0 -557z m830 434 c0 -1 -162 -164 -360 -362 l-360 -360 0 363 0 362 360 0 c198 0 360 -1 360 -3z"/></g></svg>
  <svg x='496' y='456'><g transform="translate(0.0,7.0) scale(0.01,-0.01)"><path class="sym-line" fill="black" d="M463 432 l-463 -267 0 -82 0 -83 600 0 600 0 0 100 0 100 -355 2 -355 3 355 205 355 204 0 43 0 43 -137 0 -138 -1 -462 -267z"/></g></svg>
  <svg x='542' y='479'><g transform="translate(0.0,7.0) scale(0.01,-0.01)"><path class="sym-line" fill="black" d="M463 432 l-463 -267 0 -82 0 -83 600 0 600 0 0 100 0 100 -355 2 -355 3 355 205 355 204 0 43 0 43 -137 0 -138 -1 -462 -267z"/></g></svg>
  <svg x='446' y='480'><g transform="translate(0.0,7.0) scale(0.01,-0.01)"><path class="sym-line" fill="black" d="M463 432 l-463 -267 0 -82 0 -83 600 0 600 0 0 100 0 100 -355 2 -355 3 355 205 355 204 0 43 0 43 -137 0 -138 -1 -462 -267z"/></g></svg>
</svg>