<svg version='1.1' xmlns='http://www.w3.org/2000/svg' width='128' height='61' viewBox='436 469 128 61'>
  <text font-size='0'>AS10030S10038S2a200S2a218S2fb00S26526S10030S10038S2a200S2a218S2fb00M564x530S10030469x500S10038441x500S2a200465x473S2a218436x473S2fb00455x470S26526492x514S10038517x500S10030545x499S2a218513x473S2a200541x473S2fb00532x469</text>
  <svg x='469' y='500'><g transform="translate(0.0,30.0) scale(0.01,-0.01)"><path class="sym-fill" fill="white" d="M200 650 l0 -450 550 0 550 0 0 450 0 450 -550 0 -550 0 0 -450z"/><path class="sym-line" fill="black" d="M1300 2250 l0 -750 100 0 100 0 0 750 0 750 -100 0 -100 0 0 -750z M0 650 l0 -650 750 0 750 0 0 650 0 650 -750 0 -750 0 0 -650z m1300 0 l0 -450 -550 0 -550 0 0 450 0 450 550 0 550 0 0 -450z"/></g></svg>
  <svg x='441' y='500'><g transform="translate(0.0,30.0) scale(0.01,-0.01)"><path class="sym-fill" fill="white" d="M200 650 l0 -450 550 0 550 0 0 450 0 450 -550 0 -550 0 0 -450z"/><path class="sym-line" fill="black" d="M0 2250 l0 -750 100 0 100 0 0 750 0 750 -100 0 -100 0 0 -750z M0 650 l0 -650 750 0 750 0 0 650 0 650 -750 0 -750 0 0 -650z m1300 0 l0 -450 -550 0 -550 0 0 450 0 450 550 0 550 0 0 -450z"/></g></svg>
  <svg x='465' y='473'><g transform="translate(0.151416407644,27.7487723255) scale(0.00981199211781,-0.00985726243768)"><path class="sym-fill" fill="white" d="M1080 1781 c-196 -42 -305 -110 -520 -325 l-155 -156 105 -105 104 -104 160 157 c115 112 178 166 221 189 161 84 351 84 510 0 43 -23 122 -93 290 -254 l230 -223 105 106 105 105 -223 219 c-130 128 -252 238 -293 266 -189 125 -422 171 -639 125z"/><path class="sym-line" fill="black" d="M1200 2351 l0 -448 -69 -7 c-134 -13 -287 -70 -411 -151 -42 -28 -144 -118 -235 -207 l-160 -157 -163 162 -162 162 0 -503 0 -502 502 0 503 0 -158 158 -158 158 153 150 c86 85 172 161 197 173 44 23 126 51 149 51 9 0 12 -146 12 -695 l0 -695 50 0 50 0 0 695 c0 549 3 695 13 695 22 0 104 -28 148 -50 27 -14 128 -106 264 -241 l221 -219 37 38 38 38 -228 225 c-191 188 -239 229 -294 256 -166 82 -332 82 -498 0 -52 -25 -100 -65 -229 -191 l-163 -160 -107 107 -107 107 125 126 c165 165 252 235 363 289 140 67 197 79 367 79 162 0 223 -12 347 -69 125 -58 182 -104 414 -332 l225 -223 34 34 33 35 -31 38 c-67 85 -420 420 -492 467 -124 82 -277 139 -411 152 l-69 7 0 448 0 449 -50 0 -50 0 0 -449z"/></g></svg>
  <svg x='436' y='473'><g transform="translate(0.179308466528,27.7487723255) scale(0.00981368793394,-0.00985726243768)"><path class="sym-fill" fill="white" d="M880 1781 c-208 -44 -302 -106 -592 -391 l-223 -219 105 -105 105 -106 230 223 c168 161 247 231 290 254 159 84 349 84 510 0 43 -23 106 -77 221 -189 l160 -157 104 104 105 105 -155 156 c-85 85 -186 176 -223 201 -185 124 -420 169 -637 124z M1870 1125 l-325 -325 328 0 327 0 0 325 c0 179 -1 325 -3 325 -1 0 -148 -146 -327 -325z"/><path class="sym-line" fill="black" d="M1000 2351 l0 -448 -69 -7 c-134 -13 -287 -70 -411 -152 -72 -47 -425 -382 -492 -467 l-31 -38 33 -35 34 -34 225 223 c232 228 289 274 414 332 124 57 185 69 347 69 170 0 227 -12 367 -79 111 -54 198 -124 363 -289 l125 -126 -107 -107 -107 -107 -163 160 c-129 126 -177 166 -229 191 -166 82 -332 82 -498 0 -55 -27 -103 -68 -294 -256 l-228 -225 38 -38 37 -38 221 219 c136 135 237 227 264 241 44 22 126 50 149 50 9 0 12 -146 12 -695 l0 -695 50 0 50 0 0 695 c0 549 3 695 13 695 22 0 104 -28 148 -51 25 -12 111 -88 197 -173 l153 -150 -158 -158 -158 -158 503 0 502 0 0 502 0 503 -162 -162 -163 -162 -160 157 c-91 89 -193 179 -235 207 -124 81 -277 138 -411 151 l-69 7 0 448 0 449 -50 0 -50 0 0 -449z m1197 -1548 c-2 -2 -149 -2 -327 -1 l-322 3 323 329 324 329 3 -328 c1 -180 1 -330 -1 -332z"/></g></svg>
  <svg x='455' y='470'><g transform="translate(0.169849905175,5.76208528494) scale(0.0097007872376,-0.00950858679199)"><path class="sym-line" fill="black" d="M552 580 c-226 -60 -429 -239 -518 -459 -13 -33 -27 -73 -30 -90 l-6 -31 60 0 61 0 42 83 c54 103 163 217 264 273 205 113 445 113 650 0 101 -56 210 -170 264 -273 l42 -83 61 0 61 0 -7 31 c-22 111 -99 242 -206 349 -99 99 -217 167 -346 200 -105 27 -289 27 -392 0z"/></g></svg>
  <svg x='492' y='514'><g transform="translate(0.149734255248,13.6974450331) scale(0.0097007872376,-0.00964308576999)"><path class="sym-line" fill="black" d="M800 1260 l0 -144 208 -202 207 -202 -207 -209 -208 -208 0 -150 0 -150 352 353 353 352 -353 352 -352 353 0 -145z M0 700 l0 -100 400 0 400 0 0 100 0 100 -400 0 -400 0 0 -100z"/></g></svg>
  <svg x='517' y='500'><g transform="translate(0.0,30.0) scale(0.01,-0.01)"><path class="sym-fill" fill="white" d="M200 650 l0 -450 550 0 550 0 0 450 0 450 -550 0 -550 0 0 -450z"/><path class="sym-line" fill="black" d="M0 2250 l0 -750 100 0 100 0 0 750 0 750 -100 0 -100 0 0 -750z M0 650 l0 -650 750 0 750 0 0 650 0 650 -750 0 -750 0 0 -650z m1300 0 l0 -450 -550 0 -550 0 0 450 0 450 550 0 550 0 0 -450z"/></g></svg>
  <svg x='545' y='499'><g transform="translate(0.0,30.0) scale(0.01,-0.01)"><path class="sym-fill" fill="white" d="M200 650 l0 -450 550 0 550 0 0 450 0 450 -550 0 -550 0 0 -450z"/><path class="sym-line" fill="black" d="M1300 2250 l0 -750 100 0 100 0 0 750 0 750 -100 0 -100 0 0 -750z M0 650 l0 -650 750 0 750 0 0 650 0 650 -750 0 -750 0 0 -650z m1300 0 l0 -450 -550 0 -550 0 0 450 0 450 550 0 550 0 0 -450z"/></g></svg>
  <svg x='513' y='473'><g transform="translate(0.179308466528,27.7487723255) scale(0.00981368793394,-0.00985726243768)"><path class="sym-fill" fill="white" d="M880 1781 c-208 -44 -302 -106 -592 -391 l-223 -219 105 -105 105 -106 230 223 c168 161 247 231 290 254 159 84 349 84 510 0 43 -23 106 -77 221 -189 l160 -157 104 104 105 105 -155 156 c-85 85 -186 176 -223 201 -185 124 -420 169 -637 124z M1870 1125 l-325 -325 328 0 327 0 0 325 c0 179 -1 325 -3 325 -1 0 -148 -146 -327 -325z"/><path class="sym-line" fill="black" d="M1000 2351 l0 -448 -69 -7 c-134 -13 -287 -70 -411 -152 -72 -47 -425 -382 -492 -467 l-31 -38 33 -35 34 -34 225 223 c232 228 289 274 414 332 124 57 185 69 347 69 170 0 227 -12 367 -79 111 -54 198 -124 363 -289 l125 -126 -107 -107 -107 -107 -163 160 c-129 126 -177 166 -229 191 -166 82 -332 82 -498 0 -55 -27 -103 -68 -294 -256 l-228 -225 38 -38 37 -38 221 219 c136 135 237 227 264 241 44 22 126 50 149 50 9 0 12 -146 12 -695 l0 -695 50 0 50 0 0 695 c0 549 3 695 13 695 22 0 104 -28 148 -51 25 -12 111 -88 197 -173 l153 -150 -158 -158 -158 -158 503 0 502 0 0 502 0 503 -162 -162 -163 -162 -160 157 c-91 89 -193 179 -235 207 -124 81 -277 138 -411 151 l-69 7 0 448 0 449 -50 0 -50 0 0 -449z m1197 -1548 c-2 -2 -149 -2 -327 -1 l-322 3 323 329 324 329 3 -328 c1 -180 1 -330 -1 -332z"/></g></svg>
  <svg x='541' y='473'><g transform="translate(0.151416407644,27.7487723255) scale(0.00981199211781,-0.00985726243768)"><path class="sym-fill" fill="white" d="M1080 1781 c-196 -42 -305 -110 -520 -325 l-155 -156 105 -105 104 -104 160 157 c115 112 178 166 221 189 161 84 351 84 510 0 43 -23 122 -93 290 -254 l230 -223 105 106 105 105 -223 219 c-130 128 -252 238 -293 266 -189 125 -422 171 -639 125z"/><path class="sym-line" fill="black" d="M1200 2351 l0 -448 -69 -7 c-134 -13 -287 -70 -411 -151 -42 -28 -144 -118 -235 -207 l-160 -157 -163 162 -162 162 0 -503 0 -502 502 0 503 0 -158 158 -158 158 153 150 c86 85 172 161 197 173 44 23 126 51 149 51 9 0 12 -146 12 -695 l0 -695 50 0 50 0 0 695 c0 549 3 695 13 695 22 0 104 -28 148 -50 27 -14 128 -106 264 -241 l221 -219 37 38 38 38 -228 225 c-191 188 -239 229 -294 256 -166 82 -332 82 -498 0 -52 -25 -100 -65 -229 -191 l-163 -160 -107 107 -107 107 125 126 c165 165 252 235 363 289 140 67 197 79 367 79 162 0 223 -12 347 -69 125 -58 182 -104 414 -332 l225 -223 34 34 33 35 -31 38 c-67 85 -420 420 -492 467 -124 82 -277 139 -411 152 l-69 7 0 448 0 449 -50 0 -50 0 0 -449z"/></g></svg>
  <svg x='532' y='469'><g transform="translate(0.169849905175,5.76208528494) scale(0.0097007872376,-0.00950858679199)"><path class="sym-line" fill="black" d="M552 580 c-226 -60 -429 -239 -518 -459 -13 -33 -27 -73 -30 -90 l-6 -31 60 0 61 0 42 83 c54 103 163 217 264 273 205 113 445 113 650 0 101 -56 210 -170 264 -273 l42 -83 61 0 61 0 -7 31 c-22 111 -99 242 -206 349 -99 99 -217 167 -346 200 -105 27 -289 27 -392 0z"/></g></svg>
</svg>