<svg version='1.1' xmlns='http://www.w3.org/2000/svg' width='57' height='125' viewBox='476 482 57 125'>
  <text font-size='0'>AS10001S2ed00S25504S25514S20300S20304S2fb04S2f700S2ff00M533x607S2ff00482x482S2ed00493x486S10001512x496S25504511x531S25514477x540S20300510x562S20304476x572S2fb04497x588S2f700498x600</text>
  <svg x='482' y='482'><g transform="translate(0.149874875465,34.7500790925) scale(0.00988906872676,-0.00988956850125)"><path class="sym-line" fill="black" d="M1528 3484 c-592 -92 -1088 -447 -1348 -963 -125 -249 -180 -485 -180 -771 0 -480 183 -911 529 -1242 350 -336 780 -508 1271 -508 451 0 864 150 1193 434 326 281 517 620 591 1051 21 121 21 409 0 530 -43 252 -114 444 -237 639 -282 453 -741 750 -1284 831 -127 19 -413 18 -535 -1z m607 -173 c583 -126 1038 -523 1224 -1069 59 -173 75 -277 75 -492 0 -165 -3 -211 -22 -300 -71 -327 -228 -611 -458 -829 -186 -177 -381 -295 -614 -374 -176 -60 -282 -78 -490 -84 -247 -7 -416 19 -628 97 -549 201 -944 674 -1043 1250 -17 97 -17 383 0 480 99 576 495 1050 1043 1250 105 38 177 58 303 81 143 26 467 21 610 -10z"/></g></svg>
  <svg x='493' y='486'><g transform="translate(0.148592167667,22.7569039736) scale(0.0097530687405,-0.00981246583404)"><path class="sym-fill" fill="white" d="M700 1728 l0 -75 90 -6 c318 -23 584 -263 646 -583 9 -49 14 -141 14 -260 l0 -184 76 0 76 0 -4 248 c-5 233 -6 252 -32 337 -82 270 -270 471 -524 558 -73 25 -108 30 -214 35 l-128 5 0 -75z M520 1089 c-70 -14 -166 -68 -227 -127 -66 -65 -119 -169 -134 -263 -37 -227 108 -458 330 -523 298 -88 605 203 552 523 -24 147 -123 284 -253 349 -94 48 -173 60 -268 41z"/><path class="sym-line" fill="black" d="M425 2022 c-148 -155 -271 -288 -272 -295 -2 -6 94 -113 212 -236 l215 -225 -88 -18 c-236 -47 -422 -226 -477 -460 -22 -93 -19 -247 6 -338 57 -210 229 -383 434 -435 76 -19 214 -19 290 0 205 52 377 225 434 435 25 91 28 245 6 338 -50 212 -220 392 -422 448 l-63 17 0 145 0 145 81 -7 c223 -20 398 -140 498 -343 48 -97 61 -168 68 -381 l6 -192 50 0 49 0 -5 213 c-5 242 -17 301 -90 442 -53 102 -171 224 -272 280 -86 48 -200 82 -305 91 l-80 7 0 78 0 79 43 0 c80 0 222 -20 286 -41 283 -90 493 -328 555 -631 12 -57 16 -135 16 -298 l0 -220 51 0 51 0 -4 268 c-4 255 -6 271 -31 355 -81 266 -258 474 -499 586 -119 56 -185 71 -335 78 l-133 6 -2 195 -3 196 -270 -282z m276 -938 c165 -49 291 -177 334 -339 55 -213 -52 -443 -253 -542 -73 -37 -80 -38 -182 -38 -102 0 -109 1 -182 38 -160 79 -268 251 -268 427 0 291 291 531 551 454z"/></g></svg>
  <svg x='512' y='496'><g transform="translate(0.0827624000386,29.8972374025) scale(0.00988338120185,-0.00991626663417)"><path class="sym-fill" fill="white" d="M763 1370 l-353 -363 70 -76 c39 -42 197 -206 353 -365 l282 -289 353 363 352 362 -80 86 c-44 48 -203 212 -353 366 l-272 278 -352 -362z"/><path class="sym-line" fill="black" d="M76 2931 l-69 -69 486 -498 485 -498 -371 -381 c-204 -209 -393 -403 -419 -431 l-49 -51 481 -494 c264 -272 487 -494 495 -494 8 0 231 222 495 494 l481 494 -49 51 c-152 158 -1893 1946 -1895 1946 -2 0 -33 -31 -71 -69z m1394 -1560 c190 -194 345 -359 345 -366 0 -16 -684 -720 -700 -720 -16 0 -700 704 -700 720 0 16 687 724 700 722 6 -1 166 -161 355 -356z"/></g></svg>
  <svg x='511' y='531'><g transform="translate(0.149894744626,21.8502439916) scale(0.00969276276868,-0.00986445749619)"><path class="sym-fill" fill="white" d="M500 1895 l0 -305 150 0 150 0 0 305 0 305 -150 0 -150 0 0 -305z M500 980 l0 -300 150 0 150 0 0 300 0 300 -150 0 -150 0 0 -300z"/><path class="sym-line" fill="black" d="M300 1900 l0 -300 -150 0 -150 0 0 -160 0 -160 150 0 150 0 0 -300 0 -300 -151 0 c-86 0 -149 -4 -147 -9 2 -5 148 -156 326 -335 l322 -326 323 326 c177 179 324 330 325 335 2 5 -61 9 -147 9 l-151 0 0 300 0 300 150 0 150 0 0 160 0 160 -150 0 -150 0 0 300 0 300 -100 0 -100 0 0 -305 0 -305 -150 0 -150 0 0 305 0 305 -100 0 -100 0 0 -300z m500 -920 l0 -310 -150 0 -150 0 0 310 0 310 150 0 150 0 0 -310z"/></g></svg>
  <svg x='477' y='540'><g transform="translate(0.149894744626,21.8502439916) scale(0.00969276276868,-0.00986445749619)"><path class="sym-fill" fill="white" d="M500 1895 l0 -305 150 0 150 0 0 305 0 305 -150 0 -150 0 0 -305z M500 980 l0 -300 150 0 150 0 0 300 0 300 -150 0 -150 0 0 -300z M250 572 c0 -4 90 -97 200 -207 l200 -200 200 200 c110 110 200 203 200 207 0 5 -180 8 -400 8 -220 0 -400 -3 -400 -8z"/><path class="sym-line" fill="black" d="M300 1900 l0 -300 -150 0 -150 0 0 -160 0 -160 150 0 150 0 0 -300 0 -300 -151 0 c-86 0 -149 -4 -147 -9 2 -5 148 -156 326 -335 l322 -326 323 326 c177 179 324 330 325 335 2 5 -61 9 -147 9 l-151 0 0 300 0 300 150 0 150 0 0 160 0 160 -150 0 -150 0 0 300 0 300 -100 0 -100 0 0 -305 0 -305 -150 0 -150 0 0 305 0 305 -100 0 -100 0 0 -300z m500 -920 l0 -310 -150 0 -150 0 0 310 0 310 150 0 150 0 0 -310z m250 -408 c0 -4 -90 -97 -200 -207 l-200 -200 -200 200 c-110 110 -200 203 -200 207 0 5 180 8 400 8 220 0 400 -3 400 -8z"/></g></svg>
  <svg x='510' y='562'><g transform="translate(0.0,15.0) scale(0.01,-0.01)"><path class="sym-fill" fill="white" d="M200 750 l0 -550 550 0 550 0 0 550 0 550 -550 0 -550 0 0 -550z"/><path class="sym-line" fill="black" d="M0 750 l0 -750 750 0 750 0 0 750 0 750 -750 0 -750 0 0 -750z m1300 0 l0 -550 -550 0 -550 0 0 550 0 550 550 0 550 0 0 -550z"/></g></svg>
  <svg x='476' y='572'><g transform="translate(0.0,15.0) scale(0.01,-0.01)"><path class="sym-fill" fill="white" d="M200 750 l0 -550 550 0 550 0 0 550 0 550 -550 0 -550 0 0 -550z"/><path class="sym-line" fill="black" d="M0 750 l0 -750 750 0 750 0 0 750 0 750 -750 0 -750 0 0 -750z m1300 0 l0 -550 -550 0 -550 0 0 550 0 550 550 0 550 0 0 -550z"/></g></svg>
  <svg x='497' y='588'><g transform="translate(0.178125321737,5.7484375) scale(0.00969593203301,-0.00933333333333)"><path class="sym-line" fill="black" d="M4 569 c22 -111 99 -242 206 -349 151 -151 320 -220 540 -220 220 0 389 69 540 220 107 107 184 238 206 349 l7 31 -61 0 -61 0 -42 -82 c-54 -104 -163 -218 -264 -274 -154 -85 -340 -108 -501 -61 -176 51 -331 177 -413 335 l-42 82 -61 0 -61 0 7 -31z"/></g></svg>
  <svg x='498' y='600'><g transform="translate(0.0,7.0) scale(0.01,-0.01)"><path class="sym-line" fill="black" d="M463 432 l-463 -267 0 -82 0 -83 600 0 600 0 0 100 0 100 -355 2 -355 3 355 205 355 204 0 43 0 43 -137 0 -138 -1 -462 -267z"/></g></svg>
</svg>