<svg version='1.1' xmlns='http://www.w3.org/2000/svg' width='59' height='131' viewBox='482 476 59 131'>
  <text font-size='0'>AS10011S30007S20500S22a03S10e22S15a18S10e02S15a18M541x607S30007482x482S10011520x493S20500517x476S22a03513x526S15a18493x543S15a18493x580S10e02509x585S10e22510x547</text>
  <svg x='482' y='482'><g transform="translate(-0.0202640873613,34.8235379339) scale(0.00998278661735,-0.00997653818402)"><path class="sym-line" fill="black" d="M1650 3474 c-324 -38 -548 -110 -790 -254 -284 -168 -552 -464 -685 -755 -113 -247 -159 -457 -158 -730 0 -256 45 -464 149 -696 244 -548 766 -931 1389 -1020 115 -16 374 -16 490 0 799 113 1416 714 1526 1486 16 115 16 366 0 475 -59 392 -242 743 -527 1009 -272 254 -593 409 -974 471 -69 11 -361 21 -420 14z m368 -169 c56 -8 130 -22 165 -30 60 -15 187 -55 187 -58 0 -1 -7 -34 -15 -72 -19 -90 -19 -224 0 -317 9 -43 34 -112 62 -168 38 -76 63 -110 128 -175 129 -129 263 -193 449 -215 99 -12 232 -2 292 20 14 6 27 10 28 10 7 0 46 -119 65 -195 31 -129 42 -221 42 -365 0 -389 -134 -738 -399 -1035 -481 -540 -1281 -696 -1938 -379 -329 160 -595 421 -749 739 -108 222 -155 423 -155 673 0 200 24 345 90 529 152 427 528 798 963 952 262 92 532 122 785 86z m591 -196 c162 -89 326 -225 454 -379 76 -92 195 -275 185 -286 -9 -8 -121 -24 -173 -24 -136 1 -295 65 -394 160 -110 105 -169 228 -178 375 -5 74 10 195 24 195 4 0 40 -19 82 -41z"/></g></svg>
  <svg x='520' y='493'><g transform="translate(0.0827624000386,29.8972374025) scale(0.00988338120185,-0.00991626663417)"><path class="sym-fill" fill="white" d="M601 1204 l-191 -197 42 -46 c23 -25 182 -189 353 -365 l310 -318 193 197 193 198 -128 131 c-71 72 -230 236 -355 363 l-226 233 -191 -196z"/><path class="sym-line" fill="black" d="M76 2931 l-69 -69 486 -498 485 -498 -371 -381 c-204 -209 -393 -403 -419 -431 l-49 -51 481 -494 c264 -272 487 -494 495 -494 8 0 231 222 495 494 l481 494 -49 51 c-152 158 -1893 1946 -1895 1946 -2 0 -33 -31 -71 -69z m1020 -1838 c165 -170 324 -334 353 -365 l54 -58 -188 -192 c-104 -106 -194 -193 -200 -193 -12 0 -696 698 -703 716 -4 9 367 398 379 399 3 0 140 -138 305 -307z"/></g></svg>
  <svg x='517' y='476'><g transform="translate(-0.221878406359,10.7500002304) scale(0.0103429235226,-0.00963778430032)"><path class="sym-line" fill="black" d="M430 895 l0 -205 -37 23 c-21 13 -95 61 -165 105 l-128 82 -36 -71 c-19 -40 -32 -75 -27 -79 4 -3 74 -48 156 -99 81 -51 147 -97 147 -101 0 -4 -66 -50 -147 -101 -82 -51 -152 -96 -156 -99 -5 -4 8 -39 27 -79 l36 -71 128 82 c70 44 144 92 165 105 l37 23 0 -205 0 -205 70 0 70 0 0 205 0 205 38 -23 c20 -13 94 -61 164 -105 l128 -82 36 71 c19 40 32 75 27 79 -4 3 -74 48 -155 99 -82 51 -148 97 -148 101 0 4 66 50 148 101 81 51 151 96 155 99 5 4 -8 39 -27 79 l-36 71 -128 -82 c-70 -44 -144 -92 -164 -105 l-38 -23 0 205 0 205 -70 0 -70 0 0 -205z"/></g></svg>
  <svg x='513' y='526'><g transform="translate(0.150473191431,14.0633483059) scale(0.00985915292844,-0.0100666588668)"><path class="sym-fill" fill="white" d="M665 944 c-148 -157 -270 -291 -270 -298 0 -8 44 -59 97 -114 l98 -101 276 290 276 289 -21 27 c-11 16 -57 65 -103 110 l-83 82 -270 -285z"/><path class="sym-line" fill="black" d="M520 1091 l-275 -291 -122 128 -122 127 -1 -512 0 -513 486 0 c462 0 486 1 473 18 -7 9 -60 65 -117 124 -71 73 -101 111 -96 120 4 7 125 136 269 286 143 150 261 278 263 285 1 7 -28 43 -66 80 l-68 68 -273 -288 c-150 -159 -276 -289 -280 -291 -4 -1 -53 47 -109 107 l-101 109 274 288 c151 159 275 293 275 298 0 4 -30 40 -67 78 l-68 69 -275 -290z"/></g></svg>
  <svg x='493' y='543'><g transform="translate(0.0,27.0) scale(0.01,-0.01)"><path class="sym-fill" fill="white" d="M600 1307 l0 -1107 200 0 200 0 0 908 0 907 -200 200 -200 200 0 -1108z"/><path class="sym-line" fill="black" d="M297 2402 l-297 -297 0 -1053 0 -1052 600 0 600 0 0 1053 0 1052 -298 298 c-163 163 -299 297 -302 297 -3 0 -139 -134 -303 -298z m703 -1289 l0 -913 -200 0 -200 0 0 1112 0 1113 200 -200 200 -200 0 -912z"/></g></svg>
  <svg x='493' y='580'><g transform="translate(0.0,27.0) scale(0.01,-0.01)"><path class="sym-fill" fill="white" d="M600 1307 l0 -1107 200 0 200 0 0 908 0 907 -200 200 -200 200 0 -1108z"/><path class="sym-line" fill="black" d="M297 2402 l-297 -297 0 -1053 0 -1052 600 0 600 0 0 1053 0 1052 -298 298 c-163 163 -299 297 -302 297 -3 0 -139 -134 -303 -298z m703 -1289 l0 -913 -200 0 -200 0 0 1112 0 1113 200 -200 200 -200 0 -912z"/></g></svg>
  <svg x='509' y='585'><g transform="translate(0.0,15.0) scale(0.01,-0.01)"><path class="sym-fill" fill="white" d="M1700 750 l0 -550 550 0 550 0 0 550 0 550 -550 0 -550 0 0 -550z"/><path class="sym-line" fill="black" d="M0 1400 l0 -100 747 0 748 0 -529 -529 -529 -529 69 -76 c38 -42 71 -76 74 -76 3 0 211 206 462 457 l458 458 0 -503 0 -502 750 0 750 0 0 750 0 750 -1500 0 -1500 0 0 -100z m2800 -650 l0 -550 -550 0 -550 0 0 550 0 550 550 0 550 0 0 -550z"/></g></svg>
  <svg x='510' y='547'><g transform="translate(0.0,15.0) scale(0.01,-0.01)"><path class="sym-line" fill="black" d="M1500 998 l0 -503 -458 458 c-251 251 -459 457 -462 457 -3 0 -36 -34 -74 -76 l-69 -76 529 -529 529 -529 -748 0 -747 0 0 -100 0 -100 1500 0 1500 0 0 750 0 750 -750 0 -750 0 0 -502z"/></g></svg>
</svg>