<svg version='1.1' xmlns='http://www.w3.org/2000/svg' width='109' height='95' viewBox='428 467 109 95'>
  <text font-size='0'>AS10000S10008S10030S10038S26607S26617S2fb03S2f700M537x562S31500482x482S10000489x526S10030520x491S10008439x507S10038462x467S26607515x529S26617428x478S2fb03461x539S2f700457x555</text>
  <svg x='482' y='482'><g transform="translate(0.149874875465,34.7500790925) scale(0.00988906872676,-0.00988956850125)"><path class="sym-line" fill="black" d="M1528 3484 c-592 -92 -1088 -447 -1348 -963 -125 -249 -180 -485 -180 -771 0 -480 183 -911 529 -1242 350 -336 780 -508 1271 -508 451 0 864 150 1193 434 326 281 517 620 591 1051 21 121 21 409 0 530 -43 252 -114 444 -237 639 -282 453 -741 750 -1284 831 -127 19 -413 18 -535 -1z m607 -173 c583 -126 1038 -523 1224 -1069 59 -173 75 -277 75 -492 0 -165 -3 -211 -22 -300 -71 -327 -228 -611 -458 -829 -186 -177 -381 -295 -614 -374 -176 -60 -282 -78 -490 -84 -247 -7 -416 19 -628 97 -549 201 -944 674 -1043 1250 -17 97 -17 383 0 480 99 576 495 1050 1043 1250 105 38 177 58 303 81 143 26 467 21 610 -10z M720 2175 l0 -75 465 0 465 0 0 75 0 75 -465 0 -465 0 0 -75z M1950 2175 l0 -75 470 0 470 0 0 75 0 75 -470 0 -470 0 0 -75z"/></g></svg>
  <svg x='489' y='526'><g transform="translate(0.0,30.0) scale(0.01,-0.01)"><path class="sym-fill" fill="white" d="M200 750 l0 -550 550 0 550 0 0 550 0 550 -550 0 -550 0 0 -550z"/><path class="sym-line" fill="black" d="M1300 2250 l0 -750 -650 0 -650 0 0 -750 0 -750 750 0 750 0 0 1500 0 1500 -100 0 -100 0 0 -750z m0 -1500 l0 -550 -550 0 -550 0 0 550 0 550 550 0 550 0 0 -550z"/></g></svg>
  <svg x='520' y='491'><g transform="translate(0.0,30.0) scale(0.01,-0.01)"><path class="sym-fill" fill="white" d="M200 650 l0 -450 550 0 550 0 0 450 0 450 -550 0 -550 0 0 -450z"/><path class="sym-line" fill="black" d="M1300 2250 l0 -750 100 0 100 0 0 750 0 750 -100 0 -100 0 0 -750z M0 650 l0 -650 750 0 750 0 0 650 0 650 -750 0 -750 0 0 -650z m1300 0 l0 -450 -550 0 -550 0 0 450 0 450 550 0 550 0 0 -450z"/></g></svg>
  <svg x='439' y='507'><g transform="translate(0.0,30.0) scale(0.01,-0.01)"><path class="sym-fill" fill="white" d="M200 750 l0 -550 550 0 550 0 0 550 0 550 -550 0 -550 0 0 -550z"/><path class="sym-line" fill="black" d="M0 1500 l0 -1500 750 0 750 0 0 750 0 750 -650 0 -650 0 0 750 0 750 -100 0 -100 0 0 -1500z m1300 -750 l0 -550 -550 0 -550 0 0 550 0 550 550 0 550 0 0 -550z"/></g></svg>
  <svg x='462' y='467'><g transform="translate(0.0,30.0) scale(0.01,-0.01)"><path class="sym-fill" fill="white" d="M200 650 l0 -450 550 0 550 0 0 450 0 450 -550 0 -550 0 0 -450z"/><path class="sym-line" fill="black" d="M0 2250 l0 -750 100 0 100 0 0 750 0 750 -100 0 -100 0 0 -750z M0 650 l0 -650 750 0 750 0 0 650 0 650 -750 0 -750 0 0 -650z m1300 0 l0 -450 -550 0 -550 0 0 450 0 450 550 0 550 0 0 -450z"/></g></svg>
  <svg x='515' y='529'><g transform="translate(0.131265535269,21.739721583) scale(0.00982597899807,-0.00994459401866)"><path class="sym-line" fill="black" d="M1305 1925 l250 -244 -65 -64 c-36 -35 -384 -379 -775 -763 -390 -384 -711 -701 -713 -704 -1 -3 31 -38 71 -78 l74 -74 778 766 777 766 249 -241 249 -241 0 561 0 561 -572 0 -573 -1 250 -244z"/></g></svg>
  <svg x='428' y='478'><g transform="translate(0.131265535269,21.739721583) scale(0.00982597899807,-0.00994459401866)"><path class="sym-fill" fill="white" d="M1320 2066 c0 -6 722 -722 753 -746 l27 -21 0 385 0 386 -390 0 c-214 0 -390 -2 -390 -4z"/><path class="sym-line" fill="black" d="M1305 1925 l250 -244 -65 -64 c-36 -35 -384 -379 -775 -763 -390 -384 -711 -701 -713 -704 -1 -3 31 -38 71 -78 l74 -74 778 766 777 766 249 -241 249 -241 0 561 0 561 -572 0 -573 -1 250 -244z m795 -241 c0 -212 -4 -384 -9 -382 -4 2 -183 175 -397 385 l-389 383 398 0 397 0 0 -386z"/></g></svg>
  <svg x='461' y='539'><g transform="translate(0.0365599625462,11.8157312516) scale(0.00973615546612,-0.00979931310654)"><path class="sym-line" fill="black" d="M92 1128 c-66 -137 -86 -236 -79 -390 6 -128 23 -202 72 -303 94 -196 273 -344 491 -407 64 -18 103 -23 204 -22 144 0 234 20 352 80 l71 36 -45 45 -45 45 -79 -28 c-96 -33 -250 -44 -347 -23 -216 45 -390 187 -480 391 -68 153 -70 355 -5 507 l19 44 -43 44 c-23 24 -45 43 -49 43 -3 0 -20 -28 -37 -62z"/></g></svg>
  <svg x='457' y='555'><g transform="translate(0.0,7.0) scale(0.01,-0.01)"><path class="sym-line" fill="black" d="M463 432 l-463 -267 0 -82 0 -83 600 0 600 0 0 100 0 100 -355 2 -355 3 355 205 355 204 0 43 0 43 -137 0 -138 -1 -462 -267z"/></g></svg>
</svg>