<svg version='1.1' xmlns='http://www.w3.org/2000/svg' width='73' height='102' viewBox='464 449 73 102'>
  <text font-size='0'>AS10e40S10e48S26a04S26a14S2fb04S11040S11048S21600S21600S21600S21600M537x551S10e40512x449S10e48470x449S26a04464x489S26a14510x490S2fb04491x498S21600466x511S21600476x511S21600509x510S21600520x510S11040508x524S11048468x524</text>
  <svg x='512' y='449'><g transform="translate(0.0,30.0) scale(0.01,-0.01)"><path class="sym-fill" fill="white" d="M200 650 l0 -450 300 0 300 0 0 450 0 450 -300 0 -300 0 0 -450z"/><path class="sym-line" fill="black" d="M1300 2253 l0 -748 -529 529 -529 529 -76 -69 c-42 -38 -76 -71 -76 -74 0 -3 206 -211 458 -463 l457 -457 248 0 247 0 0 750 0 750 -100 0 -100 0 0 -747z M0 650 l0 -650 750 0 750 0 0 650 0 650 -750 0 -750 0 0 -650z m800 0 l0 -450 -300 0 -300 0 0 450 0 450 300 0 300 0 0 -450z"/></g></svg>
  <svg x='470' y='449'><g transform="translate(0.0,30.0) scale(0.01,-0.01)"><path class="sym-fill" fill="white" d="M700 650 l0 -450 300 0 300 0 0 450 0 450 -300 0 -300 0 0 -450z"/><path class="sym-line" fill="black" d="M0 2250 l0 -750 248 0 247 0 458 458 c251 251 457 459 457 462 0 3 -34 36 -76 74 l-76 69 -529 -529 -529 -529 0 748 0 747 -100 0 -100 0 0 -750z M0 650 l0 -650 750 0 750 0 0 650 0 650 -750 0 -750 0 0 -650z m1300 0 l0 -450 -300 0 -300 0 0 450 0 450 300 0 300 0 0 -450z"/></g></svg>
  <svg x='464' y='489'><g transform="translate(0.199152862387,13.7002011211) scale(0.00981571140639,-0.0096798311579)"><path class="sym-line" fill="black" d="M600 1050 l0 -350 -302 0 -303 0 352 -352 353 -353 325 325 325 325 325 -325 325 -325 353 353 352 352 -303 0 -302 0 0 350 0 350 -100 0 -100 0 0 -350 0 -350 -550 0 -550 0 0 350 0 350 -100 0 -100 0 0 -350z"/></g></svg>
  <svg x='510' y='490'><g transform="translate(0.199152862387,13.7002011211) scale(0.00981571140639,-0.0096798311579)"><path class="sym-fill" fill="white" d="M473 373 l227 -228 227 228 228 227 -455 0 -455 0 228 -227z M1773 373 l227 -228 227 228 228 227 -455 0 -455 0 228 -227z"/><path class="sym-line" fill="black" d="M600 1050 l0 -350 -302 0 -303 0 352 -352 353 -353 325 325 325 325 325 -325 325 -325 353 353 352 352 -303 0 -302 0 0 350 0 350 -100 0 -100 0 0 -350 0 -350 -550 0 -550 0 0 350 0 350 -100 0 -100 0 0 -350z m327 -677 l-227 -228 -227 228 -228 227 455 0 455 0 -228 -227z m1300 0 l-227 -228 -227 228 -228 227 455 0 455 0 -228 -227z"/></g></svg>
  <svg x='491' y='498'><g transform="translate(0.178125321737,5.7484375) scale(0.00969593203301,-0.00933333333333)"><path class="sym-line" fill="black" d="M4 569 c22 -111 99 -242 206 -349 151 -151 320 -220 540 -220 220 0 389 69 540 220 107 107 184 238 206 349 l7 31 -61 0 -61 0 -42 -82 c-54 -104 -163 -218 -264 -274 -154 -85 -340 -108 -501 -61 -176 51 -331 177 -413 335 l-42 82 -61 0 -61 0 7 -31z"/></g></svg>
  <svg x='466' y='511'><g transform="translate(0.149834234299,7.75047623956) scale(0.00950047578505,-0.00951302738823)"><path class="sym-line" fill="black" d="M280 782 c-174 -65 -280 -209 -280 -382 0 -218 182 -400 400 -400 218 0 400 182 400 400 0 173 -114 326 -284 383 -63 22 -177 21 -236 -1z"/></g></svg>
  <svg x='476' y='511'><g transform="translate(0.149834234299,7.75047623956) scale(0.00950047578505,-0.00951302738823)"><path class="sym-line" fill="black" d="M280 782 c-174 -65 -280 -209 -280 -382 0 -218 182 -400 400 -400 218 0 400 182 400 400 0 173 -114 326 -284 383 -63 22 -177 21 -236 -1z"/></g></svg>
  <svg x='509' y='510'><g transform="translate(0.149834234299,7.75047623956) scale(0.00950047578505,-0.00951302738823)"><path class="sym-line" fill="black" d="M280 782 c-174 -65 -280 -209 -280 -382 0 -218 182 -400 400 -400 218 0 400 182 400 400 0 173 -114 326 -284 383 -63 22 -177 21 -236 -1z"/></g></svg>
  <svg x='520' y='510'><g transform="translate(0.149834234299,7.75047623956) scale(0.00950047578505,-0.00951302738823)"><path class="sym-line" fill="black" d="M280 782 c-174 -65 -280 -209 -280 -382 0 -218 182 -400 400 -400 218 0 400 182 400 400 0 173 -114 326 -284 383 -63 22 -177 21 -236 -1z"/></g></svg>
  <svg x='508' y='524'><g transform="translate(0.0,27.0) scale(0.01,-0.01)"><path class="sym-fill" fill="white" d="M200 700 l0 -500 300 0 300 0 0 500 0 500 -300 0 -300 0 0 -500z"/><path class="sym-line" fill="black" d="M100 2400 l0 -300 100 0 100 0 0 200 0 200 100 0 100 0 0 -450 0 -450 100 0 100 0 0 550 0 550 -300 0 -300 0 0 -300z M900 2200 l0 -300 100 0 100 0 0 200 0 200 100 0 100 0 0 -350 0 -350 100 0 100 0 0 450 0 450 -300 0 -300 0 0 -300z M0 700 l0 -700 750 0 750 0 0 700 0 700 -750 0 -750 0 0 -700z m800 0 l0 -500 -300 0 -300 0 0 500 0 500 300 0 300 0 0 -500z"/></g></svg>
  <svg x='468' y='524'><g transform="translate(0.0,27.0) scale(0.01,-0.01)"><path class="sym-fill" fill="white" d="M700 700 l0 -500 300 0 300 0 0 500 0 500 -300 0 -300 0 0 -500z"/><path class="sym-line" fill="black" d="M800 2150 l0 -550 100 0 100 0 0 450 0 450 100 0 100 0 0 -200 0 -200 100 0 100 0 0 300 0 300 -300 0 -300 0 0 -550z M0 2050 l0 -450 100 0 100 0 0 350 0 350 100 0 100 0 0 -200 0 -200 100 0 100 0 0 300 0 300 -300 0 -300 0 0 -450z M0 700 l0 -700 750 0 750 0 0 700 0 700 -750 0 -750 0 0 -700z m1300 0 l0 -500 -300 0 -300 0 0 500 0 500 300 0 300 0 0 -500z"/></g></svg>
</svg>