<svg version='1.1' xmlns='http://www.w3.org/2000/svg' width='81' height='57' viewBox='460 475 81 57'>
  <text font-size='0'>AS1063cS10634S26604S26614S21b00S21b00S21b00S21b00S2ff00M541x532S2ff00482x482S1063c520x475S10634460x475S26604519x502S26614466x502S21b00533x502S21b00533x512S21b00460x502S21b00460x512</text>
  <svg x='482' y='482'><g transform="translate(0.149874875465,34.7500790925) scale(0.00988906872676,-0.00988956850125)"><path class="sym-line" fill="black" d="M1528 3484 c-592 -92 -1088 -447 -1348 -963 -125 -249 -180 -485 -180 -771 0 -480 183 -911 529 -1242 350 -336 780 -508 1271 -508 451 0 864 150 1193 434 326 281 517 620 591 1051 21 121 21 409 0 530 -43 252 -114 444 -237 639 -282 453 -741 750 -1284 831 -127 19 -413 18 -535 -1z m607 -173 c583 -126 1038 -523 1224 -1069 59 -173 75 -277 75 -492 0 -165 -3 -211 -22 -300 -71 -327 -228 -611 -458 -829 -186 -177 -381 -295 -614 -374 -176 -60 -282 -78 -490 -84 -247 -7 -416 19 -628 97 -549 201 -944 674 -1043 1250 -17 97 -17 383 0 480 99 576 495 1050 1043 1250 105 38 177 58 303 81 143 26 467 21 610 -10z"/></g></svg>
  <svg x='520' y='475'><g transform="translate(0.0,26.0) scale(0.01,-0.01)"><path class="sym-fill" fill="white" d="M200 1950 l0 -450 550 0 550 0 0 450 0 450 -550 0 -550 0 0 -450z"/><path class="sym-line" fill="black" d="M0 1950 l0 -650 750 0 750 0 0 650 0 650 -750 0 -750 0 0 -650z m1300 0 l0 -450 -550 0 -550 0 0 450 0 450 550 0 550 0 0 -450z M1300 650 l0 -450 -200 0 -200 0 0 250 0 250 -100 0 -100 0 0 -350 0 -350 400 0 400 0 0 550 0 550 -100 0 -100 0 0 -450z"/></g></svg>
  <svg x='460' y='475'><g transform="translate(0.0,26.0) scale(0.01,-0.01)"><path class="sym-fill" fill="white" d="M200 1950 l0 -450 550 0 550 0 0 450 0 450 -550 0 -550 0 0 -450z"/><path class="sym-line" fill="black" d="M0 1950 l0 -650 750 0 750 0 0 650 0 650 -750 0 -750 0 0 -650z m1300 0 l0 -450 -550 0 -550 0 0 450 0 450 550 0 550 0 0 -450z M0 550 l0 -550 400 0 400 0 0 350 0 350 -100 0 -100 0 0 -250 0 -250 -200 0 -200 0 0 450 0 450 -100 0 -100 0 0 -550z"/></g></svg>
  <svg x='519' y='502'><g transform="translate(0.198426155669,29.702611239) scale(0.00968892587986,-0.00985139124633)"><path class="sym-line" fill="black" d="M700 1900 l0 -1100 -352 0 -353 0 403 -402 402 -403 402 403 403 402 -353 0 -352 0 0 1100 0 1100 -100 0 -100 0 0 -1100z"/></g></svg>
  <svg x='466' y='502'><g transform="translate(0.198426155669,29.702611239) scale(0.00968892587986,-0.00985139124633)"><path class="sym-fill" fill="white" d="M523 423 l277 -278 277 278 278 277 -555 0 -555 0 278 -277z"/><path class="sym-line" fill="black" d="M700 1900 l0 -1100 -352 0 -353 0 403 -402 402 -403 402 403 403 402 -353 0 -352 0 0 1100 0 1100 -100 0 -100 0 0 -1100z m377 -1477 l-277 -278 -277 278 -278 277 555 0 555 0 -278 -277z"/></g></svg>
  <svg x='533' y='502'><g transform="translate(0.145459417632,7.7569354617) scale(0.00951442013667,-0.00959794917003)"><path class="sym-fill" fill="white" d="M309 572 c-43 -22 -59 -38 -81 -81 -16 -31 -28 -69 -28 -91 0 -22 12 -60 28 -91 22 -43 38 -59 81 -81 68 -36 114 -36 182 0 43 22 59 38 81 81 36 68 36 114 0 182 -22 43 -38 59 -81 81 -31 16 -69 28 -91 28 -22 0 -60 -12 -91 -28z"/><path class="sym-line" fill="black" d="M275 784 c-126 -44 -218 -136 -258 -258 -22 -64 -22 -188 0 -252 56 -169 203 -274 383 -274 180 0 327 105 383 274 22 64 22 188 0 252 -41 122 -134 216 -257 257 -61 21 -195 21 -251 1z m203 -199 c104 -44 151 -167 103 -270 -71 -153 -291 -153 -362 0 -33 72 -19 166 34 224 52 56 151 76 225 46z"/></g></svg>
  <svg x='533' y='512'><g transform="translate(0.145459417632,7.7569354617) scale(0.00951442013667,-0.00959794917003)"><path class="sym-fill" fill="white" d="M309 572 c-43 -22 -59 -38 -81 -81 -16 -31 -28 -69 -28 -91 0 -22 12 -60 28 -91 22 -43 38 -59 81 -81 68 -36 114 -36 182 0 43 22 59 38 81 81 36 68 36 114 0 182 -22 43 -38 59 -81 81 -31 16 -69 28 -91 28 -22 0 -60 -12 -91 -28z"/><path class="sym-line" fill="black" d="M275 784 c-126 -44 -218 -136 -258 -258 -22 -64 -22 -188 0 -252 56 -169 203 -274 383 -274 180 0 327 105 383 274 22 64 22 188 0 252 -41 122 -134 216 -257 257 -61 21 -195 21 -251 1z m203 -199 c104 -44 151 -167 103 -270 -71 -153 -291 -153 -362 0 -33 72 -19 166 34 224 52 56 151 76 225 46z"/></g></svg>
  <svg x='460' y='502'><g transform="translate(0.145459417632,7.7569354617) scale(0.00951442013667,-0.00959794917003)"><path class="sym-fill" fill="white" d="M309 572 c-43 -22 -59 -38 -81 -81 -16 -31 -28 -69 -28 -91 0 -22 12 -60 28 -91 22 -43 38 -59 81 -81 68 -36 114 -36 182 0 43 22 59 38 81 81 36 68 36 114 0 182 -22 43 -38 59 -81 81 -31 16 -69 28 -91 28 -22 0 -60 -12 -91 -28z"/><path class="sym-line" fill="black" d="M275 784 c-126 -44 -218 -136 -258 -258 -22 -64 -22 -188 0 -252 56 -169 203 -274 383 -274 180 0 327 105 383 274 22 64 22 188 0 252 -41 122 -134 216 -257 257 -61 21 -195 21 -251 1z m203 -199 c104 -44 151 -167 103 -270 -71 -153 -291 -153 -362 0 -33 72 -19 166 34 224 52 56 151 76 225 46z"/></g></svg>
  <svg x='460' y='512'><g transform="translate(0.145459417632,7.7569354617) scale(0.00951442013667,-0.00959794917003)"><path class="sym-fill" fill="white" d="M309 572 c-43 -22 -59 -38 -81 -81 -16 -31 -28 -69 -28 -91 0 -22 12 -60 28 -91 22 -43 38 -59 81 -81 68 -36 114 -36 182 0 43 22 59 38 81 81 36 68 36 114 0 182 -22 43 -38 59 -81 81 -31 16 -69 28 -91 28 -22 0 -60 -12 -91 -28z"/><path class="sym-line" fill="black" d="M275 784 c-126 -44 -218 -136 -258 -258 -22 -64 -22 -188 0 -252 56 -169 203 -274 383 -274 180 0 327 105 383 274 22 64 22 188 0 252 -41 122 -134 216 -257 257 -61 21 -195 21 -251 1z m203 -199 c104 -44 151 -167 103 -270 -71 -153 -291 -153 -362 0 -33 72 -19 166 34 224 52 56 151 76 225 46z"/></g></svg>
</svg>