<svg version='1.1' xmlns='http://www.w3.org/2000/svg' width='61' height='101' viewBox='470 450 61 101'>
  <text font-size='0'>AS10e31S10e39S26703S26715S20e00S2f700S37600M531x551S10e31470x502S37600489x527S26703483x467S26715488x467S10e39506x502S20e00494x460S37713489x526S2f700494x450S37c13502x540S37c13503x540S3781b484x467</text>
  <svg x='470' y='502'><g transform="translate(0.0508272554904,29.8669680724) scale(0.009915961347,-0.00989960107692)"><path class="sym-fill" fill="white" d="M1291 1239 c-193 -199 -351 -364 -351 -368 0 -3 130 -138 288 -300 l287 -294 353 363 353 362 -43 46 c-23 26 -153 161 -289 299 l-246 252 -352 -360z"/><path class="sym-line" fill="black" d="M476 2932 l-69 -71 189 -194 c104 -108 321 -331 483 -496 l293 -301 -681 0 -681 0 0 -100 0 -100 488 1 c268 1 539 4 602 8 l115 6 154 157 154 158 -309 316 c-170 174 -390 400 -489 501 l-180 185 -69 -70z M1155 1376 c-264 -271 -480 -498 -480 -504 0 -17 828 -863 842 -860 6 2 229 225 493 497 l481 494 -38 40 c-115 124 -807 827 -812 827 -3 -1 -222 -223 -486 -494z m783 -74 l290 -297 -351 -360 c-193 -198 -357 -360 -364 -360 -6 0 -140 132 -298 293 l-286 294 303 309 c167 171 326 334 353 363 28 30 53 54 56 55 4 0 137 -133 297 -297z"/></g></svg>
  <svg x='489' y='527'><g transform="translate(0.151007603865,22.7701047694) scale(0.00983243230676,-0.00983550750842)"><path class="sym-line" fill="black" d="M66 2239 c-37 -34 -66 -68 -64 -75 2 -7 238 -238 525 -513 l523 -501 -525 -502 c-289 -277 -525 -508 -525 -515 0 -11 121 -124 140 -131 4 -2 243 222 531 497 287 276 525 501 529 501 4 0 242 -225 529 -501 288 -275 527 -499 531 -497 19 7 140 120 140 131 0 7 -236 238 -525 515 l-525 502 523 501 c287 275 523 506 525 513 3 13 -123 136 -140 136 -5 0 -243 -225 -530 -500 -287 -275 -525 -500 -528 -500 -3 0 -241 225 -528 500 -287 275 -525 500 -530 500 -5 0 -39 -28 -76 -61z"/></g></svg>
  <svg x='483' y='467'><g transform="translate(0.149261343146,31.0556714951) scale(0.00991974534271,-0.0100228720586)"><path class="sym-line" fill="black" d="M1998 2160 c-513 -508 -1060 -1050 -1215 -1204 l-283 -281 -250 250 -250 250 0 -573 0 -572 577 0 578 0 -250 250 -250 250 140 139 c156 154 2097 2071 2215 2187 l75 74 -77 77 -76 76 -934 -923z"/></g></svg>
  <svg x='488' y='467'><g transform="translate(-0.0203775634422,30.7541106643) scale(0.0100231336683,-0.00994125666924)"><path class="sym-fill" fill="white" d="M2573 501 c-211 -214 -383 -392 -383 -395 0 -4 174 -5 388 -4 l387 3 3 393 c1 215 -1 392 -5 392 -5 0 -180 -175 -390 -389z"/><path class="sym-line" fill="black" d="M91 3006 l-74 -75 879 -888 c483 -488 1025 -1035 1204 -1216 l324 -327 -249 -250 -250 -250 573 0 572 0 0 577 0 578 -250 -250 -250 -250 -134 135 c-74 74 -612 619 -1196 1210 -584 591 -1065 1076 -1069 1078 -3 1 -40 -31 -80 -72z m2876 -2903 c-2 -2 -180 -2 -395 -1 l-392 3 392 399 393 399 3 -398 c1 -219 1 -400 -1 -402z"/></g></svg>
  <svg x='506' y='502'><g transform="translate(0.0507969983823,29.8703723718) scale(0.00991903508497,-0.00990731162392)"><path class="sym-fill" fill="white" d="M639 1377 c-119 -122 -248 -256 -288 -298 l-71 -77 352 -361 352 -362 109 108 c60 59 190 192 289 296 l180 187 -36 43 c-20 23 -179 187 -353 364 l-318 322 -216 -222z"/><path class="sym-line" fill="black" d="M1469 2503 c-266 -273 -484 -500 -484 -504 0 -5 70 -79 155 -165 l155 -157 598 -5 597 -4 0 101 0 101 -681 0 -681 0 333 341 c184 188 401 410 482 495 l149 154 -64 70 c-35 38 -66 70 -69 70 -3 0 -223 -224 -490 -497z M494 1503 c-198 -203 -387 -398 -422 -434 l-62 -66 481 -494 c264 -272 486 -495 493 -497 11 -3 837 836 844 857 3 9 -950 993 -967 999 -4 1 -169 -163 -367 -365z m588 -130 c123 -126 283 -290 357 -365 l134 -137 -287 -293 c-158 -161 -292 -294 -299 -295 -11 -1 -698 697 -705 718 -3 7 564 599 574 599 2 0 103 -102 226 -227z"/></g></svg>
  <svg x='494' y='460'><g transform="translate(0.146427179928,11.7544805477) scale(0.00967082850362,-0.00967852689504)"><path class="sym-fill" fill="white" d="M503 985 c-159 -43 -265 -159 -295 -325 -22 -116 23 -252 112 -340 88 -89 224 -134 340 -112 178 33 299 154 332 332 22 115 -23 252 -110 339 -56 56 -107 85 -189 106 -70 18 -121 18 -190 0z m175 -200 c104 -44 151 -167 103 -270 -71 -153 -291 -153 -362 0 -33 72 -19 166 34 224 52 56 151 76 225 46z"/><path class="sym-line" fill="black" d="M435 1181 c-206 -60 -366 -224 -419 -428 -21 -78 -21 -228 0 -306 54 -208 223 -377 431 -431 78 -21 228 -21 306 0 208 54 377 223 431 431 21 78 21 228 0 306 -26 103 -80 195 -158 273 -78 78 -170 132 -273 158 -82 21 -240 20 -318 -3z m276 -197 c134 -40 234 -140 273 -273 62 -211 -60 -432 -273 -495 -210 -62 -433 61 -495 273 -61 207 56 426 264 492 70 23 161 24 231 3z M509 772 c-43 -22 -59 -38 -81 -81 -36 -68 -36 -114 0 -182 22 -43 38 -59 81 -81 68 -36 114 -36 182 0 43 22 59 38 81 81 36 68 36 114 0 182 -22 43 -38 59 -81 81 -68 36 -114 36 -182 0z"/></g></svg>
  <svg x='489' y='526'><g transform="translate(-0.661073667604,22.5761143013) scale(0.0105463059735,-0.0105677089589)"><path class="sym-line" fill="black" d="M251 1948 l-174 -170 851 -851 852 -852 172 173 173 172 -850 849 -850 850 -174 -171z"/></g></svg>
  <svg x='494' y='450'><g transform="translate(0.0,7.0) scale(0.01,-0.01)"><path class="sym-line" fill="black" d="M463 432 l-463 -267 0 -82 0 -83 600 0 600 0 0 100 0 100 -355 2 -355 3 355 205 355 204 0 43 0 43 -137 0 -138 -1 -462 -267z"/></g></svg>
  <svg x='502' y='540'><g transform="translate(-0.101865299066,11.0243868031) scale(0.0100956901867,-0.0101425614297)"><path class="sym-line" fill="black" d="M155 940 l-130 -130 393 -393 392 -392 132 133 133 132 -390 390 c-214 214 -392 390 -395 390 -3 0 -64 -59 -135 -130z"/></g></svg>
  <svg x='503' y='540'><g transform="translate(-0.101865299066,11.0243868031) scale(0.0100956901867,-0.0101425614297)"><path class="sym-line" fill="black" d="M155 940 l-130 -130 393 -393 392 -392 132 133 133 132 -390 390 c-214 214 -392 390 -395 390 -3 0 -64 -59 -135 -130z"/></g></svg>
  <svg x='484' y='467'><g transform="translate(-0.232967653425,30.8530100335) scale(0.0101223320356,-0.0105451416259)"><path class="sym-line" fill="black" d="M1385 1779 c-643 -622 -1210 -1169 -1259 -1216 l-88 -86 192 -186 c106 -102 199 -187 206 -189 6 -2 578 542 1269 1209 l1257 1212 -198 193 c-110 106 -201 193 -204 193 -3 0 -531 -509 -1175 -1130z"/></g></svg>
</svg>