<svg version='1.1' xmlns='http://www.w3.org/2000/svg' width='53' height='130' viewBox='473 482 53 130'>
  <text font-size='0'>AS10001S33200S25504S25514S20304S20300S2f700S2fb04M526x612S2fb04494x593S2f700495x605S33200482x482S25504508x536S25514474x545S20300507x567S20304473x577S10001505x501</text>
  <svg x='494' y='593'><g transform="translate(0.178125321737,5.7484375) scale(0.00969593203301,-0.00933333333333)"><path class="sym-line" fill="black" d="M4 569 c22 -111 99 -242 206 -349 151 -151 320 -220 540 -220 220 0 389 69 540 220 107 107 184 238 206 349 l7 31 -61 0 -61 0 -42 -82 c-54 -104 -163 -218 -264 -274 -154 -85 -340 -108 -501 -61 -176 51 -331 177 -413 335 l-42 82 -61 0 -61 0 7 -31z"/></g></svg>
  <svg x='495' y='605'><g transform="translate(0.0,7.0) scale(0.01,-0.01)"><path class="sym-line" fill="black" d="M463 432 l-463 -267 0 -82 0 -83 600 0 600 0 0 100 0 100 -355 2 -355 3 355 205 355 204 0 43 0 43 -137 0 -138 -1 -462 -267z"/></g></svg>
  <svg x='482' y='482'><g transform="translate(0.149874875465,34.7500790925) scale(0.00988906872676,-0.00988956850125)"><path class="sym-line" fill="black" d="M1528 3484 c-592 -92 -1088 -447 -1348 -963 -125 -249 -180 -485 -180 -771 0 -480 183 -911 529 -1242 350 -336 780 -508 1271 -508 451 0 864 150 1193 434 326 281 517 620 591 1051 21 121 21 409 0 530 -43 252 -114 444 -237 639 -282 453 -741 750 -1284 831 -127 19 -413 18 -535 -1z m607 -173 c583 -126 1038 -523 1224 -1069 59 -173 75 -277 75 -492 0 -165 -3 -211 -22 -300 -71 -327 -228 -611 -458 -829 -186 -177 -381 -295 -614 -374 -176 -60 -282 -78 -490 -84 -247 -7 -416 19 -628 97 -549 201 -944 674 -1043 1250 -17 97 -17 383 0 480 99 576 495 1050 1043 1250 105 38 177 58 303 81 143 26 467 21 610 -10z M1718 2121 l-3 -278 -159 88 c-87 49 -161 89 -165 89 -3 0 -23 -31 -44 -68 -32 -57 -36 -68 -23 -77 8 -6 78 -46 155 -89 78 -43 141 -82 141 -86 0 -4 -63 -43 -141 -86 -77 -43 -147 -83 -155 -89 -13 -9 -9 -20 23 -77 21 -37 41 -68 44 -68 4 0 78 40 165 89 l159 88 3 -178 2 -179 80 0 80 0 2 179 3 179 160 -89 c88 -49 162 -89 165 -89 3 0 22 30 44 67 46 79 60 62 -136 169 -76 42 -138 79 -138 84 0 5 62 42 138 84 196 107 182 90 136 169 -22 37 -41 67 -44 67 -3 0 -77 -40 -165 -89 l-160 -89 -3 279 -2 279 -80 0 -80 0 -2 -279z"/></g></svg>
  <svg x='508' y='536'><g transform="translate(0.149894744626,21.8502439916) scale(0.00969276276868,-0.00986445749619)"><path class="sym-fill" fill="white" d="M500 1895 l0 -305 150 0 150 0 0 305 0 305 -150 0 -150 0 0 -305z M500 980 l0 -300 150 0 150 0 0 300 0 300 -150 0 -150 0 0 -300z"/><path class="sym-line" fill="black" d="M300 1900 l0 -300 -150 0 -150 0 0 -160 0 -160 150 0 150 0 0 -300 0 -300 -151 0 c-86 0 -149 -4 -147 -9 2 -5 148 -156 326 -335 l322 -326 323 326 c177 179 324 330 325 335 2 5 -61 9 -147 9 l-151 0 0 300 0 300 150 0 150 0 0 160 0 160 -150 0 -150 0 0 300 0 300 -100 0 -100 0 0 -305 0 -305 -150 0 -150 0 0 305 0 305 -100 0 -100 0 0 -300z m500 -920 l0 -310 -150 0 -150 0 0 310 0 310 150 0 150 0 0 -310z"/></g></svg>
  <svg x='474' y='545'><g transform="translate(0.149894744626,21.8502439916) scale(0.00969276276868,-0.00986445749619)"><path class="sym-fill" fill="white" d="M500 1895 l0 -305 150 0 150 0 0 305 0 305 -150 0 -150 0 0 -305z M500 980 l0 -300 150 0 150 0 0 300 0 300 -150 0 -150 0 0 -300z M250 572 c0 -4 90 -97 200 -207 l200 -200 200 200 c110 110 200 203 200 207 0 5 -180 8 -400 8 -220 0 -400 -3 -400 -8z"/><path class="sym-line" fill="black" d="M300 1900 l0 -300 -150 0 -150 0 0 -160 0 -160 150 0 150 0 0 -300 0 -300 -151 0 c-86 0 -149 -4 -147 -9 2 -5 148 -156 326 -335 l322 -326 323 326 c177 179 324 330 325 335 2 5 -61 9 -147 9 l-151 0 0 300 0 300 150 0 150 0 0 160 0 160 -150 0 -150 0 0 300 0 300 -100 0 -100 0 0 -305 0 -305 -150 0 -150 0 0 305 0 305 -100 0 -100 0 0 -300z m500 -920 l0 -310 -150 0 -150 0 0 310 0 310 150 0 150 0 0 -310z m250 -408 c0 -4 -90 -97 -200 -207 l-200 -200 -200 200 c-110 110 -200 203 -200 207 0 5 180 8 400 8 220 0 400 -3 400 -8z"/></g></svg>
  <svg x='507' y='567'><g transform="translate(0.0,15.0) scale(0.01,-0.01)"><path class="sym-fill" fill="white" d="M200 750 l0 -550 550 0 550 0 0 550 0 550 -550 0 -550 0 0 -550z"/><path class="sym-line" fill="black" d="M0 750 l0 -750 750 0 750 0 0 750 0 750 -750 0 -750 0 0 -750z m1300 0 l0 -550 -550 0 -550 0 0 550 0 550 550 0 550 0 0 -550z"/></g></svg>
  <svg x='473' y='577'><g transform="translate(0.0,15.0) scale(0.01,-0.01)"><path class="sym-fill" fill="white" d="M200 750 l0 -550 550 0 550 0 0 550 0 550 -550 0 -550 0 0 -550z"/><path class="sym-line" fill="black" d="M0 750 l0 -750 750 0 750 0 0 750 0 750 -750 0 -750 0 0 -750z m1300 0 l0 -550 -550 0 -550 0 0 550 0 550 550 0 550 0 0 -550z"/></g></svg>
  <svg x='505' y='501'><g transform="translate(0.0827624000386,29.8972374025) scale(0.00988338120185,-0.00991626663417)"><path class="sym-fill" fill="white" d="M763 1370 l-353 -363 70 -76 c39 -42 197 -206 353 -365 l282 -289 353 363 352 362 -80 86 c-44 48 -203 212 -353 366 l-272 278 -352 -362z"/><path class="sym-line" fill="black" d="M76 2931 l-69 -69 486 -498 485 -498 -371 -381 c-204 -209 -393 -403 -419 -431 l-49 -51 481 -494 c264 -272 487 -494 495 -494 8 0 231 222 495 494 l481 494 -49 51 c-152 158 -1893 1946 -1895 1946 -2 0 -33 -31 -71 -69z m1394 -1560 c190 -194 345 -359 345 -366 0 -16 -684 -720 -700 -720 -16 0 -700 704 -700 720 0 16 687 724 700 722 6 -1 166 -161 355 -356z"/></g></svg>
</svg>