<svg version='1.1' xmlns='http://www.w3.org/2000/svg' width='88' height='49' viewBox='456 475 88 49'>
  <text font-size='0'>AS10002S1000aS20500S2880aS28812S2fb00S2f710S2f710M544x524S20500494x495S10002501x509S1000a467x509S2880a522x490S28812456x491S2fb00492x484S2f710526x475S2f710461x475</text>
  <svg x='494' y='495'><g transform="translate(-0.221878406359,10.7500002304) scale(0.0103429235226,-0.00963778430032)"><path class="sym-line" fill="black" d="M430 895 l0 -205 -37 23 c-21 13 -95 61 -165 105 l-128 82 -36 -71 c-19 -40 -32 -75 -27 -79 4 -3 74 -48 156 -99 81 -51 147 -97 147 -101 0 -4 -66 -50 -147 -101 -82 -51 -152 -96 -156 -99 -5 -4 8 -39 27 -79 l36 -71 128 82 c70 44 144 92 165 105 l37 23 0 -205 0 -205 70 0 70 0 0 205 0 205 38 -23 c20 -13 94 -61 164 -105 l128 -82 36 71 c19 40 32 75 27 79 -4 3 -74 48 -155 99 -82 51 -148 97 -148 101 0 4 66 50 148 101 81 51 151 96 155 99 5 4 -8 39 -27 79 l-36 71 -128 -82 c-70 -44 -144 -92 -164 -105 l-38 -23 0 205 0 205 -70 0 -70 0 0 -205z"/></g></svg>
  <svg x='501' y='509'><g transform="translate(0.0,15.0) scale(0.01,-0.01)"><path class="sym-fill" fill="white" d="M1700 750 l0 -550 550 0 550 0 0 550 0 550 -550 0 -550 0 0 -550z"/><path class="sym-line" fill="black" d="M0 1400 l0 -100 750 0 750 0 0 -650 0 -650 750 0 750 0 0 750 0 750 -1500 0 -1500 0 0 -100z m2800 -650 l0 -550 -550 0 -550 0 0 550 0 550 550 0 550 0 0 -550z"/></g></svg>
  <svg x='467' y='509'><g transform="translate(0.0,15.0) scale(0.01,-0.01)"><path class="sym-fill" fill="white" d="M200 750 l0 -550 550 0 550 0 0 550 0 550 -550 0 -550 0 0 -550z"/><path class="sym-line" fill="black" d="M0 750 l0 -750 750 0 750 0 0 650 0 650 750 0 750 0 0 100 0 100 -1500 0 -1500 0 0 -750z m1300 0 l0 -550 -550 0 -550 0 0 550 0 550 550 0 550 0 0 -550z"/></g></svg>
  <svg x='522' y='490'><g transform="translate(0.151309565221,11.7541632991) scale(0.00981733423896,-0.00971190736823)"><path class="sym-fill" fill="white" d="M951 1035 c-143 -32 -239 -76 -343 -156 -29 -23 -155 -144 -281 -268 l-227 -226 142 -142 143 -143 240 239 c261 260 293 284 409 303 83 14 177 0 249 -37 31 -16 96 -70 162 -136 l110 -109 143 143 142 142 -92 91 c-172 170 -270 234 -423 279 -113 34 -277 42 -374 20z"/><path class="sym-line" fill="black" d="M927 1190 c-60 -11 -161 -43 -230 -74 -118 -52 -200 -119 -449 -365 -137 -134 -248 -249 -248 -255 0 -7 22 -34 50 -61 l50 -49 247 245 c252 250 291 283 398 337 122 61 195 77 355 77 124 0 156 -3 220 -23 161 -51 264 -119 425 -281 l100 -101 -142 -142 -142 -142 -115 112 c-126 123 -180 156 -285 173 -76 12 -162 -1 -239 -36 -46 -21 -99 -69 -297 -265 l-240 -239 50 -51 c27 -27 54 -50 59 -50 6 0 116 105 246 234 252 251 259 256 360 256 90 0 117 -15 234 -131 l111 -108 -125 -126 -125 -125 503 0 502 0 0 502 0 503 -124 -124 -125 -124 -125 120 c-177 170 -288 239 -476 295 -73 22 -338 34 -423 18z"/></g></svg>
  <svg x='456' y='491'><g transform="translate(0.151309565221,11.7537240543) scale(0.00981733423896,-0.00972144175427)"><path class="sym-fill" fill="white" d="M951 1035 c-201 -46 -304 -107 -499 -299 l-92 -91 142 -142 143 -143 110 109 c66 66 131 120 162 136 72 37 166 51 249 37 116 -19 148 -43 409 -303 l240 -239 143 143 142 142 -227 226 c-242 240 -298 288 -396 343 -142 79 -376 115 -526 81z M100 425 l0 -325 327 0 328 0 -325 325 c-179 179 -326 325 -327 325 -2 0 -3 -146 -3 -325z"/><path class="sym-line" fill="black" d="M927 1190 c-60 -11 -161 -43 -230 -74 -95 -42 -194 -115 -323 -239 l-125 -120 -125 124 -124 124 0 -503 0 -502 502 0 503 0 -125 125 -125 126 111 108 c117 116 144 131 234 131 101 0 108 -5 360 -256 130 -129 240 -234 246 -234 5 0 32 23 59 50 l50 51 -240 239 c-198 196 -251 244 -297 265 -77 35 -163 48 -239 36 -105 -17 -159 -50 -285 -173 l-115 -112 -142 142 -142 142 100 101 c161 162 264 230 425 281 64 20 96 23 220 23 160 0 233 -16 355 -77 107 -54 146 -87 398 -337 l247 -245 50 49 c28 27 50 54 50 61 0 6 -111 121 -247 255 -305 301 -383 355 -603 421 -73 22 -338 34 -423 18z m-325 -932 l150 -158 -326 0 -326 0 0 332 0 333 176 -175 c96 -96 243 -246 326 -332z"/></g></svg>
  <svg x='492' y='484'><g transform="translate(0.169849905175,5.76208528494) scale(0.0097007872376,-0.00950858679199)"><path class="sym-line" fill="black" d="M552 580 c-226 -60 -429 -239 -518 -459 -13 -33 -27 -73 -30 -90 l-6 -31 60 0 61 0 42 83 c54 103 163 217 264 273 205 113 445 113 650 0 101 -56 210 -170 264 -273 l42 -83 61 0 61 0 -7 31 c-22 111 -99 242 -206 349 -99 99 -217 167 -346 200 -105 27 -289 27 -392 0z"/></g></svg>
  <svg x='526' y='475'><g transform="translate(0.0,7.0) scale(0.01,-0.01)"><path class="sym-line" fill="black" d="M0 657 l0 -43 355 -204 355 -205 -355 -3 -355 -2 0 -100 0 -100 600 0 600 0 0 83 0 82 -464 268 -464 267 -136 0 -136 0 0 -43z"/></g></svg>
  <svg x='461' y='475'><g transform="translate(0.0,7.0) scale(0.01,-0.01)"><path class="sym-line" fill="black" d="M0 657 l0 -43 355 -204 355 -205 -355 -3 -355 -2 0 -100 0 -100 600 0 600 0 0 83 0 82 -464 268 -464 267 -136 0 -136 0 0 -43z"/></g></svg>
</svg>