<svg version='1.1' xmlns='http://www.w3.org/2000/svg' width='124' height='52' viewBox='438 474 124 52'>
  <text font-size='0'>AS10003S1000bS37c13S37c1bS23700S23710S37713S3771bM562x526S10003509x503S37c1b532x498S23700500x474S23710456x474S37713540x499S37c13458x500S3771b438x500S1000b463x505</text>
  <svg x='509' y='503'><g transform="translate(0.161430915751,20.8244951336) scale(0.00990289401619,-0.00989091216993)"><path class="sym-fill" fill="white" d="M1630 1468 l-362 -353 268 -262 c148 -145 312 -304 365 -353 l97 -90 362 352 363 353 -309 302 c-170 167 -334 326 -365 353 l-57 50 -362 -352z"/><path class="sym-line" fill="black" d="M1169 1289 c-453 -441 -902 -878 -997 -972 l-173 -171 70 -69 69 -70 498 486 498 485 371 -361 c203 -198 397 -387 431 -419 l60 -59 495 481 c272 264 495 486 497 493 2 10 -766 767 -938 924 l-58 53 -823 -801z m1192 182 c195 -189 354 -349 354 -355 0 -16 -704 -701 -720 -701 -16 0 -720 686 -720 700 0 16 708 705 721 702 7 -1 171 -157 365 -346z"/></g></svg>
  <svg x='532' y='498'><g transform="translate(-0.101865299066,11.0243868031) scale(0.0100956901867,-0.0101425614297)"><path class="sym-line" fill="black" d="M415 680 l-390 -390 133 -132 132 -133 392 392 393 393 -130 130 c-71 71 -132 130 -135 130 -3 0 -181 -176 -395 -390z"/></g></svg>
  <svg x='500' y='474'><g transform="translate(0.149705079246,20.7513880767) scale(0.00989755853768,-0.00981853809262)"><path class="sym-fill" fill="white" d="M1810 1450 l0 -350 140 0 140 0 0 350 0 350 -140 0 -140 0 0 -350z M570 1050 l0 -350 145 0 145 0 0 350 0 350 -145 0 -145 0 0 -350z M3040 1050 l0 -350 145 0 145 0 0 350 0 350 -145 0 -145 0 0 -350z"/><path class="sym-line" fill="black" d="M374 1753 l-331 -348 169 -3 168 -2 0 -350 0 -350 95 0 95 0 0 350 0 350 145 0 145 0 0 -350 0 -350 95 0 95 0 0 350 0 350 167 2 167 3 -329 345 c-180 190 -333 346 -339 348 -7 1 -160 -154 -342 -345z M2845 1752 l-330 -347 168 -3 167 -2 0 -350 0 -350 95 0 95 0 0 350 0 350 145 0 145 0 0 -350 0 -350 95 0 95 0 0 350 0 350 168 2 168 3 -328 345 c-180 190 -334 346 -341 347 -6 2 -160 -154 -342 -345z M1610 1450 l0 -350 -165 -2 -165 -3 330 -348 c182 -191 335 -347 340 -347 5 0 157 156 339 348 l330 347 -164 3 -165 2 0 350 0 350 -100 0 -100 0 0 -350 0 -350 -145 0 -145 0 0 350 0 350 -95 0 -95 0 0 -350z M0 100 l0 -100 1950 0 1950 0 0 100 0 100 -1950 0 -1950 0 0 -100z"/></g></svg>
  <svg x='456' y='474'><g transform="translate(0.149705079246,20.7513880767) scale(0.00989755853768,-0.00981853809262)"><path class="sym-fill" fill="white" d="M494 1727 l-211 -222 214 -3 c117 -1 310 -1 429 0 l216 3 -212 223 c-116 122 -215 222 -218 222 -4 -1 -102 -101 -218 -223z M2969 1728 l-213 -223 423 -3 c233 -1 426 0 429 3 4 4 -404 436 -419 443 -4 2 -103 -97 -220 -220z M1810 1450 l0 -350 140 0 140 0 0 350 0 350 -140 0 -140 0 0 -350z M570 1050 l0 -350 145 0 145 0 0 350 0 350 -145 0 -145 0 0 -350z M3040 1050 l0 -350 145 0 145 0 0 350 0 350 -145 0 -145 0 0 -350z M1629 883 c61 -65 158 -167 216 -228 l105 -110 83 87 c45 47 142 150 216 227 l133 141 -432 0 -432 0 111 -117z"/><path class="sym-line" fill="black" d="M374 1753 l-331 -348 169 -3 168 -2 0 -350 0 -350 95 0 95 0 0 350 0 350 145 0 145 0 0 -350 0 -350 95 0 95 0 0 350 0 350 167 2 167 3 -329 345 c-180 190 -333 346 -339 348 -7 1 -160 -154 -342 -345z m575 -40 l203 -213 -438 0 -437 0 64 68 c35 37 134 140 219 230 145 153 155 161 170 145 9 -10 108 -114 219 -230z M2845 1752 l-330 -347 168 -3 167 -2 0 -350 0 -350 95 0 95 0 0 350 0 350 145 0 145 0 0 -350 0 -350 95 0 95 0 0 350 0 350 168 2 168 3 -328 345 c-180 190 -334 346 -341 347 -6 2 -160 -154 -342 -345z m634 -101 l143 -151 -437 0 -437 0 173 181 c96 100 194 204 219 232 l44 50 76 -80 c41 -45 140 -149 219 -232z M1610 1450 l0 -350 -165 -2 -165 -3 330 -348 c182 -191 335 -347 340 -347 5 0 157 156 339 348 l330 347 -164 3 -165 2 0 350 0 350 -100 0 -100 0 0 -350 0 -350 -145 0 -145 0 0 350 0 350 -95 0 -95 0 0 -350z m711 -517 c-33 -38 -130 -140 -216 -228 l-155 -160 -165 170 c-91 94 -188 196 -216 228 l-51 57 432 0 432 0 -61 -67z M0 100 l0 -100 1950 0 1950 0 0 100 0 100 -1950 0 -1950 0 0 -100z"/></g></svg>
  <svg x='540' y='499'><g transform="translate(-0.661073667604,22.5761143013) scale(0.0105463059735,-0.0105677089589)"><path class="sym-line" fill="black" d="M251 1948 l-174 -170 851 -851 852 -852 172 173 173 172 -850 849 -850 850 -174 -171z"/></g></svg>
  <svg x='458' y='500'><g transform="translate(-0.101865299066,11.0243868031) scale(0.0100956901867,-0.0101425614297)"><path class="sym-line" fill="black" d="M155 940 l-130 -130 393 -393 392 -392 132 133 133 132 -390 390 c-214 214 -392 390 -395 390 -3 0 -64 -59 -135 -130z"/></g></svg>
  <svg x='438' y='500'><g transform="translate(-0.639250468058,22.5739200462) scale(0.0105363551262,-0.0105618014936)"><path class="sym-line" fill="black" d="M925 1270 l-850 -850 173 -172 172 -173 852 852 853 853 -170 170 c-93 93 -172 170 -175 170 -3 0 -388 -382 -855 -850z"/></g></svg>
  <svg x='463' y='505'><g transform="translate(-0.000386923174939,20.850053965) scale(0.00992352449453,-0.00995879590473)"><path class="sym-fill" fill="white" d="M640 1467 l-362 -352 238 -232 c132 -128 296 -287 366 -354 l127 -120 362 353 361 353 -338 332 c-187 183 -351 342 -365 353 l-26 19 -363 -352z"/><path class="sym-line" fill="black" d="M509 1609 c-272 -264 -494 -486 -494 -493 0 -7 193 -201 430 -431 237 -230 460 -447 496 -482 l66 -65 427 416 c234 229 429 416 433 416 5 0 230 -216 502 -480 l495 -481 68 68 c37 37 67 70 66 74 -3 7 -1955 1907 -1979 1926 -13 10 -94 -64 -510 -468z m869 -143 l360 -350 -236 -230 c-131 -127 -294 -286 -364 -354 -69 -68 -131 -123 -136 -121 -19 7 -720 694 -719 704 3 17 711 705 724 702 6 -1 173 -159 371 -351z"/></g></svg>
</svg>