<svg version='1.1' xmlns='http://www.w3.org/2000/svg' width='102' height='59' viewBox='449 470 102 59'>
  <text font-size='0'>AS10021S10029S26506S26512S26726S26506S26512S2fb00S2fb00M551x529S2fb00464x470S2fb00519x471S26506478x483S26506530x482S26512505x482S26512450x483S26726509x511S10021465x508S10029449x508</text>
  <svg x='464' y='470'><g transform="translate(0.169849905175,5.76208528494) scale(0.0097007872376,-0.00950858679199)"><path class="sym-line" fill="black" d="M552 580 c-226 -60 -429 -239 -518 -459 -13 -33 -27 -73 -30 -90 l-6 -31 60 0 61 0 42 83 c54 103 163 217 264 273 205 113 445 113 650 0 101 -56 210 -170 264 -273 l42 -83 61 0 61 0 -7 31 c-22 111 -99 242 -206 349 -99 99 -217 167 -346 200 -105 27 -289 27 -392 0z"/></g></svg>
  <svg x='519' y='471'><g transform="translate(0.169849905175,5.76208528494) scale(0.0097007872376,-0.00950858679199)"><path class="sym-line" fill="black" d="M552 580 c-226 -60 -429 -239 -518 -459 -13 -33 -27 -73 -30 -90 l-6 -31 60 0 61 0 42 83 c54 103 163 217 264 273 205 113 445 113 650 0 101 -56 210 -170 264 -273 l42 -83 61 0 61 0 -7 31 c-22 111 -99 242 -206 349 -99 99 -217 167 -346 200 -105 27 -289 27 -392 0z"/></g></svg>
  <svg x='478' y='483'><g transform="translate(0.149734255248,13.6974450331) scale(0.0097007872376,-0.00964308576999)"><path class="sym-line" fill="black" d="M800 1102 l0 -302 -400 0 -400 0 0 -100 0 -100 400 0 400 0 0 -302 0 -303 352 353 353 352 -353 352 -352 353 0 -303z"/></g></svg>
  <svg x='530' y='482'><g transform="translate(0.149734255248,13.6974450331) scale(0.0097007872376,-0.00964308576999)"><path class="sym-line" fill="black" d="M800 1102 l0 -302 -400 0 -400 0 0 -100 0 -100 400 0 400 0 0 -302 0 -303 352 353 353 352 -353 352 -352 353 0 -303z"/></g></svg>
  <svg x='505' y='482'><g transform="translate(0.198128695057,13.7002011211) scale(0.0097007872376,-0.0096798311579)"><path class="sym-fill" fill="white" d="M370 925 l-225 -225 228 -228 227 -227 0 453 c0 248 -1 452 -3 452 -1 0 -103 -101 -227 -225z"/><path class="sym-line" fill="black" d="M345 1050 l-350 -350 353 -353 352 -352 0 303 0 302 400 0 400 0 0 100 0 100 -400 0 -400 0 -2 300 -3 300 -350 -350z m255 -352 l0 -453 -227 227 -228 228 225 225 c124 124 226 225 227 225 2 0 3 -204 3 -452z"/></g></svg>
  <svg x='450' y='483'><g transform="translate(0.198128695057,13.7002011211) scale(0.0097007872376,-0.0096798311579)"><path class="sym-fill" fill="white" d="M370 925 l-225 -225 228 -228 227 -227 0 453 c0 248 -1 452 -3 452 -1 0 -103 -101 -227 -225z"/><path class="sym-line" fill="black" d="M345 1050 l-350 -350 353 -353 352 -352 0 303 0 302 400 0 400 0 0 100 0 100 -400 0 -400 0 -2 300 -3 300 -350 -350z m255 -352 l0 -453 -227 227 -228 228 225 225 c124 124 226 225 227 225 2 0 3 -204 3 -452z"/></g></svg>
  <svg x='509' y='511'><g transform="translate(0.149797517876,15.6976811299) scale(0.00989293660622,-0.00968799012796)"><path class="sym-line" fill="black" d="M3400 1460 l0 -144 258 -252 257 -252 -257 -259 -258 -258 0 -150 0 -150 402 403 403 402 -403 402 -402 403 0 -145z M0 800 l0 -100 1700 0 1700 0 0 100 0 100 -1700 0 -1700 0 0 -100z"/></g></svg>
  <svg x='465' y='508'><g transform="translate(0.141356881793,20.8577841504) scale(0.00991963449397,-0.00995134096646)"><path class="sym-line" fill="black" d="M61 2016 c-35 -35 -62 -68 -60 -73 6 -15 1979 -1933 1988 -1933 12 0 996 958 996 969 0 11 -985 971 -996 971 -4 0 -199 -187 -434 -416 l-427 -417 -86 85 c-439 429 -904 878 -910 878 -4 0 -36 -29 -71 -64z"/></g></svg>
  <svg x='449' y='508'><g transform="translate(-0.000406897218493,20.8577841504) scale(0.00992739824844,-0.00995134096646)"><path class="sym-line" fill="black" d="M2414 1644 c-247 -240 -470 -457 -495 -481 l-46 -45 -427 416 c-234 229 -430 416 -434 416 -9 0 -997 -961 -997 -971 0 -10 987 -969 997 -969 9 0 1965 1900 1983 1926 7 10 -6 29 -55 79 -35 36 -67 65 -71 65 -3 0 -208 -196 -455 -436z"/></g></svg>
</svg>