<svg version='1.1' xmlns='http://www.w3.org/2000/svg' width='70' height='84' viewBox='465 458 70 84'>
  <text font-size='0'>AS10621S1060aS20800S2d205S2d211S10602S10629S20800M535x542S1060a477x458S10621494x458S20800495x472S10629468x517S10602494x517S20800489x532S2d205502x485S2d211465x484</text>
  <svg x='477' y='458'><g transform="translate(0.0,15.0) scale(0.01,-0.01)"><path class="sym-fill" fill="white" d="M200 750 l0 -550 550 0 550 0 0 550 0 550 -550 0 -550 0 0 -550z"/><path class="sym-line" fill="black" d="M0 750 l0 -750 750 0 750 0 0 650 0 650 450 0 450 0 0 -200 0 -200 -250 0 -250 0 0 -100 0 -100 350 0 350 0 0 400 0 400 -1300 0 -1300 0 0 -750z m1300 0 l0 -550 -550 0 -550 0 0 550 0 550 550 0 550 0 0 -550z"/></g></svg>
  <svg x='494' y='458'><g transform="translate(0.102029538781,19.8659661908) scale(0.00991847910001,-0.00995298268198)"><path class="sym-line" fill="black" d="M1673 1558 l-423 -423 -359 359 -360 360 -257 -250 c-142 -137 -262 -258 -268 -267 -9 -14 24 -52 221 -249 l233 -233 70 70 70 70 -165 165 -165 165 72 70 c40 39 99 94 130 124 l57 54 787 -781 787 -781 493 486 c272 268 494 492 494 498 0 13 -974 985 -987 985 -4 0 -198 -190 -430 -422z"/></g></svg>
  <svg x='495' y='472'><g transform="translate(0.0,10.0) scale(0.01,-0.01)"><path class="sym-line" fill="black" d="M400 800 l0 -200 -200 0 -200 0 0 -100 0 -100 200 0 200 0 0 -200 0 -200 100 0 100 0 0 200 0 200 200 0 200 0 0 100 0 100 -200 0 -200 0 0 200 0 200 -100 0 -100 0 0 -200z"/></g></svg>
  <svg x='468' y='517'><g transform="translate(0.157931292922,19.8659661908) scale(0.00988368800961,-0.00995298268198)"><path class="sym-line" fill="black" d="M493 1487 l-494 -492 499 -492 499 -492 787 780 786 781 131 -123 130 -123 -166 -166 -165 -165 70 -70 70 -70 233 233 c197 197 230 235 221 249 -6 9 -126 130 -268 267 l-257 250 -360 -360 -359 -359 -423 423 c-232 232 -426 422 -431 422 -4 0 -231 -222 -503 -493z"/></g></svg>
  <svg x='494' y='517'><g transform="translate(0.0,15.0) scale(0.01,-0.01)"><path class="sym-fill" fill="white" d="M1300 750 l0 -550 550 0 550 0 0 550 0 550 -550 0 -550 0 0 -550z"/><path class="sym-line" fill="black" d="M0 1100 l0 -400 350 0 350 0 0 100 0 100 -250 0 -250 0 0 200 0 200 450 0 450 0 0 -650 0 -650 750 0 750 0 0 750 0 750 -1300 0 -1300 0 0 -400z m2400 -350 l0 -550 -550 0 -550 0 0 550 0 550 550 0 550 0 0 -550z"/></g></svg>
  <svg x='489' y='532'><g transform="translate(0.0,10.0) scale(0.01,-0.01)"><path class="sym-line" fill="black" d="M400 800 l0 -200 -200 0 -200 0 0 -100 0 -100 200 0 200 0 0 -200 0 -200 100 0 100 0 0 200 0 200 200 0 200 0 0 100 0 100 -200 0 -200 0 0 200 0 200 -100 0 -100 0 0 -200z"/></g></svg>
  <svg x='502' y='485'><g transform="translate(0.150075358497,23.761801081) scale(0.00987904457514,-0.00983890149207)"><path class="sym-line" fill="black" d="M900 1750 l0 -650 -450 0 -450 0 0 -50 0 -50 449 0 450 0 3 -312 c3 -300 4 -315 26 -370 51 -125 165 -240 290 -290 53 -21 74 -23 312 -26 167 -2 276 1 315 8 123 24 250 94 339 187 55 57 107 168 113 242 l6 61 201 0 201 0 -353 352 -352 353 -352 -353 -353 -352 199 0 199 0 -5 -43 c-7 -59 -35 -115 -83 -162 -63 -63 -106 -80 -205 -80 -99 0 -142 17 -205 80 -83 83 -95 140 -95 468 l0 237 250 0 250 0 0 50 0 50 -250 0 -250 0 0 650 0 650 -100 0 -100 0 0 -650z M2400 1050 l0 -50 450 0 450 0 0 50 0 50 -450 0 -450 0 0 -50z"/></g></svg>
  <svg x='465' y='484'><g transform="translate(0.150751748454,22.7361405685) scale(0.0098452250773,-0.00982074046458)"><path class="sym-fill" fill="white" d="M1170 1925 l-225 -225 455 0 455 0 -225 225 c-124 124 -227 225 -230 225 -3 0 -106 -101 -230 -225z"/><path class="sym-line" fill="black" d="M1045 1950 l-350 -350 303 0 302 0 0 -300 0 -300 -650 0 -650 0 0 -50 0 -50 651 0 651 0 -4 -273 c-3 -288 -5 -302 -57 -361 -27 -31 -88 -56 -135 -56 -36 0 -52 6 -81 31 -63 55 -115 196 -115 309 l0 50 -355 0 -355 0 0 -42 c0 -57 23 -138 56 -203 79 -157 251 -285 448 -335 108 -27 445 -29 522 -3 88 29 159 83 207 156 64 97 67 118 67 439 l0 288 550 0 550 0 0 50 0 50 -550 0 -550 0 0 300 0 300 302 0 303 0 -350 350 c-192 193 -352 350 -355 350 -3 0 -163 -157 -355 -350z m591 -25 l229 -224 -465 0 -465 0 229 224 c125 124 232 225 236 225 4 0 111 -101 236 -225z"/></g></svg>
</svg>