<svg version='1.1' xmlns='http://www.w3.org/2000/svg' width='91' height='101' viewBox='455 482 91 101'>
  <text font-size='0'>AS10e20S10e28S22a05S22a13S11010S11018S2fb04M546x583S11010531x556S11018455x556S2fb04496x576S30a00482x482S10e20511x520S10e28473x520S22a05511x554S22a13477x554S34000482x482</text>
  <svg x='531' y='556'><g transform="translate(0.0,27.0) scale(0.01,-0.01)"><path class="sym-fill" fill="white" d="M200 750 l0 -550 300 0 300 0 0 550 0 550 -300 0 -300 0 0 -550z"/><path class="sym-line" fill="black" d="M100 2400 l0 -300 100 0 100 0 0 200 0 200 100 0 100 0 0 -500 0 -500 -250 0 -250 0 0 -750 0 -750 750 0 750 0 0 1250 0 1250 -300 0 -300 0 0 -300 0 -300 100 0 100 0 0 200 0 200 100 0 100 0 0 -400 0 -400 -300 0 -300 0 0 600 0 600 -300 0 -300 0 0 -300z m700 -1650 l0 -550 -300 0 -300 0 0 550 0 550 300 0 300 0 0 -550z"/></g></svg>
  <svg x='455' y='556'><g transform="translate(0.0,27.0) scale(0.01,-0.01)"><path class="sym-fill" fill="white" d="M700 750 l0 -550 300 0 300 0 0 550 0 550 -300 0 -300 0 0 -550z"/><path class="sym-line" fill="black" d="M800 2100 l0 -600 -300 0 -300 0 0 400 0 400 100 0 100 0 0 -200 0 -200 100 0 100 0 0 300 0 300 -300 0 -300 0 0 -1250 0 -1250 750 0 750 0 0 750 0 750 -250 0 -250 0 0 500 0 500 100 0 100 0 0 -200 0 -200 100 0 100 0 0 300 0 300 -300 0 -300 0 0 -600z m500 -1350 l0 -550 -300 0 -300 0 0 550 0 550 300 0 300 0 0 -550z"/></g></svg>
  <svg x='496' y='576'><g transform="translate(0.178125321737,5.7484375) scale(0.00969593203301,-0.00933333333333)"><path class="sym-line" fill="black" d="M4 569 c22 -111 99 -242 206 -349 151 -151 320 -220 540 -220 220 0 389 69 540 220 107 107 184 238 206 349 l7 31 -61 0 -61 0 -42 -82 c-54 -104 -163 -218 -264 -274 -154 -85 -340 -108 -501 -61 -176 51 -331 177 -413 335 l-42 82 -61 0 -61 0 7 -31z"/></g></svg>
  <svg x='482' y='482'><g transform="translate(0.149874875465,34.7500790925) scale(0.00988906872676,-0.00988956850125)"><path class="sym-line" fill="black" d="M1528 3484 c-592 -92 -1088 -447 -1348 -963 -125 -249 -180 -485 -180 -771 0 -480 183 -911 529 -1242 350 -336 780 -508 1271 -508 451 0 864 150 1193 434 326 281 517 620 591 1051 21 121 21 409 0 530 -43 252 -114 444 -237 639 -282 453 -741 750 -1284 831 -127 19 -413 18 -535 -1z m607 -173 c583 -126 1038 -523 1224 -1069 59 -173 75 -277 75 -492 0 -165 -3 -211 -22 -300 -71 -327 -228 -611 -458 -829 -186 -177 -381 -295 -614 -374 -176 -60 -282 -78 -490 -84 -247 -7 -416 19 -628 97 -549 201 -944 674 -1043 1250 -17 97 -17 383 0 480 99 576 495 1050 1043 1250 105 38 177 58 303 81 143 26 467 21 610 -10z M1170 2747 c-85 -84 -247 -242 -359 -351 l-204 -199 42 -40 43 -39 141 139 c78 76 242 236 364 354 l222 216 -37 36 c-21 21 -42 37 -47 37 -6 0 -80 -69 -165 -153z M2222 2867 c-18 -18 -32 -36 -32 -39 0 -4 89 -94 198 -200 108 -106 270 -265 360 -353 l162 -159 42 41 42 42 -235 228 c-129 125 -290 283 -359 350 -69 68 -130 123 -136 123 -6 0 -24 -15 -42 -33z M1211 2330 c-198 -194 -361 -355 -361 -359 0 -13 68 -73 79 -70 13 5 721 690 721 699 0 3 -17 23 -39 44 l-38 37 -362 -351z M1987 2642 c-20 -21 -37 -40 -37 -43 0 -7 710 -693 722 -698 12 -4 78 59 77 73 -1 10 -703 698 -718 704 -4 1 -23 -15 -44 -36z"/></g></svg>
  <svg x='511' y='520'><g transform="translate(0.0,30.0) scale(0.01,-0.01)"><path class="sym-line" fill="black" d="M0 1500 l0 -1500 750 0 750 0 0 750 0 750 -502 0 -503 0 458 458 c251 251 457 459 457 462 0 3 -34 36 -76 74 l-76 69 -529 -529 -529 -529 0 748 0 747 -100 0 -100 0 0 -1500z"/></g></svg>
  <svg x='473' y='520'><g transform="translate(0.0,30.0) scale(0.01,-0.01)"><path class="sym-line" fill="black" d="M1300 2253 l0 -748 -529 529 -529 529 -76 -69 c-42 -38 -76 -71 -76 -74 0 -3 206 -211 457 -462 l458 -458 -503 0 -502 0 0 -750 0 -750 750 0 750 0 0 1500 0 1500 -100 0 -100 0 0 -747z"/></g></svg>
  <svg x='511' y='554'><g transform="translate(-0.13306451868,13.7638618061) scale(0.0100651361624,-0.0098696390724)"><path class="sym-fill" fill="white" d="M260 1124 c-52 -59 -95 -110 -95 -114 0 -11 525 -590 534 -590 5 0 52 48 104 106 l96 107 -37 43 c-81 94 -497 553 -502 553 -3 1 -48 -47 -100 -105z"/><path class="sym-line" fill="black" d="M427 1308 l-66 -73 23 -25 c230 -254 504 -558 510 -568 5 -8 -27 -50 -91 -121 -54 -60 -101 -108 -104 -107 -3 0 -127 135 -275 298 l-269 297 -60 -66 c-33 -36 -63 -71 -67 -78 -4 -7 98 -127 258 -304 146 -160 264 -296 262 -301 -2 -4 -50 -61 -108 -125 -58 -64 -106 -121 -108 -126 -2 -5 189 -9 472 -9 l476 0 0 525 c0 289 -3 525 -7 524 -5 0 -60 -58 -123 -129 -63 -71 -115 -128 -116 -127 -12 18 -529 583 -534 585 -4 2 -37 -30 -73 -70z"/></g></svg>
  <svg x='477' y='554'><g transform="translate(0.150473191431,14.0633483059) scale(0.00985915292844,-0.0100666588668)"><path class="sym-fill" fill="white" d="M665 944 c-148 -157 -270 -291 -270 -298 0 -8 44 -59 97 -114 l98 -101 276 290 276 289 -21 27 c-11 16 -57 65 -103 110 l-83 82 -270 -285z M100 465 l0 -325 311 0 311 0 -38 43 c-62 68 -576 607 -580 607 -2 0 -4 -146 -4 -325z"/><path class="sym-line" fill="black" d="M520 1091 l-275 -291 -122 128 -122 127 -1 -512 0 -513 486 0 c462 0 486 1 473 18 -7 9 -60 65 -117 124 -71 73 -101 111 -96 120 4 7 125 136 269 286 143 150 261 278 263 285 1 7 -28 43 -66 80 l-68 68 -273 -288 c-150 -159 -276 -289 -280 -291 -4 -1 -53 47 -109 107 l-101 109 274 288 c151 159 275 293 275 298 0 4 -30 40 -67 78 l-68 69 -275 -290z m-97 -628 c169 -177 307 -324 307 -327 0 -3 -142 -6 -315 -6 l-315 0 0 331 c0 182 3 329 8 327 4 -1 146 -148 315 -325z"/></g></svg>
  <svg x='482' y='482'><g transform="translate(0.149874875465,34.7500790925) scale(0.00988906872676,-0.00988956850125)"><path class="sym-line" fill="black" d="M1528 3484 c-592 -92 -1088 -447 -1348 -963 -125 -249 -180 -485 -180 -771 0 -480 183 -911 529 -1242 350 -336 780 -508 1271 -508 451 0 864 150 1193 434 326 281 517 620 591 1051 21 121 21 409 0 530 -43 252 -114 444 -237 639 -282 453 -741 750 -1284 831 -127 19 -413 18 -535 -1z m607 -173 c583 -126 1038 -523 1224 -1069 59 -173 75 -277 75 -492 0 -165 -3 -211 -22 -300 -71 -327 -228 -611 -458 -829 -186 -177 -381 -295 -614 -374 -176 -60 -282 -78 -490 -84 -247 -7 -416 19 -628 97 -549 201 -944 674 -1043 1250 -17 97 -17 383 0 480 99 576 495 1050 1043 1250 105 38 177 58 303 81 143 26 467 21 610 -10z M972 1133 c172 -279 410 -466 657 -519 98 -21 272 -18 364 5 248 64 470 243 636 514 l41 67 -870 0 -869 0 41 -67z m1327 -166 c-146 -141 -305 -207 -499 -207 -193 0 -350 65 -499 207 l-86 82 585 0 585 0 -86 -82z"/></g></svg>
</svg>