<svg version='1.1' xmlns='http://www.w3.org/2000/svg' width='69' height='110' viewBox='477 482 69 110'>
  <text font-size='0'>AS10612S20e00S26506S30004S18210S18218S26a00S26a10S2fb00M546x592S10612488x520S30004482x482S20e00516x520S26506531x518S2fb00495x552S18210507x577S18218477x577S26a00507x560S26a10477x560</text>
  <svg x='488' y='520'><g transform="translate(0.0,15.0) scale(0.01,-0.01)"><path class="sym-fill" fill="white" d="M1300 500 l0 -300 550 0 550 0 0 300 0 300 -550 0 -550 0 0 -300z"/><path class="sym-line" fill="black" d="M0 1100 l0 -400 350 0 350 0 0 100 0 100 -250 0 -250 0 0 200 0 200 450 0 450 0 0 -650 0 -650 750 0 750 0 0 750 0 750 -1300 0 -1300 0 0 -400z m2400 -600 l0 -300 -550 0 -550 0 0 300 0 300 550 0 550 0 0 -300z"/></g></svg>
  <svg x='482' y='482'><g transform="translate(0.149874875465,34.7500790925) scale(0.00988906872676,-0.00988956850125)"><path class="sym-line" fill="black" d="M1528 3484 c-592 -92 -1088 -447 -1348 -963 -125 -249 -180 -485 -180 -771 0 -480 183 -911 529 -1242 350 -336 780 -508 1271 -508 451 0 864 150 1193 434 326 281 517 620 591 1051 21 121 21 409 0 530 -43 252 -114 444 -237 639 -282 453 -741 750 -1284 831 -127 19 -413 18 -535 -1z m607 -173 c583 -126 1038 -523 1224 -1069 59 -173 75 -277 75 -492 0 -165 -3 -211 -22 -300 -107 -494 -416 -893 -866 -1117 -37 -19 -69 -33 -71 -31 -1 2 -18 29 -38 60 -94 149 -268 273 -445 319 -101 26 -279 26 -378 0 -205 -53 -367 -177 -479 -366 -10 -16 -16 -15 -75 15 -473 236 -792 664 -881 1180 -17 97 -17 383 0 480 99 576 495 1050 1043 1250 105 38 177 58 303 81 143 26 467 21 610 -10z m-157 -2796 c80 -25 167 -76 234 -137 50 -45 111 -129 101 -139 -12 -11 -155 -46 -263 -64 -125 -20 -371 -20 -498 1 -92 14 -247 50 -264 60 -23 14 101 152 189 211 136 92 339 119 501 68z"/></g></svg>
  <svg x='516' y='520'><g transform="translate(0.146427179928,11.7544805477) scale(0.00967082850362,-0.00967852689504)"><path class="sym-fill" fill="white" d="M503 985 c-159 -43 -265 -159 -295 -325 -22 -116 23 -252 112 -340 88 -89 224 -134 340 -112 178 33 299 154 332 332 22 115 -23 252 -110 339 -56 56 -107 85 -189 106 -70 18 -121 18 -190 0z m175 -200 c104 -44 151 -167 103 -270 -71 -153 -291 -153 -362 0 -33 72 -19 166 34 224 52 56 151 76 225 46z"/><path class="sym-line" fill="black" d="M435 1181 c-206 -60 -366 -224 -419 -428 -21 -78 -21 -228 0 -306 54 -208 223 -377 431 -431 78 -21 228 -21 306 0 208 54 377 223 431 431 21 78 21 228 0 306 -26 103 -80 195 -158 273 -78 78 -170 132 -273 158 -82 21 -240 20 -318 -3z m276 -197 c134 -40 234 -140 273 -273 62 -211 -60 -432 -273 -495 -210 -62 -433 61 -495 273 -61 207 56 426 264 492 70 23 161 24 231 3z M509 772 c-43 -22 -59 -38 -81 -81 -36 -68 -36 -114 0 -182 22 -43 38 -59 81 -81 68 -36 114 -36 182 0 43 22 59 38 81 81 36 68 36 114 0 182 -22 43 -38 59 -81 81 -68 36 -114 36 -182 0z"/></g></svg>
  <svg x='531' y='518'><g transform="translate(0.149734255248,13.6974450331) scale(0.0097007872376,-0.00964308576999)"><path class="sym-line" fill="black" d="M800 1102 l0 -302 -400 0 -400 0 0 -100 0 -100 400 0 400 0 0 -302 0 -303 352 353 353 352 -353 352 -352 353 0 -303z"/></g></svg>
  <svg x='495' y='552'><g transform="translate(0.169849905175,5.76208528494) scale(0.0097007872376,-0.00950858679199)"><path class="sym-line" fill="black" d="M552 580 c-226 -60 -429 -239 -518 -459 -13 -33 -27 -73 -30 -90 l-6 -31 60 0 61 0 42 83 c54 103 163 217 264 273 205 113 445 113 650 0 101 -56 210 -170 264 -273 l42 -83 61 0 61 0 -7 31 c-22 111 -99 242 -206 349 -99 99 -217 167 -346 200 -105 27 -289 27 -392 0z"/></g></svg>
  <svg x='507' y='577'><g transform="translate(0.0,15.0) scale(0.01,-0.01)"><path class="sym-fill" fill="white" d="M1600 750 l0 -650 150 0 150 0 0 650 0 650 -150 0 -150 0 0 -650z"/><path class="sym-line" fill="black" d="M0 1300 l0 -200 750 0 750 0 0 -550 0 -550 400 0 400 0 0 750 0 750 -1150 0 -1150 0 0 -200z m1900 -550 l0 -650 -150 0 -150 0 0 650 0 650 150 0 150 0 0 -650z"/></g></svg>
  <svg x='477' y='577'><g transform="translate(0.0,15.0) scale(0.01,-0.01)"><path class="sym-fill" fill="white" d="M400 750 l0 -650 150 0 150 0 0 650 0 650 -150 0 -150 0 0 -650z"/><path class="sym-line" fill="black" d="M0 750 l0 -750 400 0 400 0 0 550 0 550 750 0 750 0 0 200 0 200 -1150 0 -1150 0 0 -750z m700 0 l0 -650 -150 0 -150 0 0 650 0 650 150 0 150 0 0 -650z"/></g></svg>
  <svg x='507' y='560'><g transform="translate(0.199152862387,13.7487019785) scale(0.00981571140639,-0.0096798311579)"><path class="sym-line" fill="black" d="M345 1050 l-350 -350 303 0 302 0 0 -350 0 -350 100 0 100 0 0 350 0 350 550 0 550 0 0 -350 0 -350 100 0 100 0 0 350 0 350 302 0 303 0 -352 352 -353 353 -325 -325 -325 -325 -323 323 c-177 177 -324 322 -327 322 -3 0 -163 -157 -355 -350z"/></g></svg>
  <svg x='477' y='560'><g transform="translate(0.199152862387,13.7487019785) scale(0.00981571140639,-0.0096798311579)"><path class="sym-fill" fill="white" d="M470 1025 l-225 -225 455 0 455 0 -225 225 c-124 124 -227 225 -230 225 -3 0 -106 -101 -230 -225z M1770 1025 l-225 -225 455 0 455 0 -225 225 c-124 124 -227 225 -230 225 -3 0 -106 -101 -230 -225z"/><path class="sym-line" fill="black" d="M345 1050 l-350 -350 303 0 302 0 0 -350 0 -350 100 0 100 0 0 350 0 350 550 0 550 0 0 -350 0 -350 100 0 100 0 0 350 0 350 302 0 303 0 -352 352 -353 353 -325 -325 -325 -325 -323 323 c-177 177 -324 322 -327 322 -3 0 -163 -157 -355 -350z m585 -25 l225 -225 -455 0 -455 0 225 225 c124 124 227 225 230 225 3 0 106 -101 230 -225z m1300 0 l225 -225 -455 0 -455 0 225 225 c124 124 227 225 230 225 3 0 106 -101 230 -225z"/></g></svg>
</svg>