<svg version='1.1' xmlns='http://www.w3.org/2000/svg' width='89' height='135' viewBox='455 482 89 135'>
  <text font-size='0'>AS10004S1000cS2b700S2b700S2b711S2b711S33b00S2f900S2f900S2f900S2f900S2fd04M544x617S1000c455x577S2fd04486x609S10004523x587S2b700525x558S2b700509x535S2b711457x546S2b711468x519S33b00482x482S2f900523x571S2f900508x548S2f900466x558S2f900477x531</text>
  <svg x='455' y='577'><g transform="translate(0.0,30.0) scale(0.01,-0.01)"><path class="sym-fill" fill="white" d="M200 2250 l0 -550 550 0 550 0 0 550 0 550 -550 0 -550 0 0 -550z"/><path class="sym-line" fill="black" d="M0 2250 l0 -750 650 0 650 0 0 -750 0 -750 100 0 100 0 0 1500 0 1500 -750 0 -750 0 0 -750z m1300 0 l0 -550 -550 0 -550 0 0 550 0 550 550 0 550 0 0 -550z"/></g></svg>
  <svg x='486' y='609'><g transform="translate(0.179499103211,5.7484375) scale(0.00980544418547,-0.00933333333333)"><path class="sym-line" fill="black" d="M4 569 c22 -111 99 -242 206 -349 151 -151 320 -220 539 -220 137 0 216 17 324 67 l77 36 78 -36 c107 -50 186 -67 323 -67 219 0 388 69 539 220 107 107 184 238 206 349 l6 31 -60 0 -61 0 -42 -82 c-54 -104 -163 -218 -264 -274 -151 -84 -336 -107 -495 -63 -40 11 -77 22 -82 25 -4 3 11 27 34 55 76 88 147 221 165 311 l6 28 -61 0 -61 0 -43 -82 c-46 -88 -158 -218 -188 -218 -30 0 -142 130 -188 218 l-43 82 -61 0 -60 0 5 -28 c18 -90 89 -223 165 -311 23 -28 38 -52 34 -55 -5 -3 -42 -14 -82 -25 -159 -44 -344 -21 -495 63 -101 56 -210 170 -264 274 l-42 82 -61 0 -61 0 7 -31z"/></g></svg>
  <svg x='523' y='587'><g transform="translate(0.0,30.0) scale(0.01,-0.01)"><path class="sym-fill" fill="white" d="M200 2250 l0 -550 550 0 550 0 0 550 0 550 -550 0 -550 0 0 -550z"/><path class="sym-line" fill="black" d="M0 1500 l0 -1500 100 0 100 0 0 750 0 750 650 0 650 0 0 750 0 750 -750 0 -750 0 0 -1500z m1300 750 l0 -550 -550 0 -550 0 0 550 0 550 550 0 550 0 0 -550z"/></g></svg>
  <svg x='525' y='558'><g transform="translate(0.200475594973,22.7498041047) scale(0.00976296692944,-0.00983706505647)"><path class="sym-line" fill="black" d="M775 2285 c-92 -34 -160 -86 -208 -158 -50 -76 -67 -137 -67 -239 l0 -88 -252 0 -253 0 278 -277 277 -278 277 278 278 277 -254 0 -254 0 7 79 c3 43 11 94 18 112 28 85 106 160 193 190 22 7 83 13 135 13 79 0 103 -3 142 -22 86 -42 158 -139 189 -253 17 -62 24 -932 9 -1059 -13 -115 -53 -236 -130 -397 -56 -118 -171 -321 -232 -410 -15 -23 -28 -44 -28 -47 0 -3 225 -6 500 -6 275 0 500 3 500 6 0 3 -13 24 -28 47 -94 137 -224 378 -287 533 -80 190 -78 175 -84 789 -6 544 -7 551 -29 607 -50 125 -166 240 -290 289 -49 20 -79 23 -212 26 -117 2 -165 -1 -195 -12z"/></g></svg>
  <svg x='509' y='535'><g transform="translate(0.200475594973,22.7498041047) scale(0.00976296692944,-0.00983706505647)"><path class="sym-line" fill="black" d="M775 2285 c-92 -34 -160 -86 -208 -158 -50 -76 -67 -137 -67 -239 l0 -88 -252 0 -253 0 278 -277 277 -278 277 278 278 277 -254 0 -254 0 7 79 c3 43 11 94 18 112 28 85 106 160 193 190 22 7 83 13 135 13 79 0 103 -3 142 -22 86 -42 158 -139 189 -253 17 -62 24 -932 9 -1059 -13 -115 -53 -236 -130 -397 -56 -118 -171 -321 -232 -410 -15 -23 -28 -44 -28 -47 0 -3 225 -6 500 -6 275 0 500 3 500 6 0 3 -13 24 -28 47 -94 137 -224 378 -287 533 -80 190 -78 175 -84 789 -6 544 -7 551 -29 607 -50 125 -166 240 -290 289 -49 20 -79 23 -212 26 -117 2 -165 -1 -195 -12z"/></g></svg>
  <svg x='457' y='546'><g transform="translate(0.14844965777,22.7514249835) scale(0.00976501711149,-0.00982565788311)"><path class="sym-line" fill="black" d="M748 2281 c-155 -50 -281 -175 -328 -328 -19 -61 -20 -93 -20 -542 0 -521 -5 -599 -51 -736 -52 -154 -206 -453 -321 -622 -15 -23 -28 -44 -28 -47 0 -3 225 -6 500 -6 275 0 500 3 500 6 0 3 -13 24 -28 47 -61 89 -176 292 -232 410 -77 161 -117 282 -130 397 -15 127 -8 997 9 1059 31 114 103 211 189 253 39 19 63 22 142 22 52 0 113 -6 135 -13 87 -30 165 -105 193 -190 7 -18 15 -69 18 -112 l7 -79 -254 0 -254 0 278 -277 277 -278 277 278 278 277 -253 0 -252 0 0 88 c0 89 -16 159 -49 212 -55 90 -132 152 -225 183 -72 24 -300 23 -378 -2z m749 -728 l-147 -148 -147 148 -148 147 295 0 295 0 -148 -147z"/></g></svg>
  <svg x='468' y='519'><g transform="translate(0.14844965777,22.7514249835) scale(0.00976501711149,-0.00982565788311)"><path class="sym-line" fill="black" d="M748 2281 c-155 -50 -281 -175 -328 -328 -19 -61 -20 -93 -20 -542 0 -521 -5 -599 -51 -736 -52 -154 -206 -453 -321 -622 -15 -23 -28 -44 -28 -47 0 -3 225 -6 500 -6 275 0 500 3 500 6 0 3 -13 24 -28 47 -61 89 -176 292 -232 410 -77 161 -117 282 -130 397 -15 127 -8 997 9 1059 31 114 103 211 189 253 39 19 63 22 142 22 52 0 113 -6 135 -13 87 -30 165 -105 193 -190 7 -18 15 -69 18 -112 l7 -79 -254 0 -254 0 278 -277 277 -278 277 278 278 277 -253 0 -252 0 0 88 c0 89 -16 159 -49 212 -55 90 -132 152 -225 183 -72 24 -300 23 -378 -2z m749 -728 l-147 -148 -147 148 -148 147 295 0 295 0 -148 -147z"/></g></svg>
  <svg x='482' y='482'><g transform="translate(0.149874875465,34.7500790925) scale(0.00988906872676,-0.00988956850125)"><path class="sym-line" fill="black" d="M1528 3484 c-592 -92 -1088 -447 -1348 -963 -125 -249 -180 -485 -180 -771 0 -480 183 -911 529 -1242 350 -336 780 -508 1271 -508 451 0 864 150 1193 434 326 281 517 620 591 1051 21 121 21 409 0 530 -43 252 -114 444 -237 639 -282 453 -741 750 -1284 831 -127 19 -413 18 -535 -1z m607 -173 c583 -126 1038 -523 1224 -1069 59 -173 75 -277 75 -492 0 -165 -3 -211 -22 -300 -71 -327 -228 -611 -458 -829 -186 -177 -381 -295 -614 -374 -176 -60 -282 -78 -490 -84 -247 -7 -416 19 -628 97 -549 201 -944 674 -1043 1250 -17 97 -17 383 0 480 99 576 495 1050 1043 1250 105 38 177 58 303 81 143 26 467 21 610 -10z M1020 875 l0 -75 780 0 780 0 0 75 0 75 -780 0 -780 0 0 -75z"/></g></svg>
  <svg x='523' y='571'><g transform="translate(0.180786096011,4.75000053092) scale(0.00958087152387,-0.00920312606184)"><path class="sym-line" fill="black" d="M245 488 c-55 -20 -116 -69 -150 -121 -45 -68 -84 -193 -92 -289 l-6 -78 107 0 106 0 0 40 c0 57 36 145 71 175 37 30 91 33 131 7 15 -10 53 -49 85 -87 82 -98 136 -129 231 -134 87 -4 139 9 200 51 86 59 157 215 169 371 l6 77 -107 0 -106 0 0 -40 c0 -57 -36 -145 -71 -175 -37 -30 -91 -33 -131 -7 -15 10 -53 49 -85 87 -32 38 -81 83 -107 100 -44 27 -59 30 -135 32 -47 1 -99 -3 -116 -9z"/></g></svg>
  <svg x='508' y='548'><g transform="translate(0.180786096011,4.75000053092) scale(0.00958087152387,-0.00920312606184)"><path class="sym-line" fill="black" d="M245 488 c-55 -20 -116 -69 -150 -121 -45 -68 -84 -193 -92 -289 l-6 -78 107 0 106 0 0 40 c0 57 36 145 71 175 37 30 91 33 131 7 15 -10 53 -49 85 -87 82 -98 136 -129 231 -134 87 -4 139 9 200 51 86 59 157 215 169 371 l6 77 -107 0 -106 0 0 -40 c0 -57 -36 -145 -71 -175 -37 -30 -91 -33 -131 -7 -15 10 -53 49 -85 87 -32 38 -81 83 -107 100 -44 27 -59 30 -135 32 -47 1 -99 -3 -116 -9z"/></g></svg>
  <svg x='466' y='558'><g transform="translate(0.180786096011,4.75000053092) scale(0.00958087152387,-0.00920312606184)"><path class="sym-line" fill="black" d="M245 488 c-55 -20 -116 -69 -150 -121 -45 -68 -84 -193 -92 -289 l-6 -78 107 0 106 0 0 40 c0 57 36 145 71 175 37 30 91 33 131 7 15 -10 53 -49 85 -87 82 -98 136 -129 231 -134 87 -4 139 9 200 51 86 59 157 215 169 371 l6 77 -107 0 -106 0 0 -40 c0 -57 -36 -145 -71 -175 -37 -30 -91 -33 -131 -7 -15 10 -53 49 -85 87 -32 38 -81 83 -107 100 -44 27 -59 30 -135 32 -47 1 -99 -3 -116 -9z"/></g></svg>
  <svg x='477' y='531'><g transform="translate(0.180786096011,4.75000053092) scale(0.00958087152387,-0.00920312606184)"><path class="sym-line" fill="black" d="M245 488 c-55 -20 -116 -69 -150 -121 -45 -68 -84 -193 -92 -289 l-6 -78 107 0 106 0 0 40 c0 57 36 145 71 175 37 30 91 33 131 7 15 -10 53 -49 85 -87 82 -98 136 -129 231 -134 87 -4 139 9 200 51 86 59 157 215 169 371 l6 77 -107 0 -106 0 0 -40 c0 -57 -36 -145 -71 -175 -37 -30 -91 -33 -131 -7 -15 10 -53 49 -85 87 -32 38 -81 83 -107 100 -44 27 -59 30 -135 32 -47 1 -99 -3 -116 -9z"/></g></svg>
</svg>