<svg version='1.1' xmlns='http://www.w3.org/2000/svg' width='84' height='161' viewBox='458 420 84 161'>
  <text font-size='0'>AS10011S10019S2ea48S2ea04S2fb04S1dc50S1dc58S28905S2891dS2fb04M542x581S2ea48480x469S2fb04500x486S2ea04509x455S10019473x431S10011503x420S1dc50505x515S1dc58471x515S28905515x552S2891d458x552S2fb04494x575</text>
  <svg x='480' y='469'><g transform="translate(0.165343472914,24.7501251158) scale(0.00972320125617,-0.00984067504631)"><path class="sym-fill" fill="white" d="M838 1552 l-136 -147 145 -3 c79 -1 207 -1 283 0 l138 3 -136 147 c-76 80 -141 146 -147 146 -5 0 -71 -66 -147 -146z M838 952 l-136 -147 145 -3 c79 -1 207 -1 283 0 l138 3 -136 147 c-76 80 -141 146 -147 146 -5 0 -71 -66 -147 -146z"/><path class="sym-line" fill="black" d="M324 2481 c-146 -66 -261 -282 -309 -581 -22 -139 -22 -1161 0 -1300 48 -299 163 -515 309 -581 34 -16 66 -19 196 -19 153 0 156 0 206 30 123 70 221 245 274 488 l18 82 -99 0 -99 0 0 -26 c0 -50 -41 -228 -71 -304 -37 -96 -92 -160 -137 -160 -96 0 -182 196 -217 495 -22 186 -22 1104 0 1290 35 299 121 495 217 495 69 0 144 -130 183 -315 9 -44 18 -90 21 -102 4 -22 9 -23 94 -23 82 0 90 2 90 19 0 41 -53 201 -95 286 -54 108 -110 176 -179 215 -50 30 -53 30 -206 30 -130 0 -162 -3 -196 -19z M717 1575 l-257 -275 520 0 c286 0 520 2 520 5 0 11 -501 540 -513 542 -7 2 -128 -121 -270 -272z m484 -97 l71 -78 -287 0 -288 0 44 48 c24 26 88 96 144 155 l100 108 73 -78 c39 -43 104 -113 143 -155z M717 975 l-257 -275 520 0 c286 0 520 2 520 5 0 11 -501 540 -513 542 -7 2 -128 -121 -270 -272z m484 -97 l71 -78 -287 0 -288 0 44 48 c24 26 88 96 144 155 l100 108 73 -78 c39 -43 104 -113 143 -155z"/></g></svg>
  <svg x='500' y='486'><g transform="translate(0.178125321737,5.7484375) scale(0.00969593203301,-0.00933333333333)"><path class="sym-line" fill="black" d="M4 569 c22 -111 99 -242 206 -349 151 -151 320 -220 540 -220 220 0 389 69 540 220 107 107 184 238 206 349 l7 31 -61 0 -61 0 -42 -82 c-54 -104 -163 -218 -264 -274 -154 -85 -340 -108 -501 -61 -176 51 -331 177 -413 335 l-42 82 -61 0 -61 0 7 -31z"/></g></svg>
  <svg x='509' y='455'><g transform="translate(0.149734255248,24.7501251158) scale(0.0097007872376,-0.00984067504631)"><path class="sym-line" fill="black" d="M345 2481 c-157 -72 -271 -271 -325 -565 -18 -101 -20 -153 -20 -666 0 -513 2 -565 20 -666 54 -294 168 -493 325 -565 34 -16 66 -19 206 -19 158 0 167 1 217 26 73 36 164 139 212 239 38 79 80 196 80 222 0 10 -39 13 -198 13 l-197 0 -23 -92 c-27 -111 -77 -221 -122 -265 -66 -67 -143 -33 -202 89 -92 189 -118 411 -118 1018 0 607 26 829 118 1018 115 236 269 121 342 -255 11 -57 20 -106 20 -109 0 -2 90 -4 200 -4 153 0 200 3 200 13 0 31 -43 186 -70 252 -58 147 -159 273 -253 315 -36 17 -66 20 -207 20 -139 0 -171 -3 -205 -19z M595 1500 l300 -300 -300 0 -300 0 303 -302 302 -303 302 303 303 302 -300 0 -300 0 300 300 300 300 -605 0 -605 0 300 -300z"/></g></svg>
  <svg x='473' y='431'><g transform="translate(0.0510391045243,29.9008597381) scale(0.00989444017531,-0.00992010945328)"><path class="sym-fill" fill="white" d="M1204 1296 c-54 -58 -213 -222 -351 -365 l-253 -259 193 -197 192 -198 353 363 352 362 -89 97 c-49 53 -136 142 -193 199 l-104 103 -100 -105z"/><path class="sym-line" fill="black" d="M1080 2109 c-476 -489 -911 -938 -968 -998 l-102 -108 480 -494 c264 -272 487 -494 495 -494 8 0 231 222 495 494 l481 495 -59 60 c-32 34 -221 228 -419 431 l-361 371 485 498 485 498 -68 69 c-38 38 -71 69 -74 68 -3 0 -394 -401 -870 -890z m424 -906 c103 -106 186 -197 184 -202 -7 -18 -692 -716 -703 -716 -7 0 -97 87 -200 193 l-187 192 48 53 c126 136 659 677 664 675 4 -2 91 -90 194 -195z"/></g></svg>
  <svg x='503' y='420'><g transform="translate(0.0827624000386,29.8972374025) scale(0.00988338120185,-0.00991626663417)"><path class="sym-fill" fill="white" d="M601 1204 l-191 -197 42 -46 c23 -25 182 -189 353 -365 l310 -318 193 197 193 198 -128 131 c-71 72 -230 236 -355 363 l-226 233 -191 -196z"/><path class="sym-line" fill="black" d="M76 2931 l-69 -69 486 -498 485 -498 -371 -381 c-204 -209 -393 -403 -419 -431 l-49 -51 481 -494 c264 -272 487 -494 495 -494 8 0 231 222 495 494 l481 494 -49 51 c-152 158 -1893 1946 -1895 1946 -2 0 -33 -31 -71 -69z m1020 -1838 c165 -170 324 -334 353 -365 l54 -58 -188 -192 c-104 -106 -194 -193 -200 -193 -12 0 -696 698 -703 716 -4 9 367 398 379 399 3 0 140 -138 305 -307z"/></g></svg>
  <svg x='505' y='515'><g transform="translate(0.0,30.0) scale(0.01,-0.01)"><path class="sym-line" fill="black" d="M900 2250 l0 -750 100 0 100 0 0 750 0 750 -100 0 -100 0 0 -750z M900 650 l0 -650 750 0 750 0 0 650 0 650 -750 0 -750 0 0 -650z M0 700 l0 -100 400 0 400 0 0 100 0 100 -400 0 -400 0 0 -100z"/></g></svg>
  <svg x='471' y='515'><g transform="translate(0.0,30.0) scale(0.01,-0.01)"><path class="sym-line" fill="black" d="M1300 2250 l0 -750 100 0 100 0 0 750 0 750 -100 0 -100 0 0 -750z M0 650 l0 -650 750 0 750 0 0 650 0 650 -750 0 -750 0 0 -650z M1600 700 l0 -100 400 0 400 0 0 100 0 100 -400 0 -400 0 0 -100z"/></g></svg>
  <svg x='515' y='552'><g transform="translate(-0.0555062682654,24.8605077549) scale(0.0099466406892,-0.00988482810197)"><path class="sym-fill" fill="white" d="M190 2071 c0 -456 6 -530 51 -664 119 -346 421 -613 799 -708 117 -29 273 -38 518 -32 l222 6 0 198 0 198 -302 3 c-298 4 -304 4 -383 31 -113 38 -198 90 -286 177 -55 55 -86 96 -113 150 -69 141 -69 137 -73 628 l-5 442 -214 0 -214 0 0 -429z"/><path class="sym-line" fill="black" d="M25 2173 c-14 -584 4 -731 116 -955 176 -352 490 -589 909 -684 59 -13 143 -18 402 -21 l328 -5 2 -249 3 -248 455 421 c250 232 455 427 455 435 0 7 -205 203 -455 434 l-455 421 -3 -252 -2 -252 -278 5 c-299 5 -331 9 -441 64 -30 15 -85 57 -122 93 -77 76 -123 163 -139 260 -5 36 -10 242 -10 463 l0 397 -80 0 -80 0 0 -432 c0 -489 2 -507 72 -641 69 -132 189 -239 343 -304 102 -44 187 -53 470 -53 l265 0 0 -200 0 -199 -35 -7 c-67 -12 -574 3 -655 20 -236 50 -428 153 -595 319 -139 139 -223 282 -278 472 -19 65 -21 105 -24 548 l-4 477 -78 0 -79 0 -7 -327z"/></g></svg>
  <svg x='458' y='552'><g transform="translate(0.101555948602,24.8605077549) scale(0.00994808302566,-0.00988482810197)"><path class="sym-fill" fill="white" d="M2077 2058 c-4 -491 -4 -487 -73 -628 -27 -54 -58 -95 -113 -150 -88 -87 -173 -139 -286 -177 -79 -27 -85 -27 -382 -31 l-303 -3 0 -198 0 -198 223 -6 c244 -6 400 3 517 32 438 109 763 443 835 857 12 68 15 178 15 515 l0 429 -214 0 -214 0 -5 -442z M485 1174 c-176 -163 -321 -299 -323 -304 -3 -8 620 -592 639 -598 5 -2 9 234 9 597 0 331 -1 601 -3 601 -1 0 -146 -133 -322 -296z"/><path class="sym-line" fill="black" d="M1910 2103 c0 -221 -5 -427 -10 -463 -29 -181 -177 -340 -371 -397 -42 -12 -119 -17 -331 -20 l-278 -5 -2 252 -3 252 -455 -421 c-250 -231 -455 -427 -455 -434 0 -8 205 -203 455 -435 l455 -421 3 248 2 249 328 5 c354 5 388 9 567 68 432 144 753 492 839 912 24 114 30 309 21 680 l-7 327 -79 0 -78 0 -4 -477 c-3 -443 -5 -483 -24 -548 -55 -190 -139 -333 -278 -472 -167 -166 -359 -269 -595 -319 -81 -17 -588 -32 -655 -20 l-35 7 0 199 0 200 265 0 c283 0 368 9 470 53 154 65 274 172 343 304 70 134 72 152 72 641 l0 432 -80 0 -80 0 0 -397z m-1102 -1537 l-3 -306 -320 296 c-176 162 -323 299 -328 303 -4 4 140 144 320 311 l328 304 3 -301 c1 -166 1 -439 0 -607z"/></g></svg>
  <svg x='494' y='575'><g transform="translate(0.178125321737,5.7484375) scale(0.00969593203301,-0.00933333333333)"><path class="sym-line" fill="black" d="M4 569 c22 -111 99 -242 206 -349 151 -151 320 -220 540 -220 220 0 389 69 540 220 107 107 184 238 206 349 l7 31 -61 0 -61 0 -42 -82 c-54 -104 -163 -218 -264 -274 -154 -85 -340 -108 -501 -61 -176 51 -331 177 -413 335 l-42 82 -61 0 -61 0 7 -31z"/></g></svg>
</svg>