<svg version='1.1' xmlns='http://www.w3.org/2000/svg' width='64' height='135' viewBox='465 432 64 135'>
  <text font-size='0'>AS10021S10029S20b00S14c02S14c0aS26520S26520S20308S20300S36d00M529x567S26520507x514S14c02498x535S20b00492x432S14c0a465x535S26520475x517S20308472x494S20300507x493S10021494x452S10029474x451S36d00479x563</text>
  <svg x='507' y='514'><g transform="translate(0.199517282911,14.7505211307) scale(0.00964541675618,-0.00973472242044)"><path class="sym-line" fill="black" d="M345 1150 l-350 -350 145 0 144 0 202 207 202 208 209 -207 208 -208 150 0 150 0 -350 350 c-192 193 -352 350 -355 350 -3 0 -163 -157 -355 -350z M600 400 l0 -400 100 0 100 0 0 400 0 400 -100 0 -100 0 0 -400z"/></g></svg>
  <svg x='498' y='535'><g transform="translate(0.150230433539,22.9376331902) scale(0.00987129082304,-0.00990834595228)"><path class="sym-fill" fill="white" d="M1336 1366 c-82 -78 -147 -147 -145 -153 2 -6 70 -74 150 -152 l147 -141 706 0 706 0 0 295 0 295 -707 0 -708 -1 -149 -143z"/><path class="sym-line" fill="black" d="M1827 2237 c-37 -34 -67 -66 -67 -72 0 -5 100 -110 222 -232 l223 -223 -405 0 -404 0 -46 -44 -45 -44 -400 229 c-220 126 -402 229 -405 229 -10 -1 -101 -164 -96 -175 2 -6 163 -102 357 -213 195 -111 361 -207 369 -212 12 -8 1 -24 -60 -85 l-74 -75 -498 0 -498 0 0 -105 0 -105 498 0 498 0 74 -75 c49 -49 71 -78 63 -83 -6 -4 -173 -99 -372 -212 -198 -113 -360 -210 -361 -217 0 -13 92 -173 100 -172 3 0 185 102 405 228 l400 229 45 -44 46 -44 104 -1 105 0 -278 -272 c-152 -150 -277 -277 -277 -283 0 -6 32 -42 71 -78 l70 -67 227 220 c125 121 285 278 357 350 l130 131 597 0 598 0 0 495 0 495 -297 0 -296 0 -298 295 c-164 162 -301 295 -306 295 -4 0 -39 -29 -76 -63z m1073 -1022 l0 -295 -712 0 -713 0 -147 147 -148 148 147 147 148 148 712 0 713 0 0 -295z"/></g></svg>
  <svg x='492' y='432'><g transform="translate(0.0,13.0) scale(0.01,-0.01)"><path class="sym-fill" fill="white" d="M500 650 l0 -150 150 0 150 0 0 150 0 150 -150 0 -150 0 0 -150z"/><path class="sym-line" fill="black" d="M300 1150 l0 -150 -150 0 -150 0 0 -100 0 -100 150 0 150 0 0 -150 0 -150 -150 0 -150 0 0 -100 0 -100 150 0 150 0 0 -150 0 -150 100 0 100 0 0 150 0 150 150 0 150 0 0 -150 0 -150 100 0 100 0 0 150 0 150 150 0 150 0 0 100 0 100 -150 0 -150 0 0 150 0 150 150 0 150 0 0 100 0 100 -150 0 -150 0 0 150 0 150 -100 0 -100 0 0 -150 0 -150 -150 0 -150 0 0 150 0 150 -100 0 -100 0 0 -150z m500 -500 l0 -150 -150 0 -150 0 0 150 0 150 150 0 150 0 0 -150z"/></g></svg>
  <svg x='465' y='535'><g transform="translate(0.150230433539,22.9376331902) scale(0.00987129082304,-0.00990834595228)"><path class="sym-fill" fill="white" d="M200 1215 l0 -295 706 0 706 0 147 141 c80 78 147 147 149 153 1 7 -65 76 -147 154 l-149 142 -706 0 -706 0 0 -295z"/><path class="sym-line" fill="black" d="M891 2005 l-298 -295 -296 0 -297 0 0 -495 0 -495 598 0 597 0 130 -131 c72 -72 232 -229 357 -350 l227 -220 70 67 c39 36 71 72 71 78 0 6 -125 133 -277 283 l-278 272 105 0 104 1 46 44 45 44 400 -229 c220 -126 402 -228 405 -228 8 -1 100 159 100 172 -1 7 -163 104 -361 217 -199 113 -366 208 -372 212 -8 5 14 34 63 83 l74 75 498 0 498 0 0 105 0 105 -498 0 -498 0 -74 75 c-61 61 -72 77 -60 85 8 5 174 101 369 212 194 111 355 207 357 213 5 11 -86 174 -96 175 -3 0 -185 -103 -405 -229 l-400 -229 -45 44 -46 44 -404 0 -405 0 223 223 c122 122 222 227 222 234 0 11 -132 133 -144 133 -4 0 -141 -133 -305 -295z m881 -642 l148 -148 -147 -147 -148 -148 -712 0 -713 0 0 295 0 295 712 0 713 0 147 -147z"/></g></svg>
  <svg x='475' y='517'><g transform="translate(0.199517282911,14.7505211307) scale(0.00964541675618,-0.00973472242044)"><path class="sym-line" fill="black" d="M345 1150 l-350 -350 145 0 144 0 202 207 202 208 209 -207 208 -208 150 0 150 0 -350 350 c-192 193 -352 350 -355 350 -3 0 -163 -157 -355 -350z M600 400 l0 -400 100 0 100 0 0 400 0 400 -100 0 -100 0 0 -400z"/></g></svg>
  <svg x='472' y='494'><g transform="translate(0.0,15.0) scale(0.01,-0.01)"><path class="sym-fill" fill="white" d="M200 750 l0 -550 550 0 550 0 0 550 0 550 -550 0 -550 0 0 -550z"/><path class="sym-line" fill="black" d="M0 750 l0 -750 750 0 750 0 0 750 0 750 -750 0 -750 0 0 -750z m1300 0 l0 -550 -550 0 -550 0 0 550 0 550 550 0 550 0 0 -550z"/></g></svg>
  <svg x='507' y='493'><g transform="translate(0.0,15.0) scale(0.01,-0.01)"><path class="sym-fill" fill="white" d="M200 750 l0 -550 550 0 550 0 0 550 0 550 -550 0 -550 0 0 -550z"/><path class="sym-line" fill="black" d="M0 750 l0 -750 750 0 750 0 0 750 0 750 -750 0 -750 0 0 -750z m1300 0 l0 -550 -550 0 -550 0 0 550 0 550 550 0 550 0 0 -550z"/></g></svg>
  <svg x='494' y='452'><g transform="translate(0.141356881793,20.8577841504) scale(0.00991963449397,-0.00995134096646)"><path class="sym-line" fill="black" d="M61 2016 c-35 -35 -62 -68 -60 -73 6 -15 1979 -1933 1988 -1933 12 0 996 958 996 969 0 11 -985 971 -996 971 -4 0 -199 -187 -434 -416 l-427 -417 -86 85 c-439 429 -904 878 -910 878 -4 0 -36 -29 -71 -64z"/></g></svg>
  <svg x='474' y='451'><g transform="translate(-0.000406897218493,20.8577841504) scale(0.00992739824844,-0.00995134096646)"><path class="sym-line" fill="black" d="M2414 1644 c-247 -240 -470 -457 -495 -481 l-46 -45 -427 416 c-234 229 -430 416 -434 416 -9 0 -997 -961 -997 -971 0 -10 987 -969 997 -969 9 0 1965 1900 1983 1926 7 10 -6 29 -55 79 -35 36 -67 65 -71 65 -3 0 -208 -196 -455 -436z"/></g></svg>
  <svg x='479' y='563'><g transform="translate(0.0,4.0) scale(0.01,-0.01)"><path class="sym-line" fill="black" d="M0 200 l0 -200 2100 0 2100 0 0 200 0 200 -2100 0 -2100 0 0 -200z"/></g></svg>
</svg>