<svg version='1.1' xmlns='http://www.w3.org/2000/svg' width='70' height='89' viewBox='465 455 70 89'>
  <text font-size='0'>AS10051S10059S27304S2731cS26502S26516S20500S20500M535x544S10051505x474S10059465x474S27304510x493S2731c480x493S26502503x517S26516485x516S20500493x455S20500497x533</text>
  <svg x='505' y='474'><g transform="translate(0.141356881793,20.8577841504) scale(0.00991963449397,-0.00995134096646)"><path class="sym-line" fill="black" d="M61 2016 c-35 -35 -62 -68 -60 -73 2 -5 227 -226 499 -491 l495 -482 70 70 70 70 -75 74 c-298 293 -922 896 -928 896 -4 0 -36 -29 -71 -64z M1620 1339 c-272 -265 -495 -485 -495 -488 0 -10 854 -841 864 -841 12 0 996 958 996 969 0 11 -851 841 -862 841 -4 0 -231 -217 -503 -481z"/></g></svg>
  <svg x='465' y='474'><g transform="translate(-0.000366865359539,20.8577841504) scale(0.00991963449397,-0.00995134096646)"><path class="sym-line" fill="black" d="M2369 1600 c-272 -265 -495 -484 -497 -488 -1 -4 28 -38 66 -75 l68 -67 494 481 c272 264 497 485 499 491 3 10 -117 138 -129 138 -4 0 -229 -216 -501 -480z M443 1403 c-236 -229 -428 -420 -428 -424 0 -10 987 -969 998 -969 11 0 862 830 862 841 0 10 -986 969 -997 969 -4 0 -200 -188 -435 -417z"/></g></svg>
  <svg x='510' y='493'><g transform="translate(0.198426155669,26.6999810561) scale(0.00968892587986,-0.00983390502079)"><path class="sym-line" fill="black" d="M65 2630 l-70 -70 403 -403 402 -402 0 -528 0 -527 -302 0 -303 0 353 -352 352 -353 352 353 353 352 -303 0 -302 0 0 578 0 579 -424 421 c-233 232 -428 422 -433 422 -5 0 -40 -32 -78 -70z"/></g></svg>
  <svg x='480' y='493'><g transform="translate(0.198426155669,26.6999810561) scale(0.00968892587986,-0.00983390502079)"><path class="sym-fill" fill="white" d="M473 373 l227 -228 227 228 228 227 -455 0 -455 0 228 -227z"/><path class="sym-line" fill="black" d="M1024 2278 l-424 -421 0 -579 0 -578 -302 0 -303 0 353 -352 352 -353 352 353 353 352 -303 0 -302 0 0 527 0 528 402 402 403 403 -70 70 c-38 38 -73 70 -78 70 -5 0 -200 -190 -433 -422z m-97 -1905 l-227 -228 -227 228 -228 227 455 0 455 0 -228 -227z"/></g></svg>
  <svg x='503' y='517'><g transform="translate(0.198128695057,13.7002011211) scale(0.0097007872376,-0.0096798311579)"><path class="sym-line" fill="black" d="M345 1050 l-350 -350 353 -353 352 -352 0 303 0 302 400 0 400 0 0 100 0 100 -400 0 -400 0 -2 300 -3 300 -350 -350z"/></g></svg>
  <svg x='485' y='516'><g transform="translate(0.149734255248,13.6974450331) scale(0.0097007872376,-0.00964308576999)"><path class="sym-fill" fill="white" d="M900 700 l0 -455 227 228 228 227 -228 227 -227 228 0 -455z"/><path class="sym-line" fill="black" d="M800 1102 l0 -302 -400 0 -400 0 0 -100 0 -100 400 0 400 0 0 -302 0 -303 352 353 353 352 -353 352 -352 353 0 -303z m327 -629 l-227 -228 0 455 0 455 227 -228 228 -227 -228 -227z"/></g></svg>
  <svg x='493' y='455'><g transform="translate(-0.221878406359,10.7500002304) scale(0.0103429235226,-0.00963778430032)"><path class="sym-line" fill="black" d="M430 895 l0 -205 -37 23 c-21 13 -95 61 -165 105 l-128 82 -36 -71 c-19 -40 -32 -75 -27 -79 4 -3 74 -48 156 -99 81 -51 147 -97 147 -101 0 -4 -66 -50 -147 -101 -82 -51 -152 -96 -156 -99 -5 -4 8 -39 27 -79 l36 -71 128 82 c70 44 144 92 165 105 l37 23 0 -205 0 -205 70 0 70 0 0 205 0 205 38 -23 c20 -13 94 -61 164 -105 l128 -82 36 71 c19 40 32 75 27 79 -4 3 -74 48 -155 99 -82 51 -148 97 -148 101 0 4 66 50 148 101 81 51 151 96 155 99 5 4 -8 39 -27 79 l-36 71 -128 -82 c-70 -44 -144 -92 -164 -105 l-38 -23 0 205 0 205 -70 0 -70 0 0 -205z"/></g></svg>
  <svg x='497' y='533'><g transform="translate(-0.221878406359,10.7500002304) scale(0.0103429235226,-0.00963778430032)"><path class="sym-line" fill="black" d="M430 895 l0 -205 -37 23 c-21 13 -95 61 -165 105 l-128 82 -36 -71 c-19 -40 -32 -75 -27 -79 4 -3 74 -48 156 -99 81 -51 147 -97 147 -101 0 -4 -66 -50 -147 -101 -82 -51 -152 -96 -156 -99 -5 -4 8 -39 27 -79 l36 -71 128 82 c70 44 144 92 165 105 l37 23 0 -205 0 -205 70 0 70 0 0 205 0 205 38 -23 c20 -13 94 -61 164 -105 l128 -82 36 71 c19 40 32 75 27 79 -4 3 -74 48 -155 99 -82 51 -148 97 -148 101 0 4 66 50 148 101 81 51 151 96 155 99 5 4 -8 39 -27 79 l-36 71 -128 -82 c-70 -44 -144 -92 -164 -105 l-38 -23 0 205 0 205 -70 0 -70 0 0 -205z"/></g></svg>
</svg>