<svg version='1.1' xmlns='http://www.w3.org/2000/svg' width='65' height='112' viewBox='467 444 65 112'>
  <text font-size='0'>AS10020S14c5aS16c51S16c33S37b00S26506S22a03S20e00S20700S20800M532x556S14c5a467x463S10020492x475S37b00492x472S20700481x444S20e00503x469S26506517x469S16c33467x529S16c51494x522S22a03484x512S20800491x546</text>
  <svg x='467' y='463'><g transform="translate(0.150230433539,23.7055114738) scale(0.00987129082304,-0.00989444864778)"><path class="sym-line" fill="black" d="M1602 2069 c-166 -172 -302 -316 -302 -321 0 -4 63 -8 141 -8 l141 0 231 236 c128 130 233 242 235 248 1 6 -30 44 -71 84 l-73 72 -302 -311z M2235 1820 c-192 -115 -351 -212 -352 -217 -2 -5 31 -42 72 -83 62 -62 78 -73 93 -64 395 234 652 391 652 398 0 18 -94 176 -104 175 -6 0 -168 -94 -361 -209z M0 1130 l0 -520 853 0 852 1 243 251 c134 138 246 257 249 264 3 8 -99 120 -244 269 l-248 255 -852 0 -853 0 0 -520z M2240 1233 c0 -4 21 -29 47 -55 l47 -48 -47 -48 c-26 -26 -47 -51 -47 -55 0 -4 194 -7 430 -7 l430 0 0 110 0 110 -430 0 c-236 0 -430 -3 -430 -7z M1922 751 l-72 -80 222 -132 c123 -72 290 -172 372 -220 82 -49 152 -89 155 -89 8 0 101 164 101 178 0 9 -669 413 -694 420 -6 1 -44 -33 -84 -77z M700 512 c0 -4 112 -122 249 -262 l249 -255 75 74 76 74 -182 189 -181 188 -143 0 c-79 0 -143 -4 -143 -8z"/></g></svg>
  <svg x='492' y='475'><g transform="translate(0.0,30.0) scale(0.01,-0.01)"><path class="sym-line" fill="black" d="M0 1500 l0 -1500 750 0 750 0 0 750 0 750 -650 0 -650 0 0 750 0 750 -100 0 -100 0 0 -1500z"/></g></svg>
  <svg x='492' y='472'><g transform="translate(0.0,16.0) scale(0.01,-0.01)"><path class="sym-line" fill="black" d="M0 800 l0 -800 100 0 100 0 0 800 0 800 -100 0 -100 0 0 -800z"/></g></svg>
  <svg x='481' y='444'><g transform="translate(-0.0515625354691,14.7505211307) scale(0.0100004540047,-0.00973472242044)"><path class="sym-line" fill="black" d="M20 750 l0 -750 75 0 75 0 0 750 0 750 -75 0 -75 0 0 -750z M1630 750 l0 -750 75 0 75 0 0 750 0 750 -75 0 -75 0 0 -750z M820 1100 c0 -110 -2 -200 -5 -200 -3 0 -76 43 -162 96 -87 53 -161 98 -164 100 -4 2 -23 -28 -44 -67 -30 -57 -35 -73 -24 -80 8 -5 83 -51 166 -101 84 -51 153 -95 153 -98 0 -3 -69 -47 -153 -98 -83 -50 -158 -96 -166 -101 -11 -7 -6 -23 24 -80 21 -39 40 -69 44 -67 3 2 77 47 164 100 86 53 159 96 162 96 3 0 5 -90 5 -200 l0 -200 80 0 80 0 0 200 c0 110 2 200 5 200 3 0 76 -43 162 -96 87 -53 161 -98 164 -100 3 -1 23 29 43 68 31 57 36 72 25 79 -8 5 -83 51 -166 102 -84 50 -153 94 -153 97 0 3 69 47 153 97 83 51 158 97 166 102 11 7 6 22 -25 79 -20 39 -40 69 -43 68 -3 -2 -77 -47 -164 -100 -86 -53 -159 -96 -162 -96 -3 0 -5 90 -5 200 l0 200 -80 0 -80 0 0 -200z"/></g></svg>
  <svg x='503' y='469'><g transform="translate(0.146427179928,11.7544805477) scale(0.00967082850362,-0.00967852689504)"><path class="sym-fill" fill="white" d="M503 985 c-159 -43 -265 -159 -295 -325 -22 -116 23 -252 112 -340 88 -89 224 -134 340 -112 178 33 299 154 332 332 22 115 -23 252 -110 339 -56 56 -107 85 -189 106 -70 18 -121 18 -190 0z m175 -200 c104 -44 151 -167 103 -270 -71 -153 -291 -153 -362 0 -33 72 -19 166 34 224 52 56 151 76 225 46z"/><path class="sym-line" fill="black" d="M435 1181 c-206 -60 -366 -224 -419 -428 -21 -78 -21 -228 0 -306 54 -208 223 -377 431 -431 78 -21 228 -21 306 0 208 54 377 223 431 431 21 78 21 228 0 306 -26 103 -80 195 -158 273 -78 78 -170 132 -273 158 -82 21 -240 20 -318 -3z m276 -197 c134 -40 234 -140 273 -273 62 -211 -60 -432 -273 -495 -210 -62 -433 61 -495 273 -61 207 56 426 264 492 70 23 161 24 231 3z M509 772 c-43 -22 -59 -38 -81 -81 -36 -68 -36 -114 0 -182 22 -43 38 -59 81 -81 68 -36 114 -36 182 0 43 22 59 38 81 81 36 68 36 114 0 182 -22 43 -38 59 -81 81 -68 36 -114 36 -182 0z"/></g></svg>
  <svg x='517' y='469'><g transform="translate(0.149734255248,13.6974450331) scale(0.0097007872376,-0.00964308576999)"><path class="sym-line" fill="black" d="M800 1102 l0 -302 -400 0 -400 0 0 -100 0 -100 400 0 400 0 0 -302 0 -303 352 353 353 352 -353 352 -352 353 0 -303z"/></g></svg>
  <svg x='467' y='529'><g transform="translate(0.180745948146,24.8527049665) scale(0.00992044548558,-0.00988170698661)"><path class="sym-fill" fill="white" d="M596 1912 l-449 -437 208 -202 208 -203 226 220 c124 121 327 318 451 439 l225 220 -201 201 c-111 110 -206 200 -210 200 -5 0 -211 -197 -458 -438z"/><path class="sym-line" fill="black" d="M521 1987 l-524 -512 279 -272 c153 -150 284 -272 290 -271 15 4 1044 1008 1044 1018 0 9 -551 550 -559 550 -3 -1 -242 -231 -530 -513z m947 -37 c-4 -7 -857 -840 -886 -864 l-22 -19 -202 199 c-112 109 -203 203 -203 209 0 6 201 208 448 449 l447 437 210 -203 c116 -111 209 -205 208 -208z M1721 1796 l-73 -74 69 -46 c131 -86 250 -224 316 -365 28 -58 31 -76 32 -158 0 -81 -3 -95 -24 -124 l-24 -33 72 -68 c40 -37 77 -68 81 -68 15 0 66 82 86 135 27 75 25 219 -5 315 -45 147 -129 280 -253 402 -63 62 -184 158 -200 158 -2 0 -37 -33 -77 -74z M272 1023 c-13 -30 -17 -67 -17 -168 1 -116 3 -138 28 -204 108 -296 395 -557 688 -626 80 -19 208 -19 277 -1 60 16 141 61 149 83 6 16 -51 79 -150 166 -51 44 -61 49 -78 39 -29 -18 -113 -14 -170 8 -185 73 -412 308 -444 460 -6 27 -36 64 -128 158 -67 67 -125 122 -129 122 -5 0 -17 -17 -26 -37z"/></g></svg>
  <svg x='494' y='522'><g transform="translate(0.0471792129363,22.9763269482) scale(0.00988973074933,-0.00992003347278)"><path class="sym-line" fill="black" d="M1204 2024 c-148 -152 -269 -282 -269 -288 0 -17 1007 -1047 1020 -1044 16 4 546 550 543 559 -3 8 -860 888 -966 992 l-59 58 -269 -277z M715 2035 c-268 -69 -516 -290 -643 -571 -82 -181 -82 -389 0 -516 16 -27 35 -48 42 -48 18 0 206 193 206 212 0 9 -5 20 -11 24 -8 4 -10 30 -7 73 12 166 200 400 402 501 43 22 86 40 95 40 9 0 72 56 141 126 116 116 124 126 106 139 -46 34 -232 46 -331 20z M1676 581 c-88 -132 -216 -244 -355 -310 -70 -33 -83 -36 -168 -36 -79 0 -95 3 -122 22 -16 13 -32 23 -34 23 -2 0 -34 -34 -72 -76 l-68 -76 24 -20 c168 -133 425 -109 684 65 73 49 216 192 269 271 l39 57 -75 76 -75 75 -47 -71z"/></g></svg>
  <svg x='484' y='512'><g transform="translate(0.150473191431,14.0633483059) scale(0.00985915292844,-0.0100666588668)"><path class="sym-fill" fill="white" d="M665 944 c-148 -157 -270 -291 -270 -298 0 -8 44 -59 97 -114 l98 -101 276 290 276 289 -21 27 c-11 16 -57 65 -103 110 l-83 82 -270 -285z"/><path class="sym-line" fill="black" d="M520 1091 l-275 -291 -122 128 -122 127 -1 -512 0 -513 486 0 c462 0 486 1 473 18 -7 9 -60 65 -117 124 -71 73 -101 111 -96 120 4 7 125 136 269 286 143 150 261 278 263 285 1 7 -28 43 -66 80 l-68 68 -273 -288 c-150 -159 -276 -289 -280 -291 -4 -1 -53 47 -109 107 l-101 109 274 288 c151 159 275 293 275 298 0 4 -30 40 -67 78 l-68 69 -275 -290z"/></g></svg>
  <svg x='491' y='546'><g transform="translate(0.0,10.0) scale(0.01,-0.01)"><path class="sym-line" fill="black" d="M400 800 l0 -200 -200 0 -200 0 0 -100 0 -100 200 0 200 0 0 -200 0 -200 100 0 100 0 0 200 0 200 200 0 200 0 0 100 0 100 -200 0 -200 0 0 200 0 200 -100 0 -100 0 0 -200z"/></g></svg>
</svg>