<svg version='1.1' xmlns='http://www.w3.org/2000/svg' width='58' height='103' viewBox='471 448 58 103'>
  <text font-size='0'>AS10e40S10e48S11040S11048S26504S26514S21600S21600S2fb04M529x551S10e40512x449S10e48475x448S26504515x486S26514473x485S2fb04492x498S21600518x509S21600475x510S11040514x524S11048471x524</text>
  <svg x='512' y='449'><g transform="translate(0.0,30.0) scale(0.01,-0.01)"><path class="sym-fill" fill="white" d="M200 650 l0 -450 300 0 300 0 0 450 0 450 -300 0 -300 0 0 -450z"/><path class="sym-line" fill="black" d="M1300 2253 l0 -748 -529 529 -529 529 -76 -69 c-42 -38 -76 -71 -76 -74 0 -3 206 -211 458 -463 l457 -457 248 0 247 0 0 750 0 750 -100 0 -100 0 0 -747z M0 650 l0 -650 750 0 750 0 0 650 0 650 -750 0 -750 0 0 -650z m800 0 l0 -450 -300 0 -300 0 0 450 0 450 300 0 300 0 0 -450z"/></g></svg>
  <svg x='475' y='448'><g transform="translate(0.0,30.0) scale(0.01,-0.01)"><path class="sym-fill" fill="white" d="M700 650 l0 -450 300 0 300 0 0 450 0 450 -300 0 -300 0 0 -450z"/><path class="sym-line" fill="black" d="M0 2250 l0 -750 248 0 247 0 458 458 c251 251 457 459 457 462 0 3 -34 36 -76 74 l-76 69 -529 -529 -529 -529 0 748 0 747 -100 0 -100 0 0 -750z M0 650 l0 -650 750 0 750 0 0 650 0 650 -750 0 -750 0 0 -650z m1300 0 l0 -450 -300 0 -300 0 0 450 0 450 300 0 300 0 0 -450z"/></g></svg>
  <svg x='515' y='486'><g transform="translate(0.199517282911,14.7025292494) scale(0.00964541675618,-0.00970272783292)"><path class="sym-line" fill="black" d="M600 1100 l0 -400 -302 0 -303 0 353 -352 352 -353 352 353 353 352 -303 0 -302 0 0 400 0 400 -100 0 -100 0 0 -400z"/></g></svg>
  <svg x='473' y='485'><g transform="translate(0.199517282911,14.7025292494) scale(0.00964541675618,-0.00970272783292)"><path class="sym-fill" fill="white" d="M473 373 l227 -228 227 228 228 227 -455 0 -455 0 228 -227z"/><path class="sym-line" fill="black" d="M600 1100 l0 -400 -302 0 -303 0 353 -352 352 -353 352 353 353 352 -303 0 -302 0 0 400 0 400 -100 0 -100 0 0 -400z m327 -727 l-227 -228 -227 228 -228 227 455 0 455 0 -228 -227z"/></g></svg>
  <svg x='492' y='498'><g transform="translate(0.178125321737,5.7484375) scale(0.00969593203301,-0.00933333333333)"><path class="sym-line" fill="black" d="M4 569 c22 -111 99 -242 206 -349 151 -151 320 -220 540 -220 220 0 389 69 540 220 107 107 184 238 206 349 l7 31 -61 0 -61 0 -42 -82 c-54 -104 -163 -218 -264 -274 -154 -85 -340 -108 -501 -61 -176 51 -331 177 -413 335 l-42 82 -61 0 -61 0 7 -31z"/></g></svg>
  <svg x='518' y='509'><g transform="translate(0.149834234299,7.75047623956) scale(0.00950047578505,-0.00951302738823)"><path class="sym-line" fill="black" d="M280 782 c-174 -65 -280 -209 -280 -382 0 -218 182 -400 400 -400 218 0 400 182 400 400 0 173 -114 326 -284 383 -63 22 -177 21 -236 -1z"/></g></svg>
  <svg x='475' y='510'><g transform="translate(0.149834234299,7.75047623956) scale(0.00950047578505,-0.00951302738823)"><path class="sym-line" fill="black" d="M280 782 c-174 -65 -280 -209 -280 -382 0 -218 182 -400 400 -400 218 0 400 182 400 400 0 173 -114 326 -284 383 -63 22 -177 21 -236 -1z"/></g></svg>
  <svg x='514' y='524'><g transform="translate(0.0,27.0) scale(0.01,-0.01)"><path class="sym-fill" fill="white" d="M200 700 l0 -500 300 0 300 0 0 500 0 500 -300 0 -300 0 0 -500z"/><path class="sym-line" fill="black" d="M100 2400 l0 -300 100 0 100 0 0 200 0 200 100 0 100 0 0 -450 0 -450 100 0 100 0 0 550 0 550 -300 0 -300 0 0 -300z M900 2200 l0 -300 100 0 100 0 0 200 0 200 100 0 100 0 0 -350 0 -350 100 0 100 0 0 450 0 450 -300 0 -300 0 0 -300z M0 700 l0 -700 750 0 750 0 0 700 0 700 -750 0 -750 0 0 -700z m800 0 l0 -500 -300 0 -300 0 0 500 0 500 300 0 300 0 0 -500z"/></g></svg>
  <svg x='471' y='524'><g transform="translate(0.0,27.0) scale(0.01,-0.01)"><path class="sym-fill" fill="white" d="M700 700 l0 -500 300 0 300 0 0 500 0 500 -300 0 -300 0 0 -500z"/><path class="sym-line" fill="black" d="M800 2150 l0 -550 100 0 100 0 0 450 0 450 100 0 100 0 0 -200 0 -200 100 0 100 0 0 300 0 300 -300 0 -300 0 0 -550z M0 2050 l0 -450 100 0 100 0 0 350 0 350 100 0 100 0 0 -200 0 -200 100 0 100 0 0 300 0 300 -300 0 -300 0 0 -450z M0 700 l0 -700 750 0 750 0 0 700 0 700 -750 0 -750 0 0 -700z m1300 0 l0 -500 -300 0 -300 0 0 500 0 500 300 0 300 0 0 -500z"/></g></svg>
</svg>