<svg version='1.1' xmlns='http://www.w3.org/2000/svg' width='174' height='58' viewBox='414 482 174 58'>
  <text font-size='0'>AS10101S10109S2d608S2d610S1012fS10127S20500S20500S2ff00M588x540S2ff00482x482S10101517x511S10109466x512S2d608538x523S10127570x505S20500481x516S20500509x515S1012f414x504S2d610435x521</text>
  <svg x='482' y='482'><g transform="translate(0.149874875465,34.7500790925) scale(0.00988906872676,-0.00988956850125)"><path class="sym-line" fill="black" d="M1528 3484 c-592 -92 -1088 -447 -1348 -963 -125 -249 -180 -485 -180 -771 0 -480 183 -911 529 -1242 350 -336 780 -508 1271 -508 451 0 864 150 1193 434 326 281 517 620 591 1051 21 121 21 409 0 530 -43 252 -114 444 -237 639 -282 453 -741 750 -1284 831 -127 19 -413 18 -535 -1z m607 -173 c583 -126 1038 -523 1224 -1069 59 -173 75 -277 75 -492 0 -165 -3 -211 -22 -300 -71 -327 -228 -611 -458 -829 -186 -177 -381 -295 -614 -374 -176 -60 -282 -78 -490 -84 -247 -7 -416 19 -628 97 -549 201 -944 674 -1043 1250 -17 97 -17 383 0 480 99 576 495 1050 1043 1250 105 38 177 58 303 81 143 26 467 21 610 -10z"/></g></svg>
  <svg x='517' y='511'><g transform="translate(-0.0749404298721,27.9400409099) scale(0.0100224264011,-0.0099255726464)"><path class="sym-fill" fill="white" d="M882 1304 c-140 -47 -239 -132 -301 -258 -109 -222 -67 -520 98 -685 171 -171 468 -198 681 -61 100 64 181 183 215 315 20 78 19 240 -1 319 -35 136 -129 262 -248 331 -119 69 -307 86 -444 39z"/><path class="sym-line" fill="black" d="M81 2736 c-37 -38 -61 -70 -58 -78 3 -7 245 -263 538 -568 l532 -555 -89 -7 c-268 -23 -473 -158 -588 -387 -62 -122 -79 -204 -79 -371 0 -129 3 -155 27 -235 67 -221 204 -379 403 -463 132 -56 332 -69 479 -32 281 71 476 292 524 593 17 102 7 280 -19 371 -27 91 -71 185 -116 243 -41 54 -1473 1553 -1484 1553 -4 0 -35 -29 -70 -64z m1092 -1411 c198 -42 351 -189 404 -386 11 -42 17 -102 16 -174 0 -92 -4 -122 -27 -188 -78 -231 -266 -367 -505 -367 -251 0 -442 138 -517 374 -30 98 -35 254 -9 350 76 286 347 453 638 391z"/></g></svg>
  <svg x='466' y='512'><g transform="translate(-0.0515630501273,27.9475999619) scale(0.0100070416297,-0.00992827230783)"><path class="sym-fill" fill="white" d="M585 1311 c-176 -50 -311 -193 -360 -381 -21 -80 -21 -235 0 -315 61 -235 241 -386 480 -402 342 -22 592 239 571 597 -14 249 -140 421 -360 495 -92 31 -236 34 -331 6z"/><path class="sym-line" fill="black" d="M915 2042 c-399 -417 -743 -784 -765 -815 -83 -123 -130 -286 -130 -451 0 -351 184 -624 487 -723 95 -31 286 -43 386 -23 192 37 368 160 466 323 76 129 118 312 107 473 -27 401 -287 670 -679 702 l-81 7 534 558 c294 307 537 562 539 568 3 11 -117 139 -130 139 -4 0 -334 -341 -734 -758z m-60 -717 c204 -43 357 -190 410 -394 21 -81 21 -236 0 -316 -53 -203 -207 -355 -403 -396 -80 -16 -234 -7 -305 19 -148 54 -267 172 -318 316 -80 230 -25 493 136 642 128 119 304 166 480 129z"/></g></svg>
  <svg x='538' y='523'><g transform="translate(0.198409507087,11.7551245826) scale(0.00984535298844,-0.00974923141752)"><path class="sym-line" fill="black" d="M1070 1184 c-148 -27 -310 -87 -434 -161 -112 -67 -220 -160 -431 -372 l-210 -211 70 -70 c38 -38 73 -70 78 -70 5 0 111 100 236 223 124 123 256 244 292 270 75 53 196 114 284 145 204 69 486 69 690 0 174 -60 305 -147 500 -333 l130 -124 -240 -241 -240 -240 553 0 552 0 0 552 0 553 -240 -240 -240 -239 -137 135 c-76 75 -165 156 -198 180 -169 127 -355 207 -561 243 -109 19 -348 19 -454 0z"/></g></svg>
  <svg x='570' y='505'><g transform="translate(-0.0905303886205,28.0056198975) scale(0.0100224264011,-0.00994899371338)"><path class="sym-line" fill="black" d="M907 2037 c-400 -419 -744 -785 -762 -814 -44 -66 -76 -139 -101 -228 -26 -97 -27 -350 -1 -445 69 -251 244 -431 492 -507 47 -14 92 -18 210 -17 135 0 158 3 230 27 239 79 398 254 466 512 30 113 30 307 0 420 -85 322 -321 519 -652 544 l-87 6 539 562 c297 309 539 566 539 570 0 12 -124 133 -135 133 -6 -1 -338 -344 -738 -763z"/></g></svg>
  <svg x='481' y='516'><g transform="translate(-0.221878406359,10.7500002304) scale(0.0103429235226,-0.00963778430032)"><path class="sym-line" fill="black" d="M430 895 l0 -205 -37 23 c-21 13 -95 61 -165 105 l-128 82 -36 -71 c-19 -40 -32 -75 -27 -79 4 -3 74 -48 156 -99 81 -51 147 -97 147 -101 0 -4 -66 -50 -147 -101 -82 -51 -152 -96 -156 -99 -5 -4 8 -39 27 -79 l36 -71 128 82 c70 44 144 92 165 105 l37 23 0 -205 0 -205 70 0 70 0 0 205 0 205 38 -23 c20 -13 94 -61 164 -105 l128 -82 36 71 c19 40 32 75 27 79 -4 3 -74 48 -155 99 -82 51 -148 97 -148 101 0 4 66 50 148 101 81 51 151 96 155 99 5 4 -8 39 -27 79 l-36 71 -128 -82 c-70 -44 -144 -92 -164 -105 l-38 -23 0 205 0 205 -70 0 -70 0 0 -205z"/></g></svg>
  <svg x='509' y='515'><g transform="translate(-0.221878406359,10.7500002304) scale(0.0103429235226,-0.00963778430032)"><path class="sym-line" fill="black" d="M430 895 l0 -205 -37 23 c-21 13 -95 61 -165 105 l-128 82 -36 -71 c-19 -40 -32 -75 -27 -79 4 -3 74 -48 156 -99 81 -51 147 -97 147 -101 0 -4 -66 -50 -147 -101 -82 -51 -152 -96 -156 -99 -5 -4 8 -39 27 -79 l36 -71 128 82 c70 44 144 92 165 105 l37 23 0 -205 0 -205 70 0 70 0 0 205 0 205 38 -23 c20 -13 94 -61 164 -105 l128 -82 36 71 c19 40 32 75 27 79 -4 3 -74 48 -155 99 -82 51 -148 97 -148 101 0 4 66 50 148 101 81 51 151 96 155 99 5 4 -8 39 -27 79 l-36 71 -128 -82 c-70 -44 -144 -92 -164 -105 l-38 -23 0 205 0 205 -70 0 -70 0 0 -205z"/></g></svg>
  <svg x='414' y='504'><g transform="translate(-0.0787879511032,27.9706556909) scale(0.0100445360553,-0.00994352133958)"><path class="sym-line" fill="black" d="M81 2736 c-39 -39 -61 -70 -58 -78 4 -7 247 -263 540 -568 l534 -555 -86 -6 c-332 -25 -566 -220 -652 -544 -31 -118 -31 -299 0 -420 73 -285 265 -472 546 -532 86 -18 273 -13 358 11 193 53 357 192 441 370 61 131 71 183 71 366 0 160 -1 168 -33 260 -60 173 -62 175 -849 997 -400 417 -732 759 -737 761 -6 1 -40 -26 -75 -62z"/></g></svg>
  <svg x='435' y='521'><g transform="translate(0.150749190231,11.7548701066) scale(0.00984535298844,-0.00975232896833)"><path class="sym-fill" fill="white" d="M100 475 l0 -375 377 0 378 0 -375 375 c-206 206 -376 375 -377 375 -2 0 -3 -169 -3 -375z"/><path class="sym-line" fill="black" d="M1370 1184 c-148 -27 -311 -87 -434 -161 -104 -63 -176 -122 -319 -262 l-137 -135 -240 239 -240 240 0 -553 0 -552 552 0 553 0 -240 240 -240 241 130 124 c195 186 326 273 500 333 204 69 486 69 690 0 88 -31 209 -92 284 -145 36 -26 168 -147 292 -270 125 -123 231 -223 236 -223 5 0 40 32 78 70 l70 70 -210 211 c-211 212 -319 305 -431 372 -128 77 -285 134 -440 161 -109 19 -348 19 -454 0z m-698 -896 l180 -188 -376 0 -376 0 0 382 0 383 196 -195 c107 -107 277 -279 376 -382z"/></g></svg>
</svg>