<svg version='1.1' xmlns='http://www.w3.org/2000/svg' width='80' height='96' viewBox='460 452 80 96'>
  <text font-size='0'>AS10058S10050S20500S24102S2411aS37703S37b0bS3770bS37b03M540x548S10058478x518S10050505x518S20500496x452S24102501x483S2411a460x482S37703501x470S37b0b489x477S37b03499x478S3770b478x468</text>
  <svg x='478' y='518'><g transform="translate(0.0,30.0) scale(0.01,-0.01)"><path class="sym-line" fill="black" d="M1300 2250 l0 -750 100 0 100 0 0 750 0 750 -100 0 -100 0 0 -750z M0 650 l0 -650 750 0 750 0 0 650 0 650 -750 0 -750 0 0 -650z"/></g></svg>
  <svg x='505' y='518'><g transform="translate(0.0,30.0) scale(0.01,-0.01)"><path class="sym-line" fill="black" d="M0 2250 l0 -750 100 0 100 0 0 750 0 750 -100 0 -100 0 0 -750z M0 650 l0 -650 750 0 750 0 0 650 0 650 -750 0 -750 0 0 -650z"/></g></svg>
  <svg x='496' y='452'><g transform="translate(-0.221878406359,10.7500002304) scale(0.0103429235226,-0.00963778430032)"><path class="sym-line" fill="black" d="M430 895 l0 -205 -37 23 c-21 13 -95 61 -165 105 l-128 82 -36 -71 c-19 -40 -32 -75 -27 -79 4 -3 74 -48 156 -99 81 -51 147 -97 147 -101 0 -4 -66 -50 -147 -101 -82 -51 -152 -96 -156 -99 -5 -4 8 -39 27 -79 l36 -71 128 82 c70 44 144 92 165 105 l37 23 0 -205 0 -205 70 0 70 0 0 205 0 205 38 -23 c20 -13 94 -61 164 -105 l128 -82 36 71 c19 40 32 75 27 79 -4 3 -74 48 -155 99 -82 51 -148 97 -148 101 0 4 66 50 148 101 81 51 151 96 155 99 5 4 -8 39 -27 79 l-36 71 -128 -82 c-70 -44 -144 -92 -164 -105 l-38 -23 0 205 0 205 -70 0 -70 0 0 -205z"/></g></svg>
  <svg x='501' y='483'><g transform="translate(0.19771666078,27.6995090209) scale(0.00987298050474,-0.00983966840032)"><path class="sym-fill" fill="white" d="M1215 2520 l-140 -140 690 -690 690 -690 -828 0 -827 0 0 -200 0 -200 1307 0 1308 0 -1030 1030 c-566 567 -1030 1030 -1030 1030 0 0 -63 -63 -140 -140z"/><path class="sym-line" fill="black" d="M1427 2733 l-67 -68 1032 -1032 1033 -1033 -1313 0 -1312 0 0 200 0 200 822 0 823 0 -687 687 -688 688 -72 -73 -73 -72 515 -515 515 -515 -578 0 -577 0 0 202 0 203 -402 -403 -403 -402 403 -402 402 -403 0 203 0 202 1552 0 1553 0 -1200 1200 c-660 660 -1202 1200 -1205 1200 -3 0 -36 -30 -73 -67z"/></g></svg>
  <svg x='460' y='482'><g transform="translate(0.19771666078,27.6995090209) scale(0.00987298050474,-0.00983966840032)"><path class="sym-fill" fill="white" d="M1515 1630 l-1030 -1030 1308 0 1307 0 0 200 0 200 -827 0 -828 0 690 690 690 690 -140 140 -140 140 -1030 -1030z M3200 800 l0 -555 277 278 278 277 -278 277 -277 278 0 -555z"/><path class="sym-line" fill="black" d="M1195 1600 l-1200 -1200 1553 0 1552 0 0 -202 0 -203 402 403 403 402 -403 402 -402 403 0 -203 0 -202 -577 0 -578 0 515 515 515 515 -73 72 -72 73 -688 -688 -687 -687 823 0 822 0 0 -200 0 -200 -1312 0 -1313 0 1033 1033 1032 1032 -68 68 c-37 37 -70 67 -72 67 -3 0 -545 -540 -1205 -1200z m2282 -1077 l-277 -278 0 555 0 555 277 -278 278 -277 -278 -277z"/></g></svg>
  <svg x='501' y='470'><g transform="translate(-0.946174107756,22.3050086955) scale(0.0107616505441,-0.0103087417234)"><path class="sym-line" fill="black" d="M167 2075 c-38 -41 -67 -79 -65 -85 7 -21 1842 -1941 1853 -1938 6 2 43 37 82 79 l72 75 -923 970 c-508 533 -930 970 -938 971 -7 1 -44 -32 -81 -72z"/></g></svg>
  <svg x='489' y='477'><g transform="translate(-0.317686828344,12.2573476591) scale(0.0104501836903,-0.0104965031273)"><path class="sym-line" fill="black" d="M530 665 l-485 -485 68 -67 67 -68 487 487 488 488 -65 65 c-35 36 -67 65 -70 65 -3 0 -223 -218 -490 -485z"/></g></svg>
  <svg x='499' y='478'><g transform="translate(-0.317686828344,12.2573476591) scale(0.0104501836903,-0.0104965031273)"><path class="sym-line" fill="black" d="M110 1085 l-65 -65 488 -488 487 -487 67 68 68 67 -485 485 c-267 267 -487 485 -490 485 -3 0 -35 -29 -70 -65z"/></g></svg>
  <svg x='478' y='468'><g transform="translate(-0.981442752515,22.333772324) scale(0.0107782670044,-0.0103182059236)"><path class="sym-line" fill="black" d="M1024 1185 c-505 -531 -919 -971 -919 -979 0 -7 31 -46 69 -86 51 -55 72 -71 83 -64 8 5 428 443 933 973 l919 965 -72 75 c-39 42 -76 77 -82 79 -6 1 -425 -432 -931 -963z"/></g></svg>
</svg>