<svg version='1.1' xmlns='http://www.w3.org/2000/svg' width='58' height='227' viewBox='467 330 58 227'>
  <text font-size='0'>AS10011S15a18S26500S10040S26500S1f010S20600S2ff00M525x557S20600476x546S1f010467x527S2ff00482x483S10011504x360S15a18490x347S26500499x330S10040500x427S26500498x414</text>
  <svg x='476' y='546'><g transform="translate(-0.213271809649,10.7500002304) scale(0.0101476511593,-0.00963778430032)"><path class="sym-line" fill="black" d="M450 895 l0 -205 -172 105 -172 105 -39 -71 c-32 -57 -37 -73 -26 -80 8 -5 83 -50 167 -100 83 -50 152 -95 152 -99 0 -4 -69 -49 -152 -99 -84 -50 -159 -95 -167 -100 -11 -7 -6 -23 26 -80 l39 -71 172 105 172 105 0 -205 0 -205 75 0 75 0 2 204 3 204 155 -95 c85 -52 163 -99 172 -104 14 -7 23 2 52 58 20 37 36 70 36 74 0 4 -74 51 -165 105 -91 54 -165 101 -165 104 0 3 74 50 165 104 91 54 165 101 165 105 0 4 -16 37 -36 74 -29 56 -38 65 -52 58 -9 -5 -87 -52 -172 -104 l-155 -95 -3 204 -2 204 -75 0 -75 0 0 -205z M1600 895 l0 -204 -167 100 c-93 56 -171 103 -174 105 -4 2 -23 -28 -44 -67 -30 -57 -35 -73 -24 -80 8 -5 83 -50 166 -101 84 -51 153 -95 153 -98 0 -3 -69 -47 -153 -98 -83 -51 -158 -96 -166 -101 -11 -7 -6 -23 24 -80 21 -39 40 -69 44 -67 3 2 81 49 174 105 l167 100 0 -204 0 -205 75 0 75 0 0 205 0 204 168 -100 c92 -56 170 -103 173 -105 3 -1 23 29 43 68 31 56 36 72 25 79 -8 5 -83 50 -166 101 -84 51 -153 95 -153 98 0 3 69 47 153 98 83 51 158 96 166 101 11 7 6 23 -25 79 -20 39 -40 69 -43 68 -3 -2 -81 -49 -173 -105 l-168 -100 0 204 0 205 -75 0 -75 0 0 -205z"/></g></svg>
  <svg x='467' y='527'><g transform="translate(0.0,15.0) scale(0.01,-0.01)"><path class="sym-fill" fill="white" d="M1600 750 l0 -550 300 0 300 0 0 550 0 550 -300 0 -300 0 0 -550z"/><path class="sym-line" fill="black" d="M0 1400 l0 -100 700 0 700 0 0 -390 c0 -214 -3 -390 -7 -390 -5 0 -275 70 -601 156 -325 87 -595 155 -598 152 -8 -8 -57 -189 -52 -193 2 -2 286 -79 631 -172 l627 -168 0 -147 0 -148 750 0 750 0 0 750 0 750 -1450 0 -1450 0 0 -100z m2200 -650 l0 -550 -300 0 -300 0 0 550 0 550 300 0 300 0 0 -550z"/></g></svg>
  <svg x='482' y='483'><g transform="translate(0.149874875465,34.7500790925) scale(0.00988906872676,-0.00988956850125)"><path class="sym-line" fill="black" d="M1528 3484 c-592 -92 -1088 -447 -1348 -963 -125 -249 -180 -485 -180 -771 0 -480 183 -911 529 -1242 350 -336 780 -508 1271 -508 451 0 864 150 1193 434 326 281 517 620 591 1051 21 121 21 409 0 530 -43 252 -114 444 -237 639 -282 453 -741 750 -1284 831 -127 19 -413 18 -535 -1z m607 -173 c583 -126 1038 -523 1224 -1069 59 -173 75 -277 75 -492 0 -165 -3 -211 -22 -300 -71 -327 -228 -611 -458 -829 -186 -177 -381 -295 -614 -374 -176 -60 -282 -78 -490 -84 -247 -7 -416 19 -628 97 -549 201 -944 674 -1043 1250 -17 97 -17 383 0 480 99 576 495 1050 1043 1250 105 38 177 58 303 81 143 26 467 21 610 -10z"/></g></svg>
  <svg x='504' y='360'><g transform="translate(0.0827624000386,29.8972374025) scale(0.00988338120185,-0.00991626663417)"><path class="sym-fill" fill="white" d="M601 1204 l-191 -197 42 -46 c23 -25 182 -189 353 -365 l310 -318 193 197 193 198 -128 131 c-71 72 -230 236 -355 363 l-226 233 -191 -196z"/><path class="sym-line" fill="black" d="M76 2931 l-69 -69 486 -498 485 -498 -371 -381 c-204 -209 -393 -403 -419 -431 l-49 -51 481 -494 c264 -272 487 -494 495 -494 8 0 231 222 495 494 l481 494 -49 51 c-152 158 -1893 1946 -1895 1946 -2 0 -33 -31 -71 -69z m1020 -1838 c165 -170 324 -334 353 -365 l54 -58 -188 -192 c-104 -106 -194 -193 -200 -193 -12 0 -696 698 -703 716 -4 9 367 398 379 399 3 0 140 -138 305 -307z"/></g></svg>
  <svg x='490' y='347'><g transform="translate(0.0,27.0) scale(0.01,-0.01)"><path class="sym-fill" fill="white" d="M600 1307 l0 -1107 200 0 200 0 0 908 0 907 -200 200 -200 200 0 -1108z"/><path class="sym-line" fill="black" d="M297 2402 l-297 -297 0 -1053 0 -1052 600 0 600 0 0 1053 0 1052 -298 298 c-163 163 -299 297 -302 297 -3 0 -139 -134 -303 -298z m703 -1289 l0 -913 -200 0 -200 0 0 1112 0 1113 200 -200 200 -200 0 -912z"/></g></svg>
  <svg x='499' y='330'><g transform="translate(0.199517282911,14.7505211307) scale(0.00964541675618,-0.00973472242044)"><path class="sym-line" fill="black" d="M345 1150 l-350 -350 303 0 302 0 0 -400 0 -400 100 0 100 0 0 400 0 400 302 0 303 0 -350 350 c-192 193 -352 350 -355 350 -3 0 -163 -157 -355 -350z"/></g></svg>
  <svg x='500' y='427'><g transform="translate(0.0,30.0) scale(0.01,-0.01)"><path class="sym-fill" fill="white" d="M200 650 l0 -450 300 0 300 0 0 450 0 450 -300 0 -300 0 0 -450z"/><path class="sym-line" fill="black" d="M1300 2250 l0 -750 100 0 100 0 0 750 0 750 -100 0 -100 0 0 -750z M0 650 l0 -650 750 0 750 0 0 650 0 650 -750 0 -750 0 0 -650z m800 0 l0 -450 -300 0 -300 0 0 450 0 450 300 0 300 0 0 -450z"/></g></svg>
  <svg x='498' y='414'><g transform="translate(0.199517282911,14.7505211307) scale(0.00964541675618,-0.00973472242044)"><path class="sym-line" fill="black" d="M345 1150 l-350 -350 303 0 302 0 0 -400 0 -400 100 0 100 0 0 400 0 400 302 0 303 0 -350 350 c-192 193 -352 350 -355 350 -3 0 -163 -157 -355 -350z"/></g></svg>
</svg>