<svg version='1.1' xmlns='http://www.w3.org/2000/svg' width='133' height='84' viewBox='444 433 133 84'>
  <text font-size='0'>AS10011S2e707S19a20S26500S30007M577x517S2ff00482x482S10011518x486S2e707530x468S19a10549x450S26500555x433S10008444x446S2f900446x479S32101482x482</text>
  <svg x='482' y='482'><g transform="translate(0.149874875465,34.7500790925) scale(0.00988906872676,-0.00988956850125)"><path class="sym-line" fill="black" d="M1528 3484 c-592 -92 -1088 -447 -1348 -963 -125 -249 -180 -485 -180 -771 0 -480 183 -911 529 -1242 350 -336 780 -508 1271 -508 451 0 864 150 1193 434 326 281 517 620 591 1051 21 121 21 409 0 530 -43 252 -114 444 -237 639 -282 453 -741 750 -1284 831 -127 19 -413 18 -535 -1z m607 -173 c583 -126 1038 -523 1224 -1069 59 -173 75 -277 75 -492 0 -165 -3 -211 -22 -300 -71 -327 -228 -611 -458 -829 -186 -177 -381 -295 -614 -374 -176 -60 -282 -78 -490 -84 -247 -7 -416 19 -628 97 -549 201 -944 674 -1043 1250 -17 97 -17 383 0 480 99 576 495 1050 1043 1250 105 38 177 58 303 81 143 26 467 21 610 -10z"/></g></svg>
  <svg x='518' y='486'><g transform="translate(0.0827624000386,29.8972374025) scale(0.00988338120185,-0.00991626663417)"><path class="sym-fill" fill="white" d="M601 1204 l-191 -197 42 -46 c23 -25 182 -189 353 -365 l310 -318 193 197 193 198 -128 131 c-71 72 -230 236 -355 363 l-226 233 -191 -196z"/><path class="sym-line" fill="black" d="M76 2931 l-69 -69 486 -498 485 -498 -371 -381 c-204 -209 -393 -403 -419 -431 l-49 -51 481 -494 c264 -272 487 -494 495 -494 8 0 231 222 495 494 l481 494 -49 51 c-152 158 -1893 1946 -1895 1946 -2 0 -33 -31 -71 -69z m1020 -1838 c165 -170 324 -334 353 -365 l54 -58 -188 -192 c-104 -106 -194 -193 -200 -193 -12 0 -696 698 -703 716 -4 9 367 398 379 399 3 0 140 -138 305 -307z"/></g></svg>
  <svg x='530' y='468'><g transform="translate(-0.110541118471,21.9717545631) scale(0.00993764156421,-0.00994291386497)"><path class="sym-line" fill="black" d="M1525 2193 c-176 -26 -349 -122 -523 -287 -93 -89 -562 -597 -670 -726 -254 -304 -366 -658 -274 -862 27 -59 181 -227 239 -260 149 -86 404 -15 642 177 59 47 154 141 305 302 l49 52 -138 151 c-76 83 -141 149 -145 148 -4 -2 -59 -59 -122 -128 -274 -299 -489 -450 -639 -450 -198 0 -75 369 242 730 187 213 578 640 658 719 194 191 412 316 515 297 46 -9 76 -53 76 -112 0 -78 -65 -235 -156 -377 -24 -37 -44 -72 -44 -76 0 -8 167 -198 245 -279 l22 -23 35 59 c110 184 167 380 155 527 -9 103 -32 146 -140 266 -73 80 -108 111 -144 127 -50 21 -137 33 -188 25z M812 1251 c2 -5 173 -195 380 -424 207 -228 388 -427 402 -443 l25 -29 1 453 0 452 -406 0 c-230 0 -404 -4 -402 -9z"/></g></svg>
  <svg x='549' y='450'><g transform="translate(0.198444386472,19.7571138629) scale(0.00984396215938,-0.00989909330674)"><path class="sym-fill" fill="white" d="M760 730 l0 -530 320 0 320 0 0 530 0 530 -320 0 -320 0 0 -530z"/><path class="sym-line" fill="black" d="M70 1911 l-75 -69 24 -26 c13 -14 134 -124 268 -243 l243 -218 0 -677 0 -678 815 0 815 0 0 193 1 192 319 285 c175 157 319 290 319 296 1 6 -33 41 -75 79 l-75 68 -27 -26 c-15 -13 -124 -111 -242 -217 l-215 -192 -3 391 -2 391 -713 0 -713 0 -289 260 c-160 143 -292 260 -295 260 -3 -1 -39 -32 -80 -69z m1330 -1186 l0 -535 -325 0 -325 0 0 535 0 535 325 0 325 0 0 -535z"/></g></svg>
  <svg x='555' y='433'><g transform="translate(0.199517282911,14.7505211307) scale(0.00964541675618,-0.00973472242044)"><path class="sym-line" fill="black" d="M345 1150 l-350 -350 303 0 302 0 0 -400 0 -400 100 0 100 0 0 400 0 400 302 0 303 0 -350 350 c-192 193 -352 350 -355 350 -3 0 -163 -157 -355 -350z"/></g></svg>
  <svg x='444' y='446'><g transform="translate(0.0,30.0) scale(0.01,-0.01)"><path class="sym-fill" fill="white" d="M200 750 l0 -550 550 0 550 0 0 550 0 550 -550 0 -550 0 0 -550z"/><path class="sym-line" fill="black" d="M0 1500 l0 -1500 750 0 750 0 0 750 0 750 -650 0 -650 0 0 750 0 750 -100 0 -100 0 0 -1500z m1300 -750 l0 -550 -550 0 -550 0 0 550 0 550 550 0 550 0 0 -550z"/></g></svg>
  <svg x='446' y='479'><g transform="translate(0.180786096011,4.75000053092) scale(0.00958087152387,-0.00920312606184)"><path class="sym-line" fill="black" d="M245 488 c-55 -20 -116 -69 -150 -121 -45 -68 -84 -193 -92 -289 l-6 -78 107 0 106 0 0 40 c0 57 36 145 71 175 37 30 91 33 131 7 15 -10 53 -49 85 -87 82 -98 136 -129 231 -134 87 -4 139 9 200 51 86 59 157 215 169 371 l6 77 -107 0 -106 0 0 -40 c0 -57 -36 -145 -71 -175 -37 -30 -91 -33 -131 -7 -15 10 -53 49 -85 87 -32 38 -81 83 -107 100 -44 27 -59 30 -135 32 -47 1 -99 -3 -116 -9z"/></g></svg>
  <svg x='482' y='482'><g transform="translate(0.149874875465,34.7500790925) scale(0.00988906872676,-0.00988956850125)"><path class="sym-line" fill="black" d="M1528 3484 c-592 -92 -1088 -447 -1348 -963 -125 -249 -180 -485 -180 -771 0 -480 183 -911 529 -1242 350 -336 780 -508 1271 -508 451 0 864 150 1193 434 326 281 517 620 591 1051 21 121 21 409 0 530 -43 252 -114 444 -237 639 -282 453 -741 750 -1284 831 -127 19 -413 18 -535 -1z m607 -173 c583 -126 1038 -523 1224 -1069 59 -173 75 -277 75 -492 0 -165 -3 -211 -22 -300 -71 -327 -228 -611 -458 -829 -186 -177 -381 -295 -614 -374 -176 -60 -282 -78 -490 -84 -247 -7 -416 19 -628 97 -549 201 -944 674 -1043 1250 -17 97 -17 383 0 480 99 576 495 1050 1043 1250 105 38 177 58 303 81 143 26 467 21 610 -10z M820 2215 l0 -285 55 0 55 0 0 235 0 234 240 -6 240 -6 0 56 0 57 -295 0 -295 0 0 -285z M1950 2215 l0 -285 55 0 55 0 0 235 0 234 240 -6 240 -6 0 56 0 57 -295 0 -295 0 0 -285z M1217 2322 l-37 -38 186 -179 186 -178 40 40 39 40 -182 176 c-100 98 -185 177 -189 177 -3 0 -23 -17 -43 -38z M2348 2323 l-36 -38 185 -179 184 -179 40 39 40 40 -180 177 c-98 97 -183 177 -188 177 -5 0 -25 -17 -45 -37z M997 2112 l-38 -39 186 -178 186 -178 36 30 c20 16 38 34 40 40 4 10 -354 363 -367 363 -3 0 -23 -17 -43 -38z M2131 2116 c-18 -19 -32 -39 -30 -44 6 -16 356 -352 366 -352 5 0 25 16 44 36 l34 35 -182 180 c-99 98 -185 179 -190 179 -5 0 -24 -15 -42 -34z"/></g></svg>
</svg>