<svg version='1.1' xmlns='http://www.w3.org/2000/svg' width='67' height='129' viewBox='466 436 67 129'>
  <text font-size='0'>AS10000S10028S21100S2df08S2df1cS15a40S15a48S22a04S22a14S2fb04M533x565S21100471x461S10000498x451S10028492x456S2df1c466x479S2df08467x436S15a40519x506S15a48494x506S22a04520x540S22a14493x540S2fb04506x559</text>
  <svg x='471' y='461'><g transform="translate(0.100900989662,13.8028761369) scale(0.00973019545717,-0.00980171001958)"><path class="sym-fill" fill="white" d="M583 1185 c-269 -75 -434 -344 -368 -598 49 -187 188 -325 378 -374 159 -40 396 23 545 145 l33 27 -68 74 -68 74 -32 -27 c-89 -75 -261 -121 -366 -97 -230 51 -313 335 -147 501 60 60 117 83 223 88 l87 4 0 -100 0 -100 -70 -4 c-60 -3 -74 -8 -97 -31 -38 -38 -38 -96 0 -135 24 -23 35 -27 85 -26 105 1 209 71 255 173 30 64 30 178 0 242 -27 60 -93 125 -152 152 -59 26 -168 32 -238 12z"/><path class="sym-line" fill="black" d="M535 1386 c-139 -36 -249 -101 -348 -205 -73 -78 -116 -148 -155 -253 -25 -68 -27 -84 -27 -228 0 -144 2 -160 27 -228 42 -114 85 -180 172 -268 88 -87 154 -130 268 -172 68 -25 84 -27 233 -27 185 0 237 11 380 79 97 46 215 128 215 148 -1 7 -29 44 -64 82 l-63 68 -54 -41 c-197 -149 -458 -183 -653 -84 -65 33 -176 144 -209 209 -75 147 -75 321 0 468 33 65 144 176 209 209 168 85 351 71 450 -35 60 -63 79 -113 79 -208 0 -73 -4 -92 -27 -135 -50 -95 -138 -154 -243 -163 -58 -4 -63 -3 -93 28 -44 44 -45 96 -1 139 28 29 36 31 100 31 l69 0 0 101 0 102 -86 -6 c-143 -10 -231 -65 -282 -176 -68 -147 -2 -321 148 -389 106 -49 278 -25 388 54 26 19 57 38 69 44 31 13 107 119 135 188 19 49 23 75 23 182 0 107 -4 133 -23 182 -50 125 -166 241 -290 289 -70 28 -266 36 -347 15z"/></g></svg>
  <svg x='498' y='451'><g transform="translate(0.0,30.0) scale(0.01,-0.01)"><path class="sym-fill" fill="white" d="M200 750 l0 -550 550 0 550 0 0 550 0 550 -550 0 -550 0 0 -550z"/><path class="sym-line" fill="black" d="M1300 2250 l0 -750 -650 0 -650 0 0 -750 0 -750 750 0 750 0 0 1500 0 1500 -100 0 -100 0 0 -750z m0 -1500 l0 -550 -550 0 -550 0 0 550 0 550 550 0 550 0 0 -550z"/></g></svg>
  <svg x='492' y='456'><g transform="translate(0.0,30.0) scale(0.01,-0.01)"><path class="sym-line" fill="black" d="M1300 2250 l0 -750 -650 0 -650 0 0 -750 0 -750 750 0 750 0 0 1500 0 1500 -100 0 -100 0 0 -750z"/></g></svg>
  <svg x='466' y='479'><g transform="translate(0.0,21.0) scale(0.01,-0.01)"><path class="sym-fill" fill="white" d="M1000 1606 l0 -493 38 -7 c48 -8 176 -8 225 0 l37 7 0 493 0 494 -150 0 -150 0 0 -494z M100 1373 l0 -228 225 225 c124 124 225 226 225 227 0 2 -101 3 -225 3 l-225 0 0 -227z M1000 403 l0 -403 150 0 150 0 0 403 0 402 -150 0 -150 0 0 -402z"/><path class="sym-line" fill="black" d="M900 1615 c0 -552 11 -497 -95 -470 -92 23 -213 88 -283 151 l-64 57 174 174 173 173 -403 0 -402 0 0 -402 0 -403 173 172 172 171 130 -124 c148 -142 226 -199 340 -249 l80 -34 3 -416 2 -415 50 0 50 0 0 408 0 408 75 -9 c46 -6 104 -6 150 0 l75 9 0 -408 0 -408 50 0 50 0 2 415 3 416 80 34 c44 19 110 55 146 80 71 49 469 429 469 449 0 13 -91 106 -104 106 -5 0 -68 -58 -142 -129 -113 -110 -145 -136 -216 -170 -78 -38 -180 -71 -220 -71 -17 0 -18 26 -18 485 l0 485 -50 0 -50 0 0 -500 0 -500 -150 0 -150 0 0 500 0 500 -50 0 -50 0 0 -485z m-350 -18 c0 -1 -101 -103 -225 -227 l-225 -225 0 228 0 227 225 0 c124 0 225 -1 225 -3z"/></g></svg>
  <svg x='467' y='436'><g transform="translate(0.179714341878,20.7485491077) scale(0.00979613656744,-0.00980957695607)"><path class="sym-fill" fill="white" d="M800 1050 l0 -1050 150 0 150 0 0 1050 0 1050 -150 0 -150 0 0 -1050z"/><path class="sym-line" fill="black" d="M700 1685 l0 -415 -27 -6 c-59 -15 -181 -72 -252 -119 -72 -47 -360 -318 -403 -378 l-21 -29 71 -71 71 -71 168 165 c93 91 188 179 213 196 42 29 163 93 175 93 3 0 5 -236 5 -525 l0 -525 50 0 50 0 0 1050 0 1050 -50 0 -50 0 0 -415z M1100 1050 l0 -1050 50 0 50 0 0 525 c0 289 2 525 5 525 3 0 36 -15 73 -34 88 -45 169 -107 267 -205 l80 -81 -165 -165 -165 -165 403 0 402 0 0 402 0 403 -164 -164 -165 -165 -108 110 c-59 60 -142 131 -183 159 -72 47 -194 104 -252 119 l-28 6 0 415 0 415 -50 0 -50 0 0 -1050z"/></g></svg>
  <svg x='519' y='506'><g transform="translate(0.0,27.0) scale(0.01,-0.01)"><path class="sym-fill" fill="white" d="M398 2213 l-198 -198 0 -158 0 -157 -100 0 -100 0 0 -150 0 -150 100 0 100 0 0 -600 0 -600 200 0 200 0 0 600 0 600 300 0 300 0 0 150 0 150 -300 0 -300 0 -2 355 -3 355 -197 -197z"/><path class="sym-line" fill="black" d="M297 2402 l-297 -297 0 -203 0 -202 100 0 100 0 0 163 0 162 200 200 200 200 0 -363 0 -362 300 0 300 0 0 203 0 202 -298 298 c-163 163 -299 297 -302 297 -3 0 -139 -134 -303 -298z M0 700 l0 -700 600 0 600 0 0 700 0 700 -300 0 -300 0 0 -600 0 -600 -200 0 -200 0 0 600 0 600 -100 0 -100 0 0 -700z"/></g></svg>
  <svg x='494' y='506'><g transform="translate(0.0,27.0) scale(0.01,-0.01)"><path class="sym-fill" fill="white" d="M600 2057 l0 -357 -300 0 -300 0 0 -150 0 -150 300 0 300 0 0 -600 0 -600 200 0 200 0 0 600 0 600 100 0 100 0 0 150 0 150 -100 0 -100 0 0 158 0 157 -200 200 -200 200 0 -358z"/><path class="sym-line" fill="black" d="M297 2402 l-297 -297 0 -203 0 -202 300 0 300 0 0 362 0 363 200 -200 200 -200 0 -162 0 -163 100 0 100 0 0 203 0 202 -298 298 c-163 163 -299 297 -302 297 -3 0 -139 -134 -303 -298z M0 700 l0 -700 600 0 600 0 0 700 0 700 -100 0 -100 0 0 -600 0 -600 -200 0 -200 0 0 600 0 600 -300 0 -300 0 0 -700z"/></g></svg>
  <svg x='520' y='540'><g transform="translate(0.043463926586,14.7505211307) scale(0.00985915292844,-0.00973472242044)"><path class="sym-fill" fill="white" d="M510 1100 l0 -400 140 0 140 0 0 400 0 400 -140 0 -140 0 0 -400z"/><path class="sym-line" fill="black" d="M330 1100 l0 -400 -159 -2 -160 -3 315 -347 c174 -192 319 -348 324 -348 5 0 150 156 324 348 l315 347 -160 3 -159 2 0 400 0 400 -90 0 -90 0 0 -400 0 -400 -140 0 -140 0 0 400 0 400 -90 0 -90 0 0 -400z"/></g></svg>
  <svg x='493' y='540'><g transform="translate(0.043463926586,14.7505211307) scale(0.00985915292844,-0.00973472242044)"><path class="sym-fill" fill="white" d="M510 1100 l0 -400 140 0 140 0 0 400 0 400 -140 0 -140 0 0 -400z M277 557 c144 -163 368 -407 373 -407 5 0 229 244 373 407 l39 43 -412 0 -412 0 39 -43z"/><path class="sym-line" fill="black" d="M330 1100 l0 -400 -159 -2 -160 -3 315 -347 c174 -192 319 -348 324 -348 5 0 150 156 324 348 l315 347 -160 3 -159 2 0 400 0 400 -90 0 -90 0 0 -400 0 -400 -140 0 -140 0 0 400 0 400 -90 0 -90 0 0 -400z m714 -522 c-82 -96 -388 -428 -394 -428 -6 0 -312 332 -394 428 l-19 22 413 0 413 0 -19 -22z"/></g></svg>
  <svg x='506' y='559'><g transform="translate(0.178125321737,5.7484375) scale(0.00969593203301,-0.00933333333333)"><path class="sym-line" fill="black" d="M4 569 c22 -111 99 -242 206 -349 151 -151 320 -220 540 -220 220 0 389 69 540 220 107 107 184 238 206 349 l7 31 -61 0 -61 0 -42 -82 c-54 -104 -163 -218 -264 -274 -154 -85 -340 -108 -501 -61 -176 51 -331 177 -413 335 l-42 82 -61 0 -61 0 7 -31z"/></g></svg>
</svg>