<svg version='1.1' xmlns='http://www.w3.org/2000/svg' width='108' height='141' viewBox='446 430 108 141'>
  <text font-size='0'>AS1005dS2930aS2f700S2f700S2f700S1d421S15a06S20e00S22a06S22a06S2f900M554x571S15a06446x548S2f900451x536S10051524x466S2930a482x430S2f700476x450S2f700496x449S2f700516x449S1d421488x509S20e00475x548S22a06490x541S22a06490x558</text>
  <svg x='446' y='548'><g transform="translate(0.150976194493,11.7516936221) scale(0.00983400277537,-0.00966938010173)"><path class="sym-fill" fill="white" d="M200 600 l0 -400 908 0 907 0 200 200 200 200 -200 200 -200 200 -907 0 -908 0 0 -400z"/><path class="sym-line" fill="black" d="M0 600 l0 -600 1053 0 1052 0 300 300 300 300 -300 300 -300 300 -1052 0 -1053 0 0 -600z m2225 200 l200 -200 -200 -200 -200 -200 -912 0 -913 0 0 400 0 400 913 0 912 0 200 -200z"/></g></svg>
  <svg x='451' y='536'><g transform="translate(0.180786096011,4.75000053092) scale(0.00958087152387,-0.00920312606184)"><path class="sym-line" fill="black" d="M245 488 c-55 -20 -116 -69 -150 -121 -45 -68 -84 -193 -92 -289 l-6 -78 107 0 106 0 0 40 c0 57 36 145 71 175 37 30 91 33 131 7 15 -10 53 -49 85 -87 82 -98 136 -129 231 -134 87 -4 139 9 200 51 86 59 157 215 169 371 l6 77 -107 0 -106 0 0 -40 c0 -57 -36 -145 -71 -175 -37 -30 -91 -33 -131 -7 -15 10 -53 49 -85 87 -32 38 -81 83 -107 100 -44 27 -59 30 -135 32 -47 1 -99 -3 -116 -9z"/></g></svg>
  <svg x='524' y='466'><g transform="translate(0.141356881793,20.8577841504) scale(0.00991963449397,-0.00995134096646)"><path class="sym-line" fill="black" d="M61 2016 c-35 -35 -62 -68 -60 -73 2 -5 227 -226 499 -491 l495 -482 70 70 70 70 -75 74 c-298 293 -922 896 -928 896 -4 0 -36 -29 -71 -64z M1620 1339 c-272 -265 -495 -485 -495 -488 0 -10 854 -841 864 -841 12 0 996 958 996 969 0 11 -851 841 -862 841 -4 0 -231 -217 -503 -481z"/></g></svg>
  <svg x='482' y='430'><g transform="translate(0.149605619595,13.7527184779) scale(0.00990253152024,-0.00974038934434)"><path class="sym-fill" fill="white" d="M976 1235 c-102 -20 -227 -71 -313 -128 -41 -28 -164 -143 -313 -291 l-245 -246 140 -140 139 -140 241 238 c150 149 258 249 289 265 134 74 307 74 436 0 25 -14 169 -149 320 -299 152 -151 280 -274 285 -274 5 0 133 123 285 273 176 175 293 283 324 300 135 74 298 74 432 0 27 -15 118 -95 204 -180 l156 -152 142 142 143 143 -158 155 c-210 205 -307 269 -491 322 -64 18 -101 21 -217 21 -122 -1 -151 -4 -228 -28 -172 -52 -258 -108 -451 -297 l-142 -138 -105 105 c-194 197 -317 280 -484 329 -115 34 -273 42 -389 20z"/><path class="sym-line" fill="black" d="M958 1390 c-70 -12 -155 -39 -232 -71 -136 -58 -227 -130 -483 -383 -134 -131 -243 -244 -243 -250 0 -7 22 -34 50 -61 l50 -49 247 245 c253 250 310 296 436 354 122 56 185 69 347 70 164 0 244 -17 370 -79 110 -55 155 -90 310 -243 l146 -142 129 130 c143 143 215 200 323 254 127 63 207 80 372 80 165 0 242 -17 373 -81 105 -51 183 -113 347 -278 l145 -146 -142 -142 -142 -142 -161 158 c-178 174 -226 205 -351 226 -88 15 -182 1 -270 -41 -54 -26 -102 -69 -343 -309 l-281 -279 -280 279 c-249 248 -288 282 -347 310 -131 61 -268 61 -399 -1 -53 -25 -99 -66 -303 -269 l-241 -239 55 -56 54 -55 231 228 c126 126 246 238 265 250 78 46 204 45 285 -3 22 -13 182 -166 355 -339 173 -174 319 -316 325 -316 6 0 150 140 320 310 171 171 330 324 355 340 85 54 208 56 295 5 22 -13 103 -87 180 -164 l140 -141 -175 -175 -175 -175 603 0 602 0 0 602 0 603 -175 -175 -174 -174 -168 165 c-222 217 -322 282 -528 346 -84 25 -102 27 -275 27 -172 0 -191 -2 -275 -27 -181 -55 -341 -154 -489 -306 l-59 -60 -99 94 c-154 147 -272 217 -453 271 -77 23 -112 27 -245 30 -85 1 -176 -1 -202 -6z"/></g></svg>
  <svg x='476' y='450'><g transform="translate(0.0,7.0) scale(0.01,-0.01)"><path class="sym-line" fill="black" d="M463 432 l-463 -267 0 -82 0 -83 600 0 600 0 0 100 0 100 -355 2 -355 3 355 205 355 204 0 43 0 43 -137 0 -138 -1 -462 -267z"/></g></svg>
  <svg x='496' y='449'><g transform="translate(0.0,7.0) scale(0.01,-0.01)"><path class="sym-line" fill="black" d="M463 432 l-463 -267 0 -82 0 -83 600 0 600 0 0 100 0 100 -355 2 -355 3 355 205 355 204 0 43 0 43 -137 0 -138 -1 -462 -267z"/></g></svg>
  <svg x='516' y='449'><g transform="translate(0.0,7.0) scale(0.01,-0.01)"><path class="sym-line" fill="black" d="M463 432 l-463 -267 0 -82 0 -83 600 0 600 0 0 100 0 100 -355 2 -355 3 355 205 355 204 0 43 0 43 -137 0 -138 -1 -462 -267z"/></g></svg>
  <svg x='488' y='509'><g transform="translate(-0.0476521121211,24.9594133528) scale(0.00994703515023,-0.00993540858038)"><path class="sym-line" fill="black" d="M888 2472 c-43 -14 -78 -29 -78 -33 0 -4 88 -256 195 -560 107 -303 195 -556 195 -563 0 -6 -18 -26 -40 -44 l-40 -33 -442 432 c-244 238 -461 450 -483 471 l-41 38 -67 -61 c-37 -33 -67 -64 -67 -68 0 -4 216 -218 480 -475 264 -258 480 -471 480 -475 0 -4 -216 -218 -480 -475 -265 -258 -480 -471 -478 -475 2 -3 32 -34 68 -68 l65 -62 195 189 195 189 579 1 579 0 129 -126 c70 -69 132 -124 136 -122 5 1 125 116 267 255 l258 251 -249 243 c-137 134 -315 309 -396 388 l-148 145 0 403 0 403 -95 0 -95 0 0 -313 0 -313 -75 -74 c-41 -41 -76 -72 -78 -69 -2 2 -85 233 -183 514 -123 351 -184 510 -194 512 -8 1 -50 -10 -92 -25z m427 -1692 l190 -190 -380 0 -380 0 190 190 c104 105 190 190 190 190 0 0 86 -85 190 -190z"/></g></svg>
  <svg x='475' y='548'><g transform="translate(0.146427179928,11.7544805477) scale(0.00967082850362,-0.00967852689504)"><path class="sym-fill" fill="white" d="M503 985 c-159 -43 -265 -159 -295 -325 -22 -116 23 -252 112 -340 88 -89 224 -134 340 -112 178 33 299 154 332 332 22 115 -23 252 -110 339 -56 56 -107 85 -189 106 -70 18 -121 18 -190 0z m175 -200 c104 -44 151 -167 103 -270 -71 -153 -291 -153 -362 0 -33 72 -19 166 34 224 52 56 151 76 225 46z"/><path class="sym-line" fill="black" d="M435 1181 c-206 -60 -366 -224 -419 -428 -21 -78 -21 -228 0 -306 54 -208 223 -377 431 -431 78 -21 228 -21 306 0 208 54 377 223 431 431 21 78 21 228 0 306 -26 103 -80 195 -158 273 -78 78 -170 132 -273 158 -82 21 -240 20 -318 -3z m276 -197 c134 -40 234 -140 273 -273 62 -211 -60 -432 -273 -495 -210 -62 -433 61 -495 273 -61 207 56 426 264 492 70 23 161 24 231 3z M509 772 c-43 -22 -59 -38 -81 -81 -36 -68 -36 -114 0 -182 22 -43 38 -59 81 -81 68 -36 114 -36 182 0 43 22 59 38 81 81 36 68 36 114 0 182 -22 43 -38 59 -81 81 -68 36 -114 36 -182 0z"/></g></svg>
  <svg x='490' y='541'><g transform="translate(0.149086073535,12.8620963812) scale(0.00973319632325,-0.00982260446778)"><path class="sym-fill" fill="white" d="M0 650 l0 -140 400 0 400 0 0 140 0 140 -400 0 -400 0 0 -140z"/><path class="sym-line" fill="black" d="M800 1132 l0 -162 -400 0 -400 0 0 -90 0 -90 400 0 400 0 0 -140 0 -140 -400 0 -400 0 0 -90 0 -90 400 0 400 0 2 -159 3 -160 348 315 c191 174 347 319 347 324 0 4 -143 138 -317 296 -175 158 -333 301 -350 318 l-33 30 0 -162z"/></g></svg>
  <svg x='490' y='558'><g transform="translate(0.149086073535,12.8620963812) scale(0.00973319632325,-0.00982260446778)"><path class="sym-fill" fill="white" d="M0 650 l0 -140 400 0 400 0 0 140 0 140 -400 0 -400 0 0 -140z"/><path class="sym-line" fill="black" d="M800 1132 l0 -162 -400 0 -400 0 0 -90 0 -90 400 0 400 0 0 -140 0 -140 -400 0 -400 0 0 -90 0 -90 400 0 400 0 2 -159 3 -160 348 315 c191 174 347 319 347 324 0 4 -143 138 -317 296 -175 158 -333 301 -350 318 l-33 30 0 -162z"/></g></svg>
</svg>