<svg version='1.1' xmlns='http://www.w3.org/2000/svg' width='60' height='137' viewBox='470 431 60 137'>
  <text font-size='0'>AS10640S10648S26c00S26c10S2fb01S15a40S15a48S22a04S22a14S2fb04M530x568S10640508x454S10648478x473S26c00503x433S26c10470x451S2fb01488x431S15a40512x509S15a48478x509S22a04512x540S22a14477x541S2fb04494x562</text>
  <svg x='508' y='454'><g transform="translate(0.0,26.0) scale(0.01,-0.01)"><path class="sym-fill" fill="white" d="M200 650 l0 -450 300 0 300 0 0 450 0 450 -300 0 -300 0 0 -450z"/><path class="sym-line" fill="black" d="M700 2250 l0 -350 100 0 100 0 0 250 0 250 200 0 200 0 0 -450 0 -450 100 0 100 0 0 550 0 550 -400 0 -400 0 0 -350z M0 650 l0 -650 750 0 750 0 0 650 0 650 -750 0 -750 0 0 -650z m800 0 l0 -450 -300 0 -300 0 0 450 0 450 300 0 300 0 0 -450z"/></g></svg>
  <svg x='478' y='473'><g transform="translate(0.0,26.0) scale(0.01,-0.01)"><path class="sym-fill" fill="white" d="M700 650 l0 -450 300 0 300 0 0 450 0 450 -300 0 -300 0 0 -450z"/><path class="sym-line" fill="black" d="M0 2050 l0 -550 100 0 100 0 0 450 0 450 200 0 200 0 0 -250 0 -250 100 0 100 0 0 350 0 350 -400 0 -400 0 0 -550z M0 650 l0 -650 750 0 750 0 0 650 0 650 -750 0 -750 0 0 -650z m1300 0 l0 -450 -300 0 -300 0 0 450 0 450 300 0 300 0 0 -450z"/></g></svg>
  <svg x='503' y='433'><g transform="translate(0.199152862387,14.7025292494) scale(0.00981571140639,-0.00970272783292)"><path class="sym-line" fill="black" d="M1645 1150 l-350 -350 303 0 302 0 0 -350 0 -350 100 0 100 0 0 350 0 350 302 0 303 0 -350 350 c-192 193 -352 350 -355 350 -3 0 -163 -157 -355 -350z M600 1050 l0 -350 -302 0 -303 0 353 -352 352 -353 352 353 353 352 -303 0 -302 0 0 350 0 350 -100 0 -100 0 0 -350z"/></g></svg>
  <svg x='470' y='451'><g transform="translate(0.199152862387,14.7025292494) scale(0.00981571140639,-0.00970272783292)"><path class="sym-fill" fill="white" d="M1770 1125 l-225 -225 455 0 455 0 -225 225 c-124 124 -227 225 -230 225 -3 0 -106 -101 -230 -225z M473 373 l227 -228 227 228 228 227 -455 0 -455 0 228 -227z"/><path class="sym-line" fill="black" d="M1645 1150 l-350 -350 303 0 302 0 0 -350 0 -350 100 0 100 0 0 350 0 350 302 0 303 0 -350 350 c-192 193 -352 350 -355 350 -3 0 -163 -157 -355 -350z m585 -25 l225 -225 -455 0 -455 0 225 225 c124 124 227 225 230 225 3 0 106 -101 230 -225z M600 1050 l0 -350 -302 0 -303 0 353 -352 352 -353 352 353 353 352 -303 0 -302 0 0 350 0 350 -100 0 -100 0 0 -350z m327 -677 l-227 -228 -227 228 -228 227 455 0 455 0 -228 -227z"/></g></svg>
  <svg x='488' y='431'><g transform="translate(0.0919447369926,11.7272467828) scale(0.00979617329555,-0.00974613583378)"><path class="sym-line" fill="black" d="M605 1175 c-278 -61 -496 -269 -577 -551 -18 -64 -23 -103 -22 -204 0 -144 20 -234 80 -352 l36 -71 45 45 45 45 -28 79 c-33 96 -44 250 -23 347 45 216 187 390 391 480 153 68 355 70 507 5 l44 -19 44 43 c24 23 43 45 43 49 0 6 -101 57 -155 77 -110 42 -307 54 -430 27z"/></g></svg>
  <svg x='512' y='509'><g transform="translate(0.0,27.0) scale(0.01,-0.01)"><path class="sym-fill" fill="white" d="M398 2213 l-198 -198 0 -158 0 -157 -100 0 -100 0 0 -150 0 -150 100 0 100 0 0 -600 0 -600 200 0 200 0 0 600 0 600 300 0 300 0 0 150 0 150 -300 0 -300 0 -2 355 -3 355 -197 -197z"/><path class="sym-line" fill="black" d="M297 2402 l-297 -297 0 -203 0 -202 100 0 100 0 0 163 0 162 200 200 200 200 0 -363 0 -362 300 0 300 0 0 203 0 202 -298 298 c-163 163 -299 297 -302 297 -3 0 -139 -134 -303 -298z M0 700 l0 -700 600 0 600 0 0 700 0 700 -300 0 -300 0 0 -600 0 -600 -200 0 -200 0 0 600 0 600 -100 0 -100 0 0 -700z"/></g></svg>
  <svg x='478' y='509'><g transform="translate(0.0,27.0) scale(0.01,-0.01)"><path class="sym-fill" fill="white" d="M600 2057 l0 -357 -300 0 -300 0 0 -150 0 -150 300 0 300 0 0 -600 0 -600 200 0 200 0 0 600 0 600 100 0 100 0 0 150 0 150 -100 0 -100 0 0 158 0 157 -200 200 -200 200 0 -358z"/><path class="sym-line" fill="black" d="M297 2402 l-297 -297 0 -203 0 -202 300 0 300 0 0 362 0 363 200 -200 200 -200 0 -162 0 -163 100 0 100 0 0 203 0 202 -298 298 c-163 163 -299 297 -302 297 -3 0 -139 -134 -303 -298z M0 700 l0 -700 600 0 600 0 0 700 0 700 -100 0 -100 0 0 -600 0 -600 -200 0 -200 0 0 600 0 600 -300 0 -300 0 0 -700z"/></g></svg>
  <svg x='512' y='540'><g transform="translate(0.043463926586,14.7505211307) scale(0.00985915292844,-0.00973472242044)"><path class="sym-fill" fill="white" d="M510 1100 l0 -400 140 0 140 0 0 400 0 400 -140 0 -140 0 0 -400z"/><path class="sym-line" fill="black" d="M330 1100 l0 -400 -159 -2 -160 -3 315 -347 c174 -192 319 -348 324 -348 5 0 150 156 324 348 l315 347 -160 3 -159 2 0 400 0 400 -90 0 -90 0 0 -400 0 -400 -140 0 -140 0 0 400 0 400 -90 0 -90 0 0 -400z"/></g></svg>
  <svg x='477' y='541'><g transform="translate(0.043463926586,14.7505211307) scale(0.00985915292844,-0.00973472242044)"><path class="sym-fill" fill="white" d="M510 1100 l0 -400 140 0 140 0 0 400 0 400 -140 0 -140 0 0 -400z M277 557 c144 -163 368 -407 373 -407 5 0 229 244 373 407 l39 43 -412 0 -412 0 39 -43z"/><path class="sym-line" fill="black" d="M330 1100 l0 -400 -159 -2 -160 -3 315 -347 c174 -192 319 -348 324 -348 5 0 150 156 324 348 l315 347 -160 3 -159 2 0 400 0 400 -90 0 -90 0 0 -400 0 -400 -140 0 -140 0 0 400 0 400 -90 0 -90 0 0 -400z m714 -522 c-82 -96 -388 -428 -394 -428 -6 0 -312 332 -394 428 l-19 22 413 0 413 0 -19 -22z"/></g></svg>
  <svg x='494' y='562'><g transform="translate(0.178125321737,5.7484375) scale(0.00969593203301,-0.00933333333333)"><path class="sym-line" fill="black" d="M4 569 c22 -111 99 -242 206 -349 151 -151 320 -220 540 -220 220 0 389 69 540 220 107 107 184 238 206 349 l7 31 -61 0 -61 0 -42 -82 c-54 -104 -163 -218 -264 -274 -154 -85 -340 -108 -501 -61 -176 51 -331 177 -413 335 l-42 82 -61 0 -61 0 7 -31z"/></g></svg>
</svg>