<svg version='1.1' xmlns='http://www.w3.org/2000/svg' width='131' height='71' viewBox='387 471 131 71'>
  <text font-size='0'>AS10e01S10e2fS22b05S22b15S21600S21600S21600S21600S32101S2fb04M518x542S10e01440x482S10e2f399x477S32101482x482S21600434x474S21600428x482S21600393x471S21600387x480S22b05462x509S22b15421x505S2fb04451x536</text>
  <svg x='440' y='482'><g transform="translate(0.0508272554904,29.8703723718) scale(0.009915961347,-0.00990731162392)"><path class="sym-fill" fill="white" d="M1162 1372 c-194 -198 -352 -364 -352 -368 1 -5 159 -170 353 -368 l352 -358 353 362 353 362 -43 46 c-23 26 -182 190 -353 365 l-311 318 -352 -359z"/><path class="sym-line" fill="black" d="M476 2931 l-69 -70 189 -194 c104 -108 321 -331 483 -496 l293 -301 -681 0 -681 0 0 -101 0 -101 590 4 590 3 -132 -135 c-73 -74 -220 -223 -327 -331 -106 -108 -192 -201 -190 -206 9 -23 965 -993 976 -991 7 2 229 225 493 497 l481 494 -33 35 c-54 58 -1649 1695 -1787 1835 l-126 127 -69 -69z m1240 -1403 c110 -112 270 -275 356 -363 l157 -160 -352 -360 c-193 -198 -357 -360 -364 -360 -6 0 -169 162 -361 360 l-350 359 131 137 c284 294 572 588 578 588 3 1 95 -90 205 -201z"/></g></svg>
  <svg x='399' y='477'><g transform="translate(0.0507969983823,29.8972374025) scale(0.00991903508497,-0.00991626663417)"><path class="sym-line" fill="black" d="M482 2937 c-34 -34 -62 -67 -62 -72 1 -6 214 -228 475 -495 l474 -485 -680 -3 -679 -2 0 -100 0 -100 589 -2 590 -3 -325 -332 -325 -332 486 -498 c267 -274 490 -498 494 -498 13 0 971 983 971 996 0 8 -247 263 -1589 1637 -189 193 -347 352 -350 352 -4 0 -35 -28 -69 -63z"/></g></svg>
  <svg x='482' y='482'><g transform="translate(0.149874875465,34.7500790925) scale(0.00988906872676,-0.00988956850125)"><path class="sym-line" fill="black" d="M1528 3484 c-592 -92 -1088 -447 -1348 -963 -125 -249 -180 -485 -180 -771 0 -480 183 -911 529 -1242 350 -336 780 -508 1271 -508 451 0 864 150 1193 434 326 281 517 620 591 1051 21 121 21 409 0 530 -43 252 -114 444 -237 639 -282 453 -741 750 -1284 831 -127 19 -413 18 -535 -1z m607 -173 c583 -126 1038 -523 1224 -1069 59 -173 75 -277 75 -492 0 -165 -3 -211 -22 -300 -71 -327 -228 -611 -458 -829 -186 -177 -381 -295 -614 -374 -176 -60 -282 -78 -490 -84 -247 -7 -416 19 -628 97 -549 201 -944 674 -1043 1250 -17 97 -17 383 0 480 99 576 495 1050 1043 1250 105 38 177 58 303 81 143 26 467 21 610 -10z M820 2215 l0 -285 55 0 55 0 0 235 0 234 240 -6 240 -6 0 56 0 57 -295 0 -295 0 0 -285z M1950 2215 l0 -285 55 0 55 0 0 235 0 234 240 -6 240 -6 0 56 0 57 -295 0 -295 0 0 -285z M1217 2322 l-37 -38 186 -179 186 -178 40 40 39 40 -182 176 c-100 98 -185 177 -189 177 -3 0 -23 -17 -43 -38z M2348 2323 l-36 -38 185 -179 184 -179 40 39 40 40 -180 177 c-98 97 -183 177 -188 177 -5 0 -25 -17 -45 -37z M997 2112 l-38 -39 186 -178 186 -178 36 30 c20 16 38 34 40 40 4 10 -354 363 -367 363 -3 0 -23 -17 -43 -38z M2131 2116 c-18 -19 -32 -39 -30 -44 6 -16 356 -352 366 -352 5 0 25 16 44 36 l34 35 -182 180 c-99 98 -185 179 -190 179 -5 0 -24 -15 -42 -34z"/></g></svg>
  <svg x='434' y='474'><g transform="translate(0.149834234299,7.75047623956) scale(0.00950047578505,-0.00951302738823)"><path class="sym-line" fill="black" d="M280 782 c-174 -65 -280 -209 -280 -382 0 -218 182 -400 400 -400 218 0 400 182 400 400 0 173 -114 326 -284 383 -63 22 -177 21 -236 -1z"/></g></svg>
  <svg x='428' y='482'><g transform="translate(0.149834234299,7.75047623956) scale(0.00950047578505,-0.00951302738823)"><path class="sym-line" fill="black" d="M280 782 c-174 -65 -280 -209 -280 -382 0 -218 182 -400 400 -400 218 0 400 182 400 400 0 173 -114 326 -284 383 -63 22 -177 21 -236 -1z"/></g></svg>
  <svg x='393' y='471'><g transform="translate(0.149834234299,7.75047623956) scale(0.00950047578505,-0.00951302738823)"><path class="sym-line" fill="black" d="M280 782 c-174 -65 -280 -209 -280 -382 0 -218 182 -400 400 -400 218 0 400 182 400 400 0 173 -114 326 -284 383 -63 22 -177 21 -236 -1z"/></g></svg>
  <svg x='387' y='480'><g transform="translate(0.149834234299,7.75047623956) scale(0.00950047578505,-0.00951302738823)"><path class="sym-line" fill="black" d="M280 782 c-174 -65 -280 -209 -280 -382 0 -218 182 -400 400 -400 218 0 400 182 400 400 0 173 -114 326 -284 383 -63 22 -177 21 -236 -1z"/></g></svg>
  <svg x='462' y='509'><g transform="translate(-0.0593241440395,23.7554522998) scale(0.0100464968782,-0.00992321901409)"><path class="sym-fill" fill="white" d="M300 2095 l-134 -135 34 -37 c19 -20 360 -367 758 -769 l723 -732 132 135 c73 74 132 139 132 143 0 9 -1496 1530 -1505 1530 -3 0 -66 -61 -140 -135z"/><path class="sym-line" fill="black" d="M505 2309 l-67 -72 284 -286 c660 -664 1228 -1244 1228 -1255 0 -6 -60 -72 -134 -145 l-134 -134 -468 474 c-257 261 -600 607 -761 769 l-293 295 -69 -70 -70 -70 347 -352 c191 -194 531 -540 756 -768 l410 -416 -140 -140 -139 -139 558 0 557 0 0 562 0 563 -138 -138 -139 -138 -753 763 c-415 420 -757 764 -761 766 -3 1 -36 -30 -74 -69z"/></g></svg>
  <svg x='421' y='505'><g transform="translate(-0.0593241440395,23.7554522998) scale(0.0100464968782,-0.00992321901409)"><path class="sym-fill" fill="white" d="M300 2095 l-134 -135 34 -37 c19 -20 360 -367 758 -769 l723 -732 132 135 c73 74 132 139 132 143 0 9 -1496 1530 -1505 1530 -3 0 -66 -61 -140 -135z M1887 489 l-379 -384 378 -3 c207 -1 379 -1 381 1 2 2 2 176 1 387 l-3 383 -378 -384z"/><path class="sym-line" fill="black" d="M505 2309 l-67 -72 284 -286 c660 -664 1228 -1244 1228 -1255 0 -6 -60 -72 -134 -145 l-134 -134 -468 474 c-257 261 -600 607 -761 769 l-293 295 -69 -70 -70 -70 347 -352 c191 -194 531 -540 756 -768 l410 -416 -140 -140 -139 -139 558 0 557 0 0 562 0 563 -138 -138 -139 -138 -753 763 c-415 420 -757 764 -761 766 -3 1 -36 -30 -74 -69z m1765 -1819 l0 -390 -380 0 c-209 0 -380 3 -380 7 0 5 748 767 758 772 1 0 2 -174 2 -389z"/></g></svg>
  <svg x='451' y='536'><g transform="translate(0.178125321737,5.7484375) scale(0.00969593203301,-0.00933333333333)"><path class="sym-line" fill="black" d="M4 569 c22 -111 99 -242 206 -349 151 -151 320 -220 540 -220 220 0 389 69 540 220 107 107 184 238 206 349 l7 31 -61 0 -61 0 -42 -82 c-54 -104 -163 -218 -264 -274 -154 -85 -340 -108 -501 -61 -176 51 -331 177 -413 335 l-42 82 -61 0 -61 0 7 -31z"/></g></svg>
</svg>