<svg version='1.1' xmlns='http://www.w3.org/2000/svg' width='98' height='112' viewBox='420 482 98 112'>
  <text font-size='0'>AS10010S11511S11511S11519S20b00S26502S22a03S33100M518x594S33100482x482S10010489x503S11511433x567S26502480x533S11511457x531S11519420x566S22a03451x548S20b00448x563</text>
  <svg x='482' y='482'><g transform="translate(0.149874875465,34.7500790925) scale(0.00988906872676,-0.00988956850125)"><path class="sym-line" fill="black" d="M1528 3484 c-592 -92 -1088 -447 -1348 -963 -125 -249 -180 -485 -180 -771 0 -480 183 -911 529 -1242 350 -336 780 -508 1271 -508 451 0 864 150 1193 434 326 281 517 620 591 1051 21 121 21 409 0 530 -43 252 -114 444 -237 639 -282 453 -741 750 -1284 831 -127 19 -413 18 -535 -1z m607 -173 c583 -126 1038 -523 1224 -1069 59 -173 75 -277 75 -492 0 -165 -3 -211 -22 -300 -71 -327 -228 -611 -458 -829 -186 -177 -381 -295 -614 -374 -176 -60 -282 -78 -490 -84 -247 -7 -416 19 -628 97 -549 201 -944 674 -1043 1250 -17 97 -17 383 0 480 99 576 495 1050 1043 1250 105 38 177 58 303 81 143 26 467 21 610 -10z M1720 1800 l0 -600 80 0 80 0 0 600 0 600 -80 0 -80 0 0 -600z"/></g></svg>
  <svg x='489' y='503'><g transform="translate(0.0,30.0) scale(0.01,-0.01)"><path class="sym-fill" fill="white" d="M200 750 l0 -550 300 0 300 0 0 550 0 550 -300 0 -300 0 0 -550z"/><path class="sym-line" fill="black" d="M1300 2250 l0 -750 -650 0 -650 0 0 -750 0 -750 750 0 750 0 0 1500 0 1500 -100 0 -100 0 0 -750z m-500 -1500 l0 -550 -300 0 -300 0 0 550 0 550 300 0 300 0 0 -550z"/></g></svg>
  <svg x='433' y='567'><g transform="translate(-0.149263231777,26.8726902058) scale(0.00999558630429,-0.00993284619873)"><path class="sym-fill" fill="white" d="M960 1157 c-106 -102 -192 -188 -192 -192 0 -8 714 -695 722 -694 3 0 92 84 198 187 l193 188 -123 120 c-216 212 -590 569 -598 572 -4 2 -94 -80 -200 -181z"/><path class="sym-line" fill="black" d="M621 2626 c-35 -35 -62 -68 -60 -74 2 -5 178 -177 392 -382 213 -204 387 -375 387 -379 0 -4 -42 -46 -93 -93 l-92 -85 -494 473 c-271 261 -496 474 -500 474 -8 0 -131 -123 -131 -132 0 -4 221 -219 490 -478 269 -260 490 -475 489 -478 -1 -4 -117 -117 -259 -252 -142 -135 -258 -248 -259 -252 -2 -12 989 -960 1000 -956 6 2 233 217 505 478 l495 474 -53 52 c-145 144 -1743 1674 -1748 1674 -3 0 -34 -29 -69 -64z m962 -1686 c163 -157 297 -289 296 -295 -1 -11 -372 -368 -388 -373 -5 -2 -173 153 -372 345 l-362 348 199 191 199 192 66 -62 c36 -33 199 -189 362 -346z"/></g></svg>
  <svg x='480' y='533'><g transform="translate(0.198128695057,13.7002011211) scale(0.0097007872376,-0.0096798311579)"><path class="sym-line" fill="black" d="M345 1050 l-350 -350 353 -353 352 -352 0 303 0 302 400 0 400 0 0 100 0 100 -400 0 -400 0 -2 300 -3 300 -350 -350z"/></g></svg>
  <svg x='457' y='531'><g transform="translate(-0.149263231777,26.8726902058) scale(0.00999558630429,-0.00993284619873)"><path class="sym-fill" fill="white" d="M960 1157 c-106 -102 -192 -188 -192 -192 0 -8 714 -695 722 -694 3 0 92 84 198 187 l193 188 -123 120 c-216 212 -590 569 -598 572 -4 2 -94 -80 -200 -181z"/><path class="sym-line" fill="black" d="M621 2626 c-35 -35 -62 -68 -60 -74 2 -5 178 -177 392 -382 213 -204 387 -375 387 -379 0 -4 -42 -46 -93 -93 l-92 -85 -494 473 c-271 261 -496 474 -500 474 -8 0 -131 -123 -131 -132 0 -4 221 -219 490 -478 269 -260 490 -475 489 -478 -1 -4 -117 -117 -259 -252 -142 -135 -258 -248 -259 -252 -2 -12 989 -960 1000 -956 6 2 233 217 505 478 l495 474 -53 52 c-145 144 -1743 1674 -1748 1674 -3 0 -34 -29 -69 -64z m962 -1686 c163 -157 297 -289 296 -295 -1 -11 -372 -368 -388 -373 -5 -2 -173 153 -372 345 l-362 348 199 191 199 192 66 -62 c36 -33 199 -189 362 -346z"/></g></svg>
  <svg x='420' y='566'><g transform="translate(0.0619579148598,26.8533581039) scale(0.00997828858011,-0.00992571299309)"><path class="sym-fill" fill="white" d="M980 998 c-195 -188 -356 -344 -358 -348 -1 -4 86 -91 193 -195 l196 -188 77 75 c42 41 203 196 357 344 155 148 283 272 285 276 5 6 -379 378 -389 378 -3 0 -166 -154 -361 -342z"/><path class="sym-line" fill="black" d="M984 1904 c-451 -432 -854 -821 -897 -863 l-78 -77 497 -477 c273 -262 500 -477 505 -477 4 0 232 215 505 477 l496 477 -119 116 c-65 63 -183 178 -263 255 l-146 140 443 425 c244 234 467 449 495 478 l52 52 -64 65 c-35 36 -68 65 -72 65 -5 0 -228 -211 -496 -469 -268 -257 -491 -469 -495 -471 -5 -1 -51 37 -102 84 l-94 86 392 377 c216 208 394 381 396 386 4 10 -48 66 -100 108 l-36 29 -819 -786z m756 -939 c0 -3 -653 -630 -693 -664 l-37 -33 -53 48 c-28 26 -118 112 -199 190 l-147 142 366 351 365 351 199 -192 c110 -105 199 -192 199 -193z"/></g></svg>
  <svg x='451' y='548'><g transform="translate(0.150473191431,14.0633483059) scale(0.00985915292844,-0.0100666588668)"><path class="sym-fill" fill="white" d="M665 944 c-148 -157 -270 -291 -270 -298 0 -8 44 -59 97 -114 l98 -101 276 290 276 289 -21 27 c-11 16 -57 65 -103 110 l-83 82 -270 -285z"/><path class="sym-line" fill="black" d="M520 1091 l-275 -291 -122 128 -122 127 -1 -512 0 -513 486 0 c462 0 486 1 473 18 -7 9 -60 65 -117 124 -71 73 -101 111 -96 120 4 7 125 136 269 286 143 150 261 278 263 285 1 7 -28 43 -66 80 l-68 68 -273 -288 c-150 -159 -276 -289 -280 -291 -4 -1 -53 47 -109 107 l-101 109 274 288 c151 159 275 293 275 298 0 4 -30 40 -67 78 l-68 69 -275 -290z"/></g></svg>
  <svg x='448' y='563'><g transform="translate(0.0,13.0) scale(0.01,-0.01)"><path class="sym-fill" fill="white" d="M500 650 l0 -150 150 0 150 0 0 150 0 150 -150 0 -150 0 0 -150z"/><path class="sym-line" fill="black" d="M300 1150 l0 -150 -150 0 -150 0 0 -100 0 -100 150 0 150 0 0 -150 0 -150 -150 0 -150 0 0 -100 0 -100 150 0 150 0 0 -150 0 -150 100 0 100 0 0 150 0 150 150 0 150 0 0 -150 0 -150 100 0 100 0 0 150 0 150 150 0 150 0 0 100 0 100 -150 0 -150 0 0 150 0 150 150 0 150 0 0 100 0 100 -150 0 -150 0 0 150 0 150 -100 0 -100 0 0 -150 0 -150 -150 0 -150 0 0 150 0 150 -100 0 -100 0 0 -150z m500 -500 l0 -150 -150 0 -150 0 0 150 0 150 150 0 150 0 0 -150z"/></g></svg>
</svg>