<svg version='1.1' xmlns='http://www.w3.org/2000/svg' width='85' height='70' viewBox='457 465 85 70'>
  <text font-size='0'>AS10e20S2f900S22a05S17620S22114S22a07S1a520S2f900M542x535S10e20458x477S17620488x519S1a520521x479S2f900457x466S2f900524x465S22114483x508S22a05467x516S22a07513x515</text>
  <svg x='458' y='477'><g transform="translate(0.0,30.0) scale(0.01,-0.01)"><path class="sym-line" fill="black" d="M0 1500 l0 -1500 750 0 750 0 0 750 0 750 -502 0 -503 0 458 458 c251 251 457 459 457 462 0 3 -34 36 -76 74 l-76 69 -529 -529 -529 -529 0 748 0 747 -100 0 -100 0 0 -1500z"/></g></svg>
  <svg x='488' y='519'><g transform="translate(0.0996925829584,15.7992338797) scale(0.00981117768656,-0.00980419842474)"><path class="sym-line" fill="black" d="M670 1594 c-235 -45 -460 -214 -578 -434 -73 -135 -87 -195 -87 -360 0 -125 3 -155 23 -215 88 -265 292 -469 557 -557 60 -20 90 -23 215 -23 125 0 155 3 215 23 265 88 469 292 557 557 20 60 23 90 23 215 0 125 -3 155 -23 215 -71 214 -218 389 -413 494 -125 67 -187 83 -334 86 -71 2 -141 1 -155 -1z"/></g></svg>
  <svg x='521' y='479'><g transform="translate(0.15928766289,27.7982121184) scale(0.0098196233026,-0.00987491950656)"><path class="sym-line" fill="black" d="M2 1698 c3 -1095 3 -1103 24 -1158 80 -209 209 -353 399 -445 153 -75 223 -90 415 -90 192 0 262 15 415 90 190 92 326 244 397 445 28 78 36 271 14 361 -19 81 -54 163 -97 225 l-32 47 29 25 c193 166 534 477 531 485 -2 6 -35 39 -74 74 l-70 63 -283 -249 -283 -250 -44 30 c-67 47 -178 94 -278 120 -181 47 -424 27 -595 -48 l-55 -24 35 35 c19 19 226 204 460 411 234 207 426 380 428 385 1 4 -32 37 -74 74 l-77 67 -26 -24 c-14 -13 -233 -208 -486 -432 l-460 -409 -3 647 -2 647 -105 0 -106 0 3 -1102z"/></g></svg>
  <svg x='457' y='466'><g transform="translate(0.180786096011,4.75000053092) scale(0.00958087152387,-0.00920312606184)"><path class="sym-line" fill="black" d="M245 488 c-55 -20 -116 -69 -150 -121 -45 -68 -84 -193 -92 -289 l-6 -78 107 0 106 0 0 40 c0 57 36 145 71 175 37 30 91 33 131 7 15 -10 53 -49 85 -87 82 -98 136 -129 231 -134 87 -4 139 9 200 51 86 59 157 215 169 371 l6 77 -107 0 -106 0 0 -40 c0 -57 -36 -145 -71 -175 -37 -30 -91 -33 -131 -7 -15 10 -53 49 -85 87 -32 38 -81 83 -107 100 -44 27 -59 30 -135 32 -47 1 -99 -3 -116 -9z"/></g></svg>
  <svg x='524' y='465'><g transform="translate(0.180786096011,4.75000053092) scale(0.00958087152387,-0.00920312606184)"><path class="sym-line" fill="black" d="M245 488 c-55 -20 -116 -69 -150 -121 -45 -68 -84 -193 -92 -289 l-6 -78 107 0 106 0 0 40 c0 57 36 145 71 175 37 30 91 33 131 7 15 -10 53 -49 85 -87 82 -98 136 -129 231 -134 87 -4 139 9 200 51 86 59 157 215 169 371 l6 77 -107 0 -106 0 0 -40 c0 -57 -36 -145 -71 -175 -37 -30 -91 -33 -131 -7 -15 10 -53 49 -85 87 -32 38 -81 83 -107 100 -44 27 -59 30 -135 32 -47 1 -99 -3 -116 -9z"/></g></svg>
  <svg x='483' y='508'><g transform="translate(0.150751748454,6.94494141144) scale(0.0098452250773,-0.00970929130205)"><path class="sym-line" fill="black" d="M64 638 c-35 -33 -64 -64 -64 -68 0 -10 589 -550 600 -550 11 0 600 540 600 550 0 11 -127 130 -140 130 -6 0 -110 -90 -231 -200 -121 -110 -224 -200 -229 -200 -5 0 -108 90 -229 200 -121 110 -225 200 -231 200 -7 0 -41 -28 -76 -62z M1464 638 c-35 -33 -64 -64 -64 -68 0 -10 589 -550 600 -550 11 0 600 540 600 550 0 11 -127 130 -140 130 -6 0 -110 -90 -231 -200 -121 -110 -224 -200 -229 -200 -5 0 -108 90 -229 200 -121 110 -225 200 -231 200 -7 0 -41 -28 -76 -62z"/></g></svg>
  <svg x='467' y='516'><g transform="translate(-0.13306451868,13.7638618061) scale(0.0100651361624,-0.0098696390724)"><path class="sym-fill" fill="white" d="M260 1124 c-52 -59 -95 -110 -95 -114 0 -11 525 -590 534 -590 5 0 52 48 104 106 l96 107 -37 43 c-81 94 -497 553 -502 553 -3 1 -48 -47 -100 -105z"/><path class="sym-line" fill="black" d="M427 1308 l-66 -73 23 -25 c230 -254 504 -558 510 -568 5 -8 -27 -50 -91 -121 -54 -60 -101 -108 -104 -107 -3 0 -127 135 -275 298 l-269 297 -60 -66 c-33 -36 -63 -71 -67 -78 -4 -7 98 -127 258 -304 146 -160 264 -296 262 -301 -2 -4 -50 -61 -108 -125 -58 -64 -106 -121 -108 -126 -2 -5 189 -9 472 -9 l476 0 0 525 c0 289 -3 525 -7 524 -5 0 -60 -58 -123 -129 -63 -71 -115 -128 -116 -127 -12 18 -529 583 -534 585 -4 2 -37 -30 -73 -70z"/></g></svg>
  <svg x='513' y='515'><g transform="translate(-0.0674515882592,14.0731065957) scale(0.00985915292844,-0.0101494544892)"><path class="sym-fill" fill="white" d="M438 684 c-150 -157 -274 -290 -276 -294 -2 -5 43 -56 100 -114 l103 -106 272 288 c149 158 273 290 275 293 2 4 -43 54 -99 112 l-102 106 -273 -285z"/><path class="sym-line" fill="black" d="M346 1348 c10 -13 63 -69 117 -124 91 -94 98 -104 86 -121 -8 -11 -129 -140 -269 -287 -140 -146 -256 -272 -258 -279 -1 -7 28 -42 65 -79 l68 -68 274 288 c150 158 276 288 280 290 4 1 53 -47 109 -107 l101 -109 -274 -288 c-151 -159 -275 -292 -275 -296 0 -12 122 -138 134 -138 6 0 133 128 281 285 l270 286 122 -128 122 -128 1 513 0 512 -487 0 -486 0 19 -22z"/></g></svg>
</svg>