<svg version='1.1' xmlns='http://www.w3.org/2000/svg' width='42' height='111' viewBox='480 482 42 111'>
  <text font-size='0'>AS10020S10028S26500S26510S2ff00S21b00S2fb05S2f900M522x593S2ff00482x482S10020507x508S10028480x530S26500508x545S26510481x568S21b00505x498S2fb05501x571S2f900502x588</text>
  <svg x='482' y='482'><g transform="translate(0.149874875465,34.7500790925) scale(0.00988906872676,-0.00988956850125)"><path class="sym-line" fill="black" d="M1528 3484 c-592 -92 -1088 -447 -1348 -963 -125 -249 -180 -485 -180 -771 0 -480 183 -911 529 -1242 350 -336 780 -508 1271 -508 451 0 864 150 1193 434 326 281 517 620 591 1051 21 121 21 409 0 530 -43 252 -114 444 -237 639 -282 453 -741 750 -1284 831 -127 19 -413 18 -535 -1z m607 -173 c583 -126 1038 -523 1224 -1069 59 -173 75 -277 75 -492 0 -165 -3 -211 -22 -300 -71 -327 -228 -611 -458 -829 -186 -177 -381 -295 -614 -374 -176 -60 -282 -78 -490 -84 -247 -7 -416 19 -628 97 -549 201 -944 674 -1043 1250 -17 97 -17 383 0 480 99 576 495 1050 1043 1250 105 38 177 58 303 81 143 26 467 21 610 -10z"/></g></svg>
  <svg x='507' y='508'><g transform="translate(0.0,30.0) scale(0.01,-0.01)"><path class="sym-line" fill="black" d="M0 1500 l0 -1500 750 0 750 0 0 750 0 750 -650 0 -650 0 0 750 0 750 -100 0 -100 0 0 -1500z"/></g></svg>
  <svg x='480' y='530'><g transform="translate(0.0,30.0) scale(0.01,-0.01)"><path class="sym-line" fill="black" d="M1300 2250 l0 -750 -650 0 -650 0 0 -750 0 -750 750 0 750 0 0 1500 0 1500 -100 0 -100 0 0 -750z"/></g></svg>
  <svg x='508' y='545'><g transform="translate(0.199517282911,14.7505211307) scale(0.00964541675618,-0.00973472242044)"><path class="sym-line" fill="black" d="M345 1150 l-350 -350 303 0 302 0 0 -400 0 -400 100 0 100 0 0 400 0 400 302 0 303 0 -350 350 c-192 193 -352 350 -355 350 -3 0 -163 -157 -355 -350z"/></g></svg>
  <svg x='481' y='568'><g transform="translate(0.199517282911,14.7505211307) scale(0.00964541675618,-0.00973472242044)"><path class="sym-fill" fill="white" d="M470 1125 l-225 -225 455 0 455 0 -225 225 c-124 124 -227 225 -230 225 -3 0 -106 -101 -230 -225z"/><path class="sym-line" fill="black" d="M345 1150 l-350 -350 303 0 302 0 0 -400 0 -400 100 0 100 0 0 400 0 400 302 0 303 0 -350 350 c-192 193 -352 350 -355 350 -3 0 -163 -157 -355 -350z m585 -25 l225 -225 -455 0 -455 0 225 225 c124 124 227 225 230 225 3 0 106 -101 230 -225z"/></g></svg>
  <svg x='505' y='498'><g transform="translate(0.145459417632,7.7569354617) scale(0.00951442013667,-0.00959794917003)"><path class="sym-fill" fill="white" d="M309 572 c-43 -22 -59 -38 -81 -81 -16 -31 -28 -69 -28 -91 0 -22 12 -60 28 -91 22 -43 38 -59 81 -81 68 -36 114 -36 182 0 43 22 59 38 81 81 36 68 36 114 0 182 -22 43 -38 59 -81 81 -31 16 -69 28 -91 28 -22 0 -60 -12 -91 -28z"/><path class="sym-line" fill="black" d="M275 784 c-126 -44 -218 -136 -258 -258 -22 -64 -22 -188 0 -252 56 -169 203 -274 383 -274 180 0 327 105 383 274 22 64 22 188 0 252 -41 122 -134 216 -257 257 -61 21 -195 21 -251 1z m203 -199 c104 -44 151 -167 103 -270 -71 -153 -291 -153 -362 0 -33 72 -19 166 34 224 52 56 151 76 225 46z"/></g></svg>
  <svg x='501' y='571'><g transform="translate(0.052162597991,11.85902777) scale(0.00978030750568,-0.00975882522503)"><path class="sym-line" fill="black" d="M1031 1156 l-43 -44 28 -78 c33 -96 44 -250 23 -347 -45 -216 -187 -390 -391 -480 -153 -68 -355 -70 -507 -5 l-44 19 -44 -43 c-24 -23 -43 -45 -43 -49 0 -8 113 -63 170 -82 127 -42 327 -48 455 -13 257 71 461 277 537 542 32 111 32 295 0 407 -18 64 -85 217 -95 217 -2 0 -22 -20 -46 -44z"/></g></svg>
  <svg x='502' y='588'><g transform="translate(0.180786096011,4.75000053092) scale(0.00958087152387,-0.00920312606184)"><path class="sym-line" fill="black" d="M245 488 c-55 -20 -116 -69 -150 -121 -45 -68 -84 -193 -92 -289 l-6 -78 107 0 106 0 0 40 c0 57 36 145 71 175 37 30 91 33 131 7 15 -10 53 -49 85 -87 82 -98 136 -129 231 -134 87 -4 139 9 200 51 86 59 157 215 169 371 l6 77 -107 0 -106 0 0 -40 c0 -57 -36 -145 -71 -175 -37 -30 -91 -33 -131 -7 -15 10 -53 49 -85 87 -32 38 -81 83 -107 100 -44 27 -59 30 -135 32 -47 1 -99 -3 -116 -9z"/></g></svg>
</svg>