<svg version='1.1' xmlns='http://www.w3.org/2000/svg' width='66' height='124' viewBox='468 482 66 124'>
  <text font-size='0'>AS10610S20e00S26500S2ff00S15a02S15a06S22b04S22b14M534x606S2ff00482x482S10610490x519S20e00521x516S26500520x497S15a02501x558S15a06468x558S22b04506x575S22b14476x576</text>
  <svg x='482' y='482'><g transform="translate(0.149874875465,34.7500790925) scale(0.00988906872676,-0.00988956850125)"><path class="sym-line" fill="black" d="M1528 3484 c-592 -92 -1088 -447 -1348 -963 -125 -249 -180 -485 -180 -771 0 -480 183 -911 529 -1242 350 -336 780 -508 1271 -508 451 0 864 150 1193 434 326 281 517 620 591 1051 21 121 21 409 0 530 -43 252 -114 444 -237 639 -282 453 -741 750 -1284 831 -127 19 -413 18 -535 -1z m607 -173 c583 -126 1038 -523 1224 -1069 59 -173 75 -277 75 -492 0 -165 -3 -211 -22 -300 -71 -327 -228 -611 -458 -829 -186 -177 -381 -295 -614 -374 -176 -60 -282 -78 -490 -84 -247 -7 -416 19 -628 97 -549 201 -944 674 -1043 1250 -17 97 -17 383 0 480 99 576 495 1050 1043 1250 105 38 177 58 303 81 143 26 467 21 610 -10z"/></g></svg>
  <svg x='490' y='519'><g transform="translate(0.0,26.0) scale(0.01,-0.01)"><path class="sym-fill" fill="white" d="M200 750 l0 -550 300 0 300 0 0 550 0 550 -300 0 -300 0 0 -550z"/><path class="sym-line" fill="black" d="M700 2250 l0 -350 100 0 100 0 0 250 0 250 200 0 200 0 0 -450 0 -450 -650 0 -650 0 0 -750 0 -750 750 0 750 0 0 1300 0 1300 -400 0 -400 0 0 -350z m100 -1500 l0 -550 -300 0 -300 0 0 550 0 550 300 0 300 0 0 -550z"/></g></svg>
  <svg x='521' y='516'><g transform="translate(0.146427179928,11.7544805477) scale(0.00967082850362,-0.00967852689504)"><path class="sym-fill" fill="white" d="M503 985 c-159 -43 -265 -159 -295 -325 -22 -116 23 -252 112 -340 88 -89 224 -134 340 -112 178 33 299 154 332 332 22 115 -23 252 -110 339 -56 56 -107 85 -189 106 -70 18 -121 18 -190 0z m175 -200 c104 -44 151 -167 103 -270 -71 -153 -291 -153 -362 0 -33 72 -19 166 34 224 52 56 151 76 225 46z"/><path class="sym-line" fill="black" d="M435 1181 c-206 -60 -366 -224 -419 -428 -21 -78 -21 -228 0 -306 54 -208 223 -377 431 -431 78 -21 228 -21 306 0 208 54 377 223 431 431 21 78 21 228 0 306 -26 103 -80 195 -158 273 -78 78 -170 132 -273 158 -82 21 -240 20 -318 -3z m276 -197 c134 -40 234 -140 273 -273 62 -211 -60 -432 -273 -495 -210 -62 -433 61 -495 273 -61 207 56 426 264 492 70 23 161 24 231 3z M509 772 c-43 -22 -59 -38 -81 -81 -36 -68 -36 -114 0 -182 22 -43 38 -59 81 -81 68 -36 114 -36 182 0 43 22 59 38 81 81 36 68 36 114 0 182 -22 43 -38 59 -81 81 -68 36 -114 36 -182 0z"/></g></svg>
  <svg x='520' y='497'><g transform="translate(0.199517282911,14.7505211307) scale(0.00964541675618,-0.00973472242044)"><path class="sym-line" fill="black" d="M345 1150 l-350 -350 303 0 302 0 0 -400 0 -400 100 0 100 0 0 400 0 400 302 0 303 0 -350 350 c-192 193 -352 350 -355 350 -3 0 -163 -157 -355 -350z"/></g></svg>
  <svg x='501' y='558'><g transform="translate(0.198694149149,11.7516936221) scale(0.00983400277537,-0.00966938010173)"><path class="sym-fill" fill="white" d="M485 800 l-200 -200 200 -200 200 -200 907 0 908 0 0 400 0 400 -908 0 -907 0 -200 -200z"/><path class="sym-line" fill="black" d="M295 900 l-300 -300 300 -300 300 -300 1052 0 1053 0 0 600 0 600 -1053 0 -1052 0 -300 -300z m2205 -300 l0 -400 -913 0 -912 0 -200 200 -200 200 200 200 200 200 912 0 913 0 0 -400z"/></g></svg>
  <svg x='468' y='558'><g transform="translate(0.150976194493,11.7516936221) scale(0.00983400277537,-0.00966938010173)"><path class="sym-fill" fill="white" d="M200 600 l0 -400 908 0 907 0 200 200 200 200 -200 200 -200 200 -907 0 -908 0 0 -400z"/><path class="sym-line" fill="black" d="M0 600 l0 -600 1053 0 1052 0 300 300 300 300 -300 300 -300 300 -1052 0 -1053 0 0 -600z m2225 200 l200 -200 -200 -200 -200 -200 -912 0 -913 0 0 400 0 400 913 0 912 0 200 -200z"/></g></svg>
  <svg x='506' y='575'><g transform="translate(0.198426155669,29.702611239) scale(0.00968892587986,-0.00985139124633)"><path class="sym-fill" fill="white" d="M600 1900 l0 -1100 200 0 200 0 0 1100 0 1100 -200 0 -200 0 0 -1100z"/><path class="sym-line" fill="black" d="M400 1900 l0 -1100 -202 0 -203 0 403 -402 402 -403 402 403 403 402 -203 0 -202 0 0 1100 0 1100 -100 0 -100 0 0 -1100 0 -1100 -200 0 -200 0 0 1100 0 1100 -100 0 -100 0 0 -1100z"/></g></svg>
  <svg x='476' y='576'><g transform="translate(0.198426155669,29.702611239) scale(0.00968892587986,-0.00985139124633)"><path class="sym-fill" fill="white" d="M600 1900 l0 -1100 200 0 200 0 0 1100 0 1100 -200 0 -200 0 0 -1100z M523 423 l277 -278 277 278 278 277 -555 0 -555 0 278 -277z"/><path class="sym-line" fill="black" d="M400 1900 l0 -1100 -202 0 -203 0 403 -402 402 -403 402 403 403 402 -203 0 -202 0 0 1100 0 1100 -100 0 -100 0 0 -1100 0 -1100 -200 0 -200 0 0 1100 0 1100 -100 0 -100 0 0 -1100z m677 -1477 l-277 -278 -277 278 -278 277 555 0 555 0 -278 -277z"/></g></svg>
</svg>