<svg version='1.1' xmlns='http://www.w3.org/2000/svg' width='102' height='68' viewBox='449 482 102 68'>
  <text font-size='0'>AS10e54S10e5cS22716S22712S26504S26514S2fb04S30005S30003M551x550S22712449x513S10e54521x503S22716541x512S26504523x533S10e5c463x504S26514463x534S30005482x482S30003482x482S2fb04492x544</text>
  <svg x='449' y='513'><g transform="translate(0.0,21.0) scale(0.01,-0.01)"><path class="sym-line" fill="black" d="M0 1050 l0 -1050 50 0 50 0 0 1050 0 1050 -50 0 -50 0 0 -1050z M900 1050 l0 -1050 50 0 50 0 0 1050 0 1050 -50 0 -50 0 0 -1050z M467 1672 l-247 -237 197 -193 198 -192 -198 -193 -197 -192 249 -237 c137 -131 254 -238 258 -238 5 0 25 16 43 35 l35 36 -90 87 c-50 48 -145 140 -212 204 l-121 117 196 187 c109 103 198 190 198 193 1 3 -87 91 -196 194 l-198 188 209 201 c115 110 209 204 209 207 0 11 -65 71 -75 70 -6 0 -121 -107 -258 -237z"/></g></svg>
  <svg x='521' y='503'><g transform="translate(0.0,30.0) scale(0.01,-0.01)"><path class="sym-line" fill="black" d="M0 2350 l0 -650 750 0 750 0 0 650 0 650 -750 0 -750 0 0 -650z M545 1040 l-460 -460 70 -70 c38 -38 74 -70 80 -70 5 0 247 237 537 527 l528 528 0 -748 0 -747 100 0 100 0 0 750 0 750 -248 0 -247 0 -460 -460z"/></g></svg>
  <svg x='541' y='512'><g transform="translate(0.0,21.0) scale(0.01,-0.01)"><path class="sym-line" fill="black" d="M0 1050 l0 -1050 50 0 50 0 0 1050 0 1050 -50 0 -50 0 0 -1050z M900 1050 l0 -1050 50 0 50 0 0 1050 0 1050 -50 0 -50 0 0 -1050z M232 1877 c-18 -18 -32 -36 -32 -39 0 -3 94 -96 209 -206 l209 -201 -198 -188 c-109 -103 -197 -191 -196 -194 0 -3 89 -90 198 -193 l196 -187 -121 -117 c-67 -64 -162 -156 -212 -204 l-90 -87 35 -36 c18 -19 38 -35 43 -35 4 0 121 107 258 238 l249 237 -197 192 -198 193 198 192 197 193 -249 238 c-138 130 -254 237 -258 237 -5 0 -23 -15 -41 -33z"/></g></svg>
  <svg x='523' y='533'><g transform="translate(0.199517282911,14.7025292494) scale(0.00964541675618,-0.00970272783292)"><path class="sym-line" fill="black" d="M600 1100 l0 -400 -302 0 -303 0 353 -352 352 -353 352 353 353 352 -303 0 -302 0 0 400 0 400 -100 0 -100 0 0 -400z"/></g></svg>
  <svg x='463' y='504'><g transform="translate(0.0,30.0) scale(0.01,-0.01)"><path class="sym-line" fill="black" d="M0 2350 l0 -650 750 0 750 0 0 650 0 650 -750 0 -750 0 0 -650z M0 750 l0 -750 100 0 100 0 0 747 0 748 528 -528 c290 -290 532 -527 537 -527 6 0 42 32 80 70 l70 70 -460 460 -460 460 -247 0 -248 0 0 -750z"/></g></svg>
  <svg x='463' y='534'><g transform="translate(0.199517282911,14.7025292494) scale(0.00964541675618,-0.00970272783292)"><path class="sym-fill" fill="white" d="M473 373 l227 -228 227 228 228 227 -455 0 -455 0 228 -227z"/><path class="sym-line" fill="black" d="M600 1100 l0 -400 -302 0 -303 0 353 -352 352 -353 352 353 353 352 -303 0 -302 0 0 400 0 400 -100 0 -100 0 0 -400z m327 -727 l-227 -228 -227 228 -228 227 455 0 455 0 -228 -227z"/></g></svg>
  <svg x='482' y='482'><g transform="translate(0.0775809815675,34.9138000627) scale(0.0099817074454,-0.00996990528801)"><path class="sym-line" fill="black" d="M1680 3483 c-452 -30 -861 -213 -1168 -522 -145 -145 -242 -281 -336 -469 -198 -398 -224 -904 -67 -1330 223 -603 767 -1036 1426 -1133 113 -17 414 -17 520 0 409 65 730 227 1016 511 269 269 426 576 490 960 17 98 17 393 0 495 -63 395 -240 733 -523 1000 -362 341 -866 522 -1358 488z m270 -163 c425 -44 803 -237 1077 -549 89 -102 149 -190 218 -324 184 -354 219 -775 98 -1162 -14 -44 -27 -83 -29 -87 -2 -3 -28 0 -57 7 -140 36 -308 26 -454 -27 -146 -53 -267 -147 -352 -273 -116 -174 -148 -373 -96 -601 7 -30 5 -32 -42 -49 -397 -140 -876 -104 -1269 95 -669 339 -1007 1072 -825 1786 142 555 605 1006 1178 1144 181 44 377 58 553 40z m1268 -2266 c12 -3 22 -10 22 -15 0 -17 -101 -172 -165 -254 -73 -94 -199 -215 -303 -292 -71 -53 -236 -153 -252 -153 -12 0 -20 36 -27 122 -22 278 180 537 469 598 45 10 216 6 256 -6z"/></g></svg>
  <svg x='482' y='482'><g transform="translate(-0.0202573633837,34.9611565438) scale(0.00998278661735,-0.00996217525654)"><path class="sym-line" fill="black" d="M1670 3490 c-442 -32 -840 -211 -1145 -517 -273 -272 -438 -599 -496 -978 -16 -106 -16 -358 0 -470 75 -529 384 -983 858 -1263 444 -262 1039 -315 1533 -136 553 199 976 660 1114 1213 39 152 49 244 49 421 -1 195 -18 320 -68 485 -240 790 -1002 1304 -1845 1245z m265 -161 c143 -12 237 -30 365 -71 591 -187 1019 -683 1110 -1288 14 -97 14 -317 0 -422 -65 -472 -362 -905 -787 -1150 -156 -91 -346 -159 -538 -196 -125 -24 -445 -24 -570 0 -103 20 -266 65 -279 78 -5 5 -3 23 4 42 21 58 25 253 6 343 -50 246 -230 445 -479 529 -125 43 -318 52 -432 20 -11 -3 -27 -8 -36 -10 -12 -3 -22 10 -37 53 -27 73 -57 197 -71 290 -16 104 -13 338 4 448 115 715 720 1270 1455 1334 137 12 152 12 285 0z m-1242 -2279 c173 -54 310 -182 377 -355 21 -52 24 -78 24 -185 0 -69 -5 -135 -10 -147 -9 -22 -10 -22 -100 31 -232 135 -425 317 -560 527 -49 78 -77 129 -72 135 3 2 29 8 59 13 77 14 203 6 282 -19z"/></g></svg>
  <svg x='492' y='544'><g transform="translate(0.178125321737,5.7484375) scale(0.00969593203301,-0.00933333333333)"><path class="sym-line" fill="black" d="M4 569 c22 -111 99 -242 206 -349 151 -151 320 -220 540 -220 220 0 389 69 540 220 107 107 184 238 206 349 l7 31 -61 0 -61 0 -42 -82 c-54 -104 -163 -218 -264 -274 -154 -85 -340 -108 -501 -61 -176 51 -331 177 -413 335 l-42 82 -61 0 -61 0 7 -31z"/></g></svg>
</svg>