<svg version='1.1' xmlns='http://www.w3.org/2000/svg' width='49' height='93' viewBox='475 454 49 93'>
  <text font-size='0'>AS10e20S15a18S2e708S20500S1fb20S15a18S2e708S20500M524x547S20500485x487S10e20490x454S1fb20490x513S15a18476x505S20500485x536S15a18475x457S2e708508x456S2e708509x508</text>
  <svg x='485' y='487'><g transform="translate(-0.221878406359,10.7500002304) scale(0.0103429235226,-0.00963778430032)"><path class="sym-line" fill="black" d="M430 895 l0 -205 -37 23 c-21 13 -95 61 -165 105 l-128 82 -36 -71 c-19 -40 -32 -75 -27 -79 4 -3 74 -48 156 -99 81 -51 147 -97 147 -101 0 -4 -66 -50 -147 -101 -82 -51 -152 -96 -156 -99 -5 -4 8 -39 27 -79 l36 -71 128 82 c70 44 144 92 165 105 l37 23 0 -205 0 -205 70 0 70 0 0 205 0 205 38 -23 c20 -13 94 -61 164 -105 l128 -82 36 71 c19 40 32 75 27 79 -4 3 -74 48 -155 99 -82 51 -148 97 -148 101 0 4 66 50 148 101 81 51 151 96 155 99 5 4 -8 39 -27 79 l-36 71 -128 -82 c-70 -44 -144 -92 -164 -105 l-38 -23 0 205 0 205 -70 0 -70 0 0 -205z"/></g></svg>
  <svg x='490' y='454'><g transform="translate(0.0,30.0) scale(0.01,-0.01)"><path class="sym-line" fill="black" d="M0 1500 l0 -1500 750 0 750 0 0 750 0 750 -502 0 -503 0 458 458 c251 251 457 459 457 462 0 3 -34 36 -76 74 l-76 69 -529 -529 -529 -529 0 748 0 747 -100 0 -100 0 0 -1500z"/></g></svg>
  <svg x='490' y='513'><g transform="translate(0.0,19.0) scale(0.01,-0.01)"><path class="sym-line" fill="black" d="M300 1700 l0 -200 -150 0 -150 0 0 -750 0 -750 750 0 750 0 0 750 0 750 -400 0 -400 0 0 200 0 200 -200 0 -200 0 0 -200z"/></g></svg>
  <svg x='476' y='505'><g transform="translate(0.0,27.0) scale(0.01,-0.01)"><path class="sym-fill" fill="white" d="M600 1307 l0 -1107 200 0 200 0 0 908 0 907 -200 200 -200 200 0 -1108z"/><path class="sym-line" fill="black" d="M297 2402 l-297 -297 0 -1053 0 -1052 600 0 600 0 0 1053 0 1052 -298 298 c-163 163 -299 297 -302 297 -3 0 -139 -134 -303 -298z m703 -1289 l0 -913 -200 0 -200 0 0 1112 0 1113 200 -200 200 -200 0 -912z"/></g></svg>
  <svg x='485' y='536'><g transform="translate(-0.221878406359,10.7500002304) scale(0.0103429235226,-0.00963778430032)"><path class="sym-line" fill="black" d="M430 895 l0 -205 -37 23 c-21 13 -95 61 -165 105 l-128 82 -36 -71 c-19 -40 -32 -75 -27 -79 4 -3 74 -48 156 -99 81 -51 147 -97 147 -101 0 -4 -66 -50 -147 -101 -82 -51 -152 -96 -156 -99 -5 -4 8 -39 27 -79 l36 -71 128 82 c70 44 144 92 165 105 l37 23 0 -205 0 -205 70 0 70 0 0 205 0 205 38 -23 c20 -13 94 -61 164 -105 l128 -82 36 71 c19 40 32 75 27 79 -4 3 -74 48 -155 99 -82 51 -148 97 -148 101 0 4 66 50 148 101 81 51 151 96 155 99 5 4 -8 39 -27 79 l-36 71 -128 -82 c-70 -44 -144 -92 -164 -105 l-38 -23 0 205 0 205 -70 0 -70 0 0 -205z"/></g></svg>
  <svg x='475' y='457'><g transform="translate(0.0,27.0) scale(0.01,-0.01)"><path class="sym-fill" fill="white" d="M600 1307 l0 -1107 200 0 200 0 0 908 0 907 -200 200 -200 200 0 -1108z"/><path class="sym-line" fill="black" d="M297 2402 l-297 -297 0 -1053 0 -1052 600 0 600 0 0 1053 0 1052 -298 298 c-163 163 -299 297 -302 297 -3 0 -139 -134 -303 -298z m703 -1289 l0 -913 -200 0 -200 0 0 1112 0 1113 200 -200 200 -200 0 -912z"/></g></svg>
  <svg x='508' y='456'><g transform="translate(0.198128695057,24.738779916) scale(0.0097007872376,-0.00983613696638)"><path class="sym-line" fill="black" d="M743 2480 c-94 -42 -195 -168 -253 -315 -27 -66 -70 -221 -70 -252 0 -10 47 -13 200 -13 110 0 200 2 200 4 0 24 44 226 59 268 118 344 294 274 381 -151 28 -136 40 -372 40 -771 0 -607 -26 -829 -118 -1018 -60 -124 -137 -157 -205 -87 -113 116 -176 424 -177 863 l0 92 -200 0 -200 0 0 -203 c0 -160 4 -227 20 -313 54 -294 168 -493 325 -565 59 -27 351 -27 410 0 157 72 271 271 325 565 18 101 20 153 20 666 0 513 -2 565 -20 666 -54 294 -168 493 -325 565 -34 16 -66 19 -205 19 -141 0 -171 -3 -207 -20z M295 1500 l-300 -300 605 0 605 0 -300 300 c-165 165 -302 300 -305 300 -3 0 -140 -135 -305 -300z"/></g></svg>
  <svg x='509' y='508'><g transform="translate(0.198128695057,24.738779916) scale(0.0097007872376,-0.00983613696638)"><path class="sym-line" fill="black" d="M743 2480 c-94 -42 -195 -168 -253 -315 -27 -66 -70 -221 -70 -252 0 -10 47 -13 200 -13 110 0 200 2 200 4 0 24 44 226 59 268 118 344 294 274 381 -151 28 -136 40 -372 40 -771 0 -607 -26 -829 -118 -1018 -60 -124 -137 -157 -205 -87 -113 116 -176 424 -177 863 l0 92 -200 0 -200 0 0 -203 c0 -160 4 -227 20 -313 54 -294 168 -493 325 -565 59 -27 351 -27 410 0 157 72 271 271 325 565 18 101 20 153 20 666 0 513 -2 565 -20 666 -54 294 -168 493 -325 565 -34 16 -66 19 -205 19 -141 0 -171 -3 -207 -20z M295 1500 l-300 -300 605 0 605 0 -300 300 c-165 165 -302 300 -305 300 -3 0 -140 -135 -305 -300z"/></g></svg>
</svg>