<svg version='1.1' xmlns='http://www.w3.org/2000/svg' width='85' height='123' viewBox='467 482 85 123'>
  <text font-size='0'>AS10001S22a04S34700S10002S1000aS2d60eS2d616S2fb03M552x605S10001502x510S34700482x482S1000a500x590S22a04506x543S2d60e467x552S2d616530x577S10002487x565S2fb03484x579</text>
  <svg x='502' y='510'><g transform="translate(0.0827624000386,29.8972374025) scale(0.00988338120185,-0.00991626663417)"><path class="sym-fill" fill="white" d="M763 1370 l-353 -363 70 -76 c39 -42 197 -206 353 -365 l282 -289 353 363 352 362 -80 86 c-44 48 -203 212 -353 366 l-272 278 -352 -362z"/><path class="sym-line" fill="black" d="M76 2931 l-69 -69 486 -498 485 -498 -371 -381 c-204 -209 -393 -403 -419 -431 l-49 -51 481 -494 c264 -272 487 -494 495 -494 8 0 231 222 495 494 l481 494 -49 51 c-152 158 -1893 1946 -1895 1946 -2 0 -33 -31 -71 -69z m1394 -1560 c190 -194 345 -359 345 -366 0 -16 -684 -720 -700 -720 -16 0 -700 704 -700 720 0 16 687 724 700 722 6 -1 166 -161 355 -356z"/></g></svg>
  <svg x='482' y='482'><g transform="translate(0.149874875465,34.7500790925) scale(0.00988906872676,-0.00988956850125)"><path class="sym-line" fill="black" d="M1528 3484 c-592 -92 -1088 -447 -1348 -963 -125 -249 -180 -485 -180 -771 0 -480 183 -911 529 -1242 350 -336 780 -508 1271 -508 451 0 864 150 1193 434 326 281 517 620 591 1051 21 121 21 409 0 530 -43 252 -114 444 -237 639 -282 453 -741 750 -1284 831 -127 19 -413 18 -535 -1z m607 -173 c583 -126 1038 -523 1224 -1069 59 -173 75 -277 75 -492 0 -165 -3 -211 -22 -300 -71 -327 -228 -611 -458 -829 -186 -177 -381 -295 -614 -374 -176 -60 -282 -78 -490 -84 -247 -7 -416 19 -628 97 -549 201 -944 674 -1043 1250 -17 97 -17 383 0 480 99 576 495 1050 1043 1250 105 38 177 58 303 81 143 26 467 21 610 -10z M1586 1290 c-88 -14 -199 -46 -269 -79 -265 -122 -246 -330 41 -439 149 -57 215 -67 452 -66 201 0 222 2 314 27 229 62 346 152 346 267 0 115 -119 207 -346 266 -87 23 -122 27 -289 30 -104 1 -217 -1 -249 -6z m532 -179 c90 -23 135 -42 170 -74 57 -52 -6 -107 -175 -149 -78 -20 -114 -23 -308 -23 -180 0 -234 3 -300 19 -105 24 -179 58 -200 90 -16 24 -16 28 0 52 27 42 125 77 295 108 14 2 117 3 230 1 169 -2 220 -6 288 -24z"/></g></svg>
  <svg x='500' y='590'><g transform="translate(0.0,15.0) scale(0.01,-0.01)"><path class="sym-fill" fill="white" d="M200 750 l0 -550 550 0 550 0 0 550 0 550 -550 0 -550 0 0 -550z"/><path class="sym-line" fill="black" d="M0 750 l0 -750 750 0 750 0 0 650 0 650 750 0 750 0 0 100 0 100 -1500 0 -1500 0 0 -750z m1300 0 l0 -550 -550 0 -550 0 0 550 0 550 550 0 550 0 0 -550z"/></g></svg>
  <svg x='506' y='543'><g transform="translate(0.043463926586,14.7505211307) scale(0.00985915292844,-0.00973472242044)"><path class="sym-fill" fill="white" d="M510 1100 l0 -400 140 0 140 0 0 400 0 400 -140 0 -140 0 0 -400z"/><path class="sym-line" fill="black" d="M330 1100 l0 -400 -159 -2 -160 -3 315 -347 c174 -192 319 -348 324 -348 5 0 150 156 324 348 l315 347 -160 3 -159 2 0 400 0 400 -90 0 -90 0 0 -400 0 -400 -140 0 -140 0 0 400 0 400 -90 0 -90 0 0 -400z"/></g></svg>
  <svg x='467' y='552'><g transform="translate(0.142855053868,21.7501089829) scale(0.00984331427029,-0.00980083226541)"><path class="sym-line" fill="black" d="M1500 1892 l0 -312 -443 0 c-460 0 -571 -7 -662 -41 -163 -61 -309 -215 -368 -389 -19 -59 -22 -89 -25 -343 -3 -257 -2 -283 18 -354 32 -116 74 -188 165 -279 56 -57 100 -90 145 -113 129 -62 103 -61 923 -61 l747 0 0 210 0 210 -744 0 c-745 0 -812 3 -882 36 -56 27 -120 98 -145 162 -21 51 -23 74 -23 222 0 191 12 245 74 337 65 96 160 157 271 173 35 5 263 10 506 10 l443 0 2 -316 3 -316 345 362 c190 199 345 368 345 376 0 12 -543 591 -659 703 l-36 35 0 -312z"/></g></svg>
  <svg x='530' y='577'><g transform="translate(0.131203053956,21.7501089829) scale(0.00982944116607,-0.00980083226541)"><path class="sym-fill" fill="white" d="M368 1703 l-227 -238 92 -95 c51 -52 154 -159 230 -238 l137 -142 0 475 c0 261 -1 475 -3 475 -1 0 -105 -107 -229 -237z"/><path class="sym-line" fill="black" d="M347 1839 c-191 -200 -346 -369 -345 -376 2 -6 158 -174 348 -373 l345 -362 3 316 2 316 443 0 c243 0 471 -5 506 -10 111 -16 206 -77 271 -173 62 -92 74 -146 74 -337 0 -148 -2 -171 -23 -222 -25 -64 -89 -135 -145 -162 -70 -33 -137 -36 -882 -36 l-744 0 0 -210 0 -210 748 0 c819 0 793 -1 922 61 45 23 89 56 145 113 91 91 133 163 165 279 20 71 21 97 18 354 -3 254 -6 284 -25 343 -59 174 -205 328 -368 389 -91 34 -202 41 -662 41 l-443 0 -2 312 -3 312 -348 -365z m253 -376 l0 -478 -178 185 c-97 102 -201 210 -230 242 l-53 56 227 236 c124 130 228 236 230 236 2 0 4 -215 4 -477z"/></g></svg>
  <svg x='487' y='565'><g transform="translate(0.0,15.0) scale(0.01,-0.01)"><path class="sym-fill" fill="white" d="M1700 750 l0 -550 550 0 550 0 0 550 0 550 -550 0 -550 0 0 -550z"/><path class="sym-line" fill="black" d="M0 1400 l0 -100 750 0 750 0 0 -650 0 -650 750 0 750 0 0 750 0 750 -1500 0 -1500 0 0 -100z m2800 -650 l0 -550 -550 0 -550 0 0 550 0 550 550 0 550 0 0 -550z"/></g></svg>
  <svg x='484' y='579'><g transform="translate(0.0365599625462,11.8157312516) scale(0.00973615546612,-0.00979931310654)"><path class="sym-line" fill="black" d="M92 1128 c-66 -137 -86 -236 -79 -390 6 -128 23 -202 72 -303 94 -196 273 -344 491 -407 64 -18 103 -23 204 -22 144 0 234 20 352 80 l71 36 -45 45 -45 45 -79 -28 c-96 -33 -250 -44 -347 -23 -216 45 -390 187 -480 391 -68 153 -70 355 -5 507 l19 44 -43 44 c-23 24 -45 43 -49 43 -3 0 -20 -28 -37 -62z"/></g></svg>
</svg>