<svg version='1.1' xmlns='http://www.w3.org/2000/svg' width='70' height='166' viewBox='475 451 70 166'>
  <text font-size='0'>AS10651S1063aS20800S10632S10659S20800S17d10S26500S18510S22b03S30007M545x617S1063a476x560S10651496x548S20800500x565S10659475x589S10632496x602S20800485x607S30007482x482S17d10521x490S18510520x451S26500523x469S22b03504x516</text>
  <svg x='476' y='560'><g transform="translate(0.0,15.0) scale(0.01,-0.01)"><path class="sym-fill" fill="white" d="M200 750 l0 -550 450 0 450 0 0 550 0 550 -450 0 -450 0 0 -550z"/><path class="sym-line" fill="black" d="M0 750 l0 -750 650 0 650 0 0 750 0 750 -650 0 -650 0 0 -750z m1100 0 l0 -550 -450 0 -450 0 0 550 0 550 450 0 450 0 0 -550z M1500 1400 l0 -100 450 0 450 0 0 -200 0 -200 -250 0 -250 0 0 -100 0 -100 350 0 350 0 0 400 0 400 -550 0 -550 0 0 -100z"/></g></svg>
  <svg x='496' y='548'><g transform="translate(0.10199796609,19.8385572395) scale(0.00991846091123,-0.00985895213206)"><path class="sym-line" fill="black" d="M260 1723 c-140 -151 -255 -282 -255 -290 0 -14 445 -503 455 -500 3 1 36 34 74 74 l68 72 -165 178 -166 177 57 61 c31 33 89 94 128 136 l70 75 289 -310 c159 -171 294 -312 301 -314 12 -3 134 124 134 140 0 12 -709 773 -723 775 -7 1 -127 -122 -267 -274z M1735 1471 c-269 -290 -489 -531 -488 -535 1 -4 195 -214 430 -467 l427 -460 32 33 c178 186 954 1030 954 1038 0 14 -838 914 -853 917 -7 1 -232 -235 -502 -526z"/></g></svg>
  <svg x='500' y='565'><g transform="translate(0.0,10.0) scale(0.01,-0.01)"><path class="sym-line" fill="black" d="M400 800 l0 -200 -200 0 -200 0 0 -100 0 -100 200 0 200 0 0 -200 0 -200 100 0 100 0 0 200 0 200 200 0 200 0 0 100 0 100 -200 0 -200 0 0 200 0 200 -100 0 -100 0 0 -200z"/></g></svg>
  <svg x='475' y='589'><g transform="translate(0.0706007719031,19.839042181) scale(0.00991224435666,-0.00985325814308)"><path class="sym-line" fill="black" d="M433 1545 c-233 -250 -424 -458 -425 -463 -2 -6 769 -845 956 -1040 l32 -33 299 323 c165 177 360 386 432 464 l133 142 -492 528 c-270 291 -496 530 -502 532 -6 1 -201 -203 -433 -453z M2208 1615 c-197 -211 -358 -388 -358 -393 0 -16 122 -143 134 -140 7 2 142 143 301 314 l288 310 124 -132 c68 -73 125 -136 125 -140 0 -3 -72 -85 -162 -181 l-162 -174 68 -72 c38 -40 71 -73 74 -74 10 -3 455 486 455 500 0 16 -501 560 -519 565 -6 1 -172 -171 -368 -383z"/></g></svg>
  <svg x='496' y='602'><g transform="translate(0.0,15.0) scale(0.01,-0.01)"><path class="sym-fill" fill="white" d="M1500 750 l0 -550 450 0 450 0 0 550 0 550 -450 0 -450 0 0 -550z"/><path class="sym-line" fill="black" d="M0 1100 l0 -400 350 0 350 0 0 100 0 100 -250 0 -250 0 0 200 0 200 450 0 450 0 0 100 0 100 -550 0 -550 0 0 -400z M1300 750 l0 -750 650 0 650 0 0 750 0 750 -650 0 -650 0 0 -750z m1100 0 l0 -550 -450 0 -450 0 0 550 0 550 450 0 450 0 0 -550z"/></g></svg>
  <svg x='485' y='607'><g transform="translate(0.0,10.0) scale(0.01,-0.01)"><path class="sym-line" fill="black" d="M400 800 l0 -200 -200 0 -200 0 0 -100 0 -100 200 0 200 0 0 -200 0 -200 100 0 100 0 0 200 0 200 200 0 200 0 0 100 0 100 -200 0 -200 0 0 200 0 200 -100 0 -100 0 0 -200z"/></g></svg>
  <svg x='482' y='482'><g transform="translate(-0.0202640873613,34.8235379339) scale(0.00998278661735,-0.00997653818402)"><path class="sym-line" fill="black" d="M1650 3474 c-324 -38 -548 -110 -790 -254 -284 -168 -552 -464 -685 -755 -113 -247 -159 -457 -158 -730 0 -256 45 -464 149 -696 244 -548 766 -931 1389 -1020 115 -16 374 -16 490 0 799 113 1416 714 1526 1486 16 115 16 366 0 475 -59 392 -242 743 -527 1009 -272 254 -593 409 -974 471 -69 11 -361 21 -420 14z m368 -169 c56 -8 130 -22 165 -30 60 -15 187 -55 187 -58 0 -1 -7 -34 -15 -72 -19 -90 -19 -224 0 -317 9 -43 34 -112 62 -168 38 -76 63 -110 128 -175 129 -129 263 -193 449 -215 99 -12 232 -2 292 20 14 6 27 10 28 10 7 0 46 -119 65 -195 31 -129 42 -221 42 -365 0 -389 -134 -738 -399 -1035 -481 -540 -1281 -696 -1938 -379 -329 160 -595 421 -749 739 -108 222 -155 423 -155 673 0 200 24 345 90 529 152 427 528 798 963 952 262 92 532 122 785 86z m591 -196 c162 -89 326 -225 454 -379 76 -92 195 -275 185 -286 -9 -8 -121 -24 -173 -24 -136 1 -295 65 -394 160 -110 105 -169 228 -178 375 -5 74 10 195 24 195 4 0 40 -19 82 -41z"/></g></svg>
  <svg x='521' y='490'><g transform="translate(0.0,15.0) scale(0.01,-0.01)"><path class="sym-fill" fill="white" d="M1600 750 l0 -650 150 0 150 0 0 650 0 650 -150 0 -150 0 0 -650z"/><path class="sym-line" fill="black" d="M0 1300 l0 -200 750 0 750 0 0 -450 0 -450 -650 0 -650 0 0 -100 0 -100 1050 0 1050 0 0 750 0 750 -1150 0 -1150 0 0 -200z m1900 -550 l0 -650 -150 0 -150 0 0 650 0 650 150 0 150 0 0 -650z"/></g></svg>
  <svg x='520' y='451'><g transform="translate(0.0,15.0) scale(0.01,-0.01)"><path class="sym-fill" fill="white" d="M1740 750 l0 -650 160 0 160 0 0 650 0 650 -160 0 -160 0 0 -650z"/><path class="sym-line" fill="black" d="M0 1300 l0 -200 268 0 267 0 545 -502 545 -502 3 -48 3 -48 435 0 434 0 0 750 0 750 -1250 0 -1250 0 0 -200z m2070 -550 l0 -650 -165 0 -165 0 0 650 0 650 165 0 165 0 0 -650z m-440 0 c0 -192 -2 -350 -5 -350 -6 0 -755 691 -755 696 0 2 171 4 380 4 l380 0 0 -350z"/></g></svg>
  <svg x='523' y='469'><g transform="translate(0.199517282911,14.7505211307) scale(0.00964541675618,-0.00973472242044)"><path class="sym-line" fill="black" d="M345 1150 l-350 -350 303 0 302 0 0 -400 0 -400 100 0 100 0 0 400 0 400 302 0 303 0 -350 350 c-192 193 -352 350 -355 350 -3 0 -163 -157 -355 -350z"/></g></svg>
  <svg x='504' y='516'><g transform="translate(0.148922017325,24.0580861241) scale(0.00993671163373,-0.0100433737655)"><path class="sym-fill" fill="white" d="M1183 1473 l-764 -756 23 -22 c13 -12 76 -72 140 -135 l118 -113 485 479 c267 263 613 604 768 756 l282 276 -135 136 c-74 75 -139 136 -143 136 -5 0 -353 -341 -774 -757z"/><path class="sym-line" fill="black" d="M1250 1824 c-311 -306 -656 -647 -767 -758 l-203 -201 -140 140 -140 140 0 -558 0 -557 562 0 563 0 -138 138 -138 138 763 755 c420 415 763 758 763 763 0 4 -31 37 -70 71 l-70 63 -770 -759 -769 -760 -140 140 -140 140 495 487 c272 268 618 611 769 761 l275 273 -70 70 -70 70 -565 -556z"/></g></svg>
</svg>