<svg version='1.1' xmlns='http://www.w3.org/2000/svg' width='82' height='92' viewBox='441 482 82 92'>
  <text font-size='0'>AS10010S22a00S20500S30004S26603S15a53S15a33S20600M523x574S30004482x482S15a53448x539S10010488x515S20500506x517S26603469x517S20600463x562S15a33441x551S22a00510x526</text>
  <svg x='482' y='482'><g transform="translate(0.149874875465,34.7500790925) scale(0.00988906872676,-0.00988956850125)"><path class="sym-line" fill="black" d="M1528 3484 c-592 -92 -1088 -447 -1348 -963 -125 -249 -180 -485 -180 -771 0 -480 183 -911 529 -1242 350 -336 780 -508 1271 -508 451 0 864 150 1193 434 326 281 517 620 591 1051 21 121 21 409 0 530 -43 252 -114 444 -237 639 -282 453 -741 750 -1284 831 -127 19 -413 18 -535 -1z m607 -173 c583 -126 1038 -523 1224 -1069 59 -173 75 -277 75 -492 0 -165 -3 -211 -22 -300 -107 -494 -416 -893 -866 -1117 -37 -19 -69 -33 -71 -31 -1 2 -18 29 -38 60 -94 149 -268 273 -445 319 -101 26 -279 26 -378 0 -205 -53 -367 -177 -479 -366 -10 -16 -16 -15 -75 15 -473 236 -792 664 -881 1180 -17 97 -17 383 0 480 99 576 495 1050 1043 1250 105 38 177 58 303 81 143 26 467 21 610 -10z m-157 -2796 c80 -25 167 -76 234 -137 50 -45 111 -129 101 -139 -12 -11 -155 -46 -263 -64 -125 -20 -371 -20 -498 1 -92 14 -247 50 -264 60 -23 14 101 152 189 211 136 92 339 119 501 68z"/></g></svg>
  <svg x='448' y='539'><g transform="translate(0.149852532516,22.9493170987) scale(0.00989018587419,-0.00991342591248)"><path class="sym-fill" fill="white" d="M385 1220 l-100 -100 410 -410 410 -410 102 102 103 103 -407 407 c-225 225 -410 408 -413 408 -3 0 -50 -45 -105 -100z"/><path class="sym-line" fill="black" d="M972 1817 l-482 -482 415 -415 415 -415 483 483 482 482 -415 415 -415 415 -483 -483z M137 982 l-137 -137 0 -413 0 -412 418 0 417 0 138 138 137 137 -413 413 c-226 226 -414 412 -417 412 -3 0 -67 -62 -143 -138z"/></g></svg>
  <svg x='488' y='515'><g transform="translate(0.0,30.0) scale(0.01,-0.01)"><path class="sym-fill" fill="white" d="M200 750 l0 -550 300 0 300 0 0 550 0 550 -300 0 -300 0 0 -550z"/><path class="sym-line" fill="black" d="M1300 2250 l0 -750 -650 0 -650 0 0 -750 0 -750 750 0 750 0 0 1500 0 1500 -100 0 -100 0 0 -750z m-500 -1500 l0 -550 -300 0 -300 0 0 550 0 550 300 0 300 0 0 -550z"/></g></svg>
  <svg x='506' y='517'><g transform="translate(-0.221878406359,10.7500002304) scale(0.0103429235226,-0.00963778430032)"><path class="sym-line" fill="black" d="M430 895 l0 -205 -37 23 c-21 13 -95 61 -165 105 l-128 82 -36 -71 c-19 -40 -32 -75 -27 -79 4 -3 74 -48 156 -99 81 -51 147 -97 147 -101 0 -4 -66 -50 -147 -101 -82 -51 -152 -96 -156 -99 -5 -4 8 -39 27 -79 l36 -71 128 82 c70 44 144 92 165 105 l37 23 0 -205 0 -205 70 0 70 0 0 205 0 205 38 -23 c20 -13 94 -61 164 -105 l128 -82 36 71 c19 40 32 75 27 79 -4 3 -74 48 -155 99 -82 51 -148 97 -148 101 0 4 66 50 148 101 81 51 151 96 155 99 5 4 -8 39 -27 79 l-36 71 -128 -82 c-70 -44 -144 -92 -164 -105 l-38 -23 0 205 0 205 -70 0 -70 0 0 -205z"/></g></svg>
  <svg x='469' y='517'><g transform="translate(0.151136670039,22.0461838059) scale(0.00982597899807,-0.00994459401866)"><path class="sym-line" fill="black" d="M1275 1436 l-777 -766 -249 241 -249 241 0 -561 0 -561 573 0 572 1 -250 244 -250 244 75 74 c41 41 390 384 775 763 385 379 701 691 703 694 1 3 -31 38 -72 79 l-73 73 -778 -766z"/></g></svg>
  <svg x='463' y='562'><g transform="translate(-0.213271809649,10.7500002304) scale(0.0101476511593,-0.00963778430032)"><path class="sym-line" fill="black" d="M450 895 l0 -205 -172 105 -172 105 -39 -71 c-32 -57 -37 -73 -26 -80 8 -5 83 -50 167 -100 83 -50 152 -95 152 -99 0 -4 -69 -49 -152 -99 -84 -50 -159 -95 -167 -100 -11 -7 -6 -23 26 -80 l39 -71 172 105 172 105 0 -205 0 -205 75 0 75 0 2 204 3 204 155 -95 c85 -52 163 -99 172 -104 14 -7 23 2 52 58 20 37 36 70 36 74 0 4 -74 51 -165 105 -91 54 -165 101 -165 104 0 3 74 50 165 104 91 54 165 101 165 105 0 4 -16 37 -36 74 -29 56 -38 65 -52 58 -9 -5 -87 -52 -172 -104 l-155 -95 -3 204 -2 204 -75 0 -75 0 0 -205z M1600 895 l0 -204 -167 100 c-93 56 -171 103 -174 105 -4 2 -23 -28 -44 -67 -30 -57 -35 -73 -24 -80 8 -5 83 -50 166 -101 84 -51 153 -95 153 -98 0 -3 -69 -47 -153 -98 -83 -51 -158 -96 -166 -101 -11 -7 -6 -23 24 -80 21 -39 40 -69 44 -67 3 2 81 49 174 105 l167 100 0 -204 0 -205 75 0 75 0 0 205 0 204 168 -100 c92 -56 170 -103 173 -105 3 -1 23 29 43 68 31 56 36 72 25 79 -8 5 -83 50 -166 101 -84 51 -153 95 -153 98 0 3 69 47 153 98 83 51 158 96 166 101 11 7 6 23 -25 79 -20 39 -40 69 -43 68 -3 -2 -81 -49 -173 -105 l-168 -100 0 204 0 205 -75 0 -75 0 0 -205z"/></g></svg>
  <svg x='441' y='551'><g transform="translate(0.149852532516,22.9493170987) scale(0.00989018587419,-0.00991342591248)"><path class="sym-fill" fill="white" d="M1035 1600 l-410 -410 -67 67 -68 68 -102 -103 -103 -102 68 -68 67 -67 -110 -110 -110 -110 0 -272 0 -273 277 0 278 0 107 107 108 108 67 -68 68 -67 102 102 103 103 -67 67 -68 68 413 413 412 412 -273 273 c-149 149 -274 272 -277 272 -3 0 -190 -184 -415 -410z"/><path class="sym-line" fill="black" d="M972 1817 l-482 -482 70 -70 70 -70 413 413 412 412 275 -275 275 -275 -413 -413 -412 -412 70 -70 70 -70 483 483 482 482 -415 415 -415 415 -483 -483z M137 982 l-137 -137 0 -413 0 -412 418 0 417 0 138 138 137 137 -70 70 -70 70 -113 -113 -113 -112 -269 2 -270 3 -3 275 -2 275 110 110 110 110 -67 67 c-37 38 -70 68 -73 68 -3 0 -67 -62 -143 -138z"/></g></svg>
  <svg x='510' y='526'><g transform="translate(0.043463926586,14.7505211307) scale(0.00985915292844,-0.00973472242044)"><path class="sym-fill" fill="white" d="M510 400 l0 -400 140 0 140 0 0 400 0 400 -140 0 -140 0 0 -400z"/><path class="sym-line" fill="black" d="M326 1153 l-315 -348 160 -3 159 -2 0 -400 0 -400 90 0 90 0 0 400 0 400 140 0 140 0 0 -400 0 -400 90 0 90 0 0 400 0 400 159 2 160 3 -315 348 c-174 191 -319 347 -324 347 -5 0 -150 -156 -324 -347z"/></g></svg>
</svg>