<svg version='1.1' xmlns='http://www.w3.org/2000/svg' width='124' height='121' viewBox='438 440 124 121'>
  <text font-size='0'>AS11551S11559S20600S22f04S11850S11858S20500S26606S26612M562x561S11559463x466S20600479x440S11551491x455S22f04497x484S11850503x532S11858473x532S26606532x545S26612438x545S20500496x547</text>
  <svg x='463' y='466'><g transform="translate(-0.000513648344176,24.8496157435) scale(0.00994810149705,-0.00987255923429)"><path class="sym-line" fill="black" d="M1956 2000 c-262 -276 -476 -507 -476 -513 0 -7 29 -42 65 -77 56 -56 67 -62 79 -50 7 8 224 237 481 509 l468 493 -70 70 -70 70 -477 -502z M2239 1628 c-172 -182 -344 -364 -381 -403 l-67 -72 67 -73 67 -72 380 402 c209 220 382 406 384 412 3 9 -117 138 -129 138 -3 0 -148 -149 -321 -332z M430 1465 c-228 -241 -415 -441 -415 -446 0 -9 946 -1009 956 -1009 12 0 824 862 824 875 0 7 -192 215 -428 463 -235 248 -449 474 -475 503 l-47 51 -415 -437z"/></g></svg>
  <svg x='479' y='440'><g transform="translate(-0.213271809649,10.7500002304) scale(0.0101476511593,-0.00963778430032)"><path class="sym-line" fill="black" d="M450 895 l0 -205 -172 105 -172 105 -39 -71 c-32 -57 -37 -73 -26 -80 8 -5 83 -50 167 -100 83 -50 152 -95 152 -99 0 -4 -69 -49 -152 -99 -84 -50 -159 -95 -167 -100 -11 -7 -6 -23 26 -80 l39 -71 172 105 172 105 0 -205 0 -205 75 0 75 0 2 204 3 204 155 -95 c85 -52 163 -99 172 -104 14 -7 23 2 52 58 20 37 36 70 36 74 0 4 -74 51 -165 105 -91 54 -165 101 -165 104 0 3 74 50 165 104 91 54 165 101 165 105 0 4 -16 37 -36 74 -29 56 -38 65 -52 58 -9 -5 -87 -52 -172 -104 l-155 -95 -3 204 -2 204 -75 0 -75 0 0 -205z M1600 895 l0 -204 -167 100 c-93 56 -171 103 -174 105 -4 2 -23 -28 -44 -67 -30 -57 -35 -73 -24 -80 8 -5 83 -50 166 -101 84 -51 153 -95 153 -98 0 -3 -69 -47 -153 -98 -83 -51 -158 -96 -166 -101 -11 -7 -6 -23 24 -80 21 -39 40 -69 44 -67 3 2 81 49 174 105 l167 100 0 -204 0 -205 75 0 75 0 0 205 0 204 168 -100 c92 -56 170 -103 173 -105 3 -1 23 29 43 68 31 56 36 72 25 79 -8 5 -83 50 -166 101 -84 51 -153 95 -153 98 0 3 69 47 153 98 83 51 158 96 166 101 11 7 6 23 -25 79 -20 39 -40 69 -43 68 -3 -2 -81 -49 -173 -105 l-168 -100 0 204 0 205 -75 0 -75 0 0 -205z"/></g></svg>
  <svg x='491' y='455'><g transform="translate(0.038751580183,24.8488904604) scale(0.00994810149705,-0.00988018118416)"><path class="sym-line" fill="black" d="M196 2431 l-69 -69 468 -494 c257 -271 474 -500 481 -508 12 -12 23 -6 79 50 36 35 65 70 65 77 0 9 -944 1013 -953 1013 -1 0 -33 -31 -71 -69z M71 1896 c-35 -35 -62 -69 -60 -74 2 -6 175 -192 384 -412 l380 -402 67 72 67 73 -67 72 c-246 263 -697 735 -702 735 -3 0 -34 -29 -69 -64z M1380 1398 c-261 -275 -475 -507 -475 -513 0 -13 812 -875 824 -875 10 0 956 1000 956 1009 0 6 -824 881 -829 881 0 0 -215 -226 -476 -502z"/></g></svg>
  <svg x='497' y='484'><g transform="translate(0.0309481176548,13.7520098667) scale(0.00993924845563,-0.00971683740478)"><path class="sym-fill" fill="white" d="M540 1050 l0 -350 140 0 140 0 0 350 0 350 -140 0 -140 0 0 -350z M1680 1050 l0 -350 140 0 140 0 0 350 0 350 -140 0 -140 0 0 -350z"/><path class="sym-line" fill="black" d="M340 1050 l0 -350 -164 -2 -164 -3 330 -347 c181 -192 333 -348 337 -348 5 0 91 87 192 193 100 105 227 238 281 294 l98 102 281 -295 c155 -162 286 -293 292 -291 6 2 158 158 337 348 l327 344 -163 3 -164 2 0 350 0 350 -100 0 -100 0 0 -350 0 -350 -145 0 -145 0 0 350 0 350 -95 0 -95 0 0 -350 0 -350 -230 0 -230 0 0 350 0 350 -95 0 -95 0 0 -350 0 -350 -145 0 -145 0 0 350 0 350 -100 0 -100 0 0 -350z"/></g></svg>
  <svg x='503' y='532'><g transform="translate(0.0,27.0) scale(0.01,-0.01)"><path class="sym-line" fill="black" d="M200 2601 l0 -100 428 -3 c463 -3 456 -3 508 -60 60 -65 59 -56 62 -515 l3 -423 100 0 100 0 -3 463 -3 462 -26 55 c-49 105 -119 164 -240 201 -56 17 -98 19 -495 19 l-434 0 0 -99z M0 2200 l0 -100 343 0 c207 0 357 -4 380 -11 69 -19 72 -29 75 -326 l3 -263 100 0 100 0 -3 303 c-3 275 -5 305 -22 341 -26 53 -73 97 -132 127 l-49 24 -397 3 -398 3 0 -101z M800 650 l0 -650 750 0 750 0 0 650 0 650 -750 0 -750 0 0 -650z"/></g></svg>
  <svg x='473' y='532'><g transform="translate(0.0,27.0) scale(0.01,-0.01)"><path class="sym-line" fill="black" d="M1168 2681 c-118 -38 -189 -98 -237 -201 l-26 -55 -3 -462 -3 -463 100 0 100 0 3 423 c3 459 2 450 62 515 52 57 45 57 509 60 l427 3 0 100 0 99 -437 -1 c-395 0 -444 -2 -495 -18z M1491 2284 c-91 -32 -151 -90 -179 -173 -8 -23 -12 -128 -12 -322 l0 -289 99 0 100 0 3 263 c3 297 6 307 75 326 23 7 173 11 381 11 l342 0 0 100 0 100 -382 0 c-319 -1 -390 -4 -427 -16z M0 650 l0 -650 750 0 750 0 0 650 0 650 -750 0 -750 0 0 -650z"/></g></svg>
  <svg x='532' y='545'><g transform="translate(0.150646944493,15.6976811299) scale(0.00985046527537,-0.00968799012796)"><path class="sym-line" fill="black" d="M2200 1252 l0 -352 -1100 0 -1100 0 0 -100 0 -100 1100 0 1100 0 0 -352 0 -353 402 403 403 402 -403 402 -402 403 0 -353z"/></g></svg>
  <svg x='438' y='545'><g transform="translate(0.198281300516,15.7010613696) scale(0.00985046527537,-0.00972038991848)"><path class="sym-fill" fill="white" d="M420 1075 l-275 -275 278 -278 277 -277 0 553 c0 303 -1 552 -3 552 -1 0 -126 -124 -277 -275z"/><path class="sym-line" fill="black" d="M395 1200 l-400 -400 403 -403 402 -402 0 353 0 352 1100 0 1100 0 0 100 0 100 -1100 0 -1100 0 -2 350 -3 350 -400 -400z m305 -402 l0 -553 -277 277 -278 278 275 275 c151 151 276 275 277 275 2 0 3 -249 3 -552z"/></g></svg>
  <svg x='496' y='547'><g transform="translate(-0.221878406359,10.7500002304) scale(0.0103429235226,-0.00963778430032)"><path class="sym-line" fill="black" d="M430 895 l0 -205 -37 23 c-21 13 -95 61 -165 105 l-128 82 -36 -71 c-19 -40 -32 -75 -27 -79 4 -3 74 -48 156 -99 81 -51 147 -97 147 -101 0 -4 -66 -50 -147 -101 -82 -51 -152 -96 -156 -99 -5 -4 8 -39 27 -79 l36 -71 128 82 c70 44 144 92 165 105 l37 23 0 -205 0 -205 70 0 70 0 0 205 0 205 38 -23 c20 -13 94 -61 164 -105 l128 -82 36 71 c19 40 32 75 27 79 -4 3 -74 48 -155 99 -82 51 -148 97 -148 101 0 4 66 50 148 101 81 51 151 96 155 99 5 4 -8 39 -27 79 l-36 71 -128 -82 c-70 -44 -144 -92 -164 -105 l-38 -23 0 205 0 205 -70 0 -70 0 0 -205z"/></g></svg>
</svg>