<svg version='1.1' xmlns='http://www.w3.org/2000/svg' width='58' height='122' viewBox='470 482 58 122'>
  <text font-size='0'>AS11a20S11a28S26a00S26a10S22124S22124S33b00S2fb05M528x604S33b00482x482S11a20506x536S11a28476x542S22124503x522S22124474x534S26a00501x572S26a10470x580S2fb05495x592</text>
  <svg x='482' y='482'><g transform="translate(0.149874875465,34.7500790925) scale(0.00988906872676,-0.00988956850125)"><path class="sym-line" fill="black" d="M1528 3484 c-592 -92 -1088 -447 -1348 -963 -125 -249 -180 -485 -180 -771 0 -480 183 -911 529 -1242 350 -336 780 -508 1271 -508 451 0 864 150 1193 434 326 281 517 620 591 1051 21 121 21 409 0 530 -43 252 -114 444 -237 639 -282 453 -741 750 -1284 831 -127 19 -413 18 -535 -1z m607 -173 c583 -126 1038 -523 1224 -1069 59 -173 75 -277 75 -492 0 -165 -3 -211 -22 -300 -71 -327 -228 -611 -458 -829 -186 -177 -381 -295 -614 -374 -176 -60 -282 -78 -490 -84 -247 -7 -416 19 -628 97 -549 201 -944 674 -1043 1250 -17 97 -17 383 0 480 99 576 495 1050 1043 1250 105 38 177 58 303 81 143 26 467 21 610 -10z M1020 875 l0 -75 780 0 780 0 0 75 0 75 -780 0 -780 0 0 -75z"/></g></svg>
  <svg x='506' y='536'><g transform="translate(0.0,30.0) scale(0.01,-0.01)"><path class="sym-line" fill="black" d="M600 2552 l0 -447 -300 -300 -300 -300 0 -752 0 -753 750 0 750 0 0 750 0 750 -350 0 -350 0 0 253 0 252 255 255 c140 140 255 257 255 260 0 3 -34 36 -76 74 l-76 69 -179 -179 -179 -179 0 348 0 347 -100 0 -100 0 0 -448z m0 -902 l0 -150 -152 0 -153 0 150 150 c82 83 151 150 152 150 2 0 3 -67 3 -150z"/></g></svg>
  <svg x='476' y='542'><g transform="translate(0.0,30.0) scale(0.01,-0.01)"><path class="sym-line" fill="black" d="M700 2653 l0 -348 -179 179 -179 179 -76 -69 c-42 -38 -76 -71 -76 -74 0 -3 115 -120 255 -260 l255 -255 0 -252 0 -253 -350 0 -350 0 0 -750 0 -750 750 0 750 0 0 753 0 752 -300 300 -300 300 0 447 0 448 -100 0 -100 0 0 -347z m355 -1003 l150 -150 -153 0 -152 0 0 150 c0 83 1 150 3 150 1 0 70 -67 152 -150z"/></g></svg>
  <svg x='503' y='522'><g transform="translate(0.131077154539,6.97738534177) scale(0.0098364174108,-0.0100604999865)"><path class="sym-line" fill="black" d="M846 475 l-247 -206 -212 177 c-116 98 -220 184 -229 192 -15 13 -24 8 -88 -44 -39 -32 -69 -64 -68 -70 4 -15 584 -504 598 -504 6 0 119 91 251 203 131 111 244 202 249 202 5 0 118 -91 249 -202 132 -112 245 -203 251 -203 14 0 594 489 598 504 1 6 -29 38 -68 70 -64 52 -73 57 -88 44 -9 -8 -113 -95 -229 -192 l-213 -178 -240 201 c-132 111 -246 204 -253 207 -9 3 -114 -79 -261 -201z"/></g></svg>
  <svg x='474' y='534'><g transform="translate(0.131077154539,6.97738534177) scale(0.0098364174108,-0.0100604999865)"><path class="sym-line" fill="black" d="M846 475 l-247 -206 -212 177 c-116 98 -220 184 -229 192 -15 13 -24 8 -88 -44 -39 -32 -69 -64 -68 -70 4 -15 584 -504 598 -504 6 0 119 91 251 203 131 111 244 202 249 202 5 0 118 -91 249 -202 132 -112 245 -203 251 -203 14 0 594 489 598 504 1 6 -29 38 -68 70 -64 52 -73 57 -88 44 -9 -8 -113 -95 -229 -192 l-213 -178 -240 201 c-132 111 -246 204 -253 207 -9 3 -114 -79 -261 -201z"/></g></svg>
  <svg x='501' y='572'><g transform="translate(0.199152862387,13.7487019785) scale(0.00981571140639,-0.0096798311579)"><path class="sym-line" fill="black" d="M345 1050 l-350 -350 303 0 302 0 0 -350 0 -350 100 0 100 0 0 350 0 350 550 0 550 0 0 -350 0 -350 100 0 100 0 0 350 0 350 302 0 303 0 -352 352 -353 353 -325 -325 -325 -325 -323 323 c-177 177 -324 322 -327 322 -3 0 -163 -157 -355 -350z"/></g></svg>
  <svg x='470' y='580'><g transform="translate(0.199152862387,13.7487019785) scale(0.00981571140639,-0.0096798311579)"><path class="sym-fill" fill="white" d="M470 1025 l-225 -225 455 0 455 0 -225 225 c-124 124 -227 225 -230 225 -3 0 -106 -101 -230 -225z M1770 1025 l-225 -225 455 0 455 0 -225 225 c-124 124 -227 225 -230 225 -3 0 -106 -101 -230 -225z"/><path class="sym-line" fill="black" d="M345 1050 l-350 -350 303 0 302 0 0 -350 0 -350 100 0 100 0 0 350 0 350 550 0 550 0 0 -350 0 -350 100 0 100 0 0 350 0 350 302 0 303 0 -352 352 -353 353 -325 -325 -325 -325 -323 323 c-177 177 -324 322 -327 322 -3 0 -163 -157 -355 -350z m585 -25 l225 -225 -455 0 -455 0 225 225 c124 124 227 225 230 225 3 0 106 -101 230 -225z m1300 0 l225 -225 -455 0 -455 0 225 225 c124 124 227 225 230 225 3 0 106 -101 230 -225z"/></g></svg>
  <svg x='495' y='592'><g transform="translate(0.052162597991,11.85902777) scale(0.00978030750568,-0.00975882522503)"><path class="sym-line" fill="black" d="M1031 1156 l-43 -44 28 -78 c33 -96 44 -250 23 -347 -45 -216 -187 -390 -391 -480 -153 -68 -355 -70 -507 -5 l-44 19 -44 -43 c-24 -23 -43 -45 -43 -49 0 -8 113 -63 170 -82 127 -42 327 -48 455 -13 257 71 461 277 537 542 32 111 32 295 0 407 -18 64 -85 217 -95 217 -2 0 -22 -20 -46 -44z"/></g></svg>
</svg>