<svg version='1.1' xmlns='http://www.w3.org/2000/svg' width='45' height='93' viewBox='478 482 45 93'>
  <text font-size='0'>AS11a00S20e00S22a04S26502S11a00S20e00S22a04S30005S30003M523x575S30003482x482S11a00478x512S22a04478x560S20e00479x545S20e00510x545S22a04510x560S26502492x554S11a00508x512S30005482x482</text>
  <svg x='482' y='482'><g transform="translate(-0.0202573633837,34.9611565438) scale(0.00998278661735,-0.00996217525654)"><path class="sym-line" fill="black" d="M1670 3490 c-442 -32 -840 -211 -1145 -517 -273 -272 -438 -599 -496 -978 -16 -106 -16 -358 0 -470 75 -529 384 -983 858 -1263 444 -262 1039 -315 1533 -136 553 199 976 660 1114 1213 39 152 49 244 49 421 -1 195 -18 320 -68 485 -240 790 -1002 1304 -1845 1245z m265 -161 c143 -12 237 -30 365 -71 591 -187 1019 -683 1110 -1288 14 -97 14 -317 0 -422 -65 -472 -362 -905 -787 -1150 -156 -91 -346 -159 -538 -196 -125 -24 -445 -24 -570 0 -103 20 -266 65 -279 78 -5 5 -3 23 4 42 21 58 25 253 6 343 -50 246 -230 445 -479 529 -125 43 -318 52 -432 20 -11 -3 -27 -8 -36 -10 -12 -3 -22 10 -37 53 -27 73 -57 197 -71 290 -16 104 -13 338 4 448 115 715 720 1270 1455 1334 137 12 152 12 285 0z m-1242 -2279 c173 -54 310 -182 377 -355 21 -52 24 -78 24 -185 0 -69 -5 -135 -10 -147 -9 -22 -10 -22 -100 31 -232 135 -425 317 -560 527 -49 78 -77 129 -72 135 3 2 29 8 59 13 77 14 203 6 282 -19z"/></g></svg>
  <svg x='478' y='512'><g transform="translate(0.0,30.0) scale(0.01,-0.01)"><path class="sym-fill" fill="white" d="M200 750 l0 -550 550 0 550 0 0 550 0 550 -550 0 -550 0 0 -550z"/><path class="sym-line" fill="black" d="M700 2653 l0 -348 -179 179 -179 179 -76 -69 c-42 -38 -76 -71 -76 -74 0 -3 115 -120 255 -260 l255 -255 0 -252 0 -253 -350 0 -350 0 0 -750 0 -750 750 0 750 0 0 753 0 752 -300 300 -300 300 0 447 0 448 -100 0 -100 0 0 -347z m355 -1003 l150 -150 -153 0 -152 0 0 150 c0 83 1 150 3 150 1 0 70 -67 152 -150z m245 -900 l0 -550 -550 0 -550 0 0 550 0 550 550 0 550 0 0 -550z"/></g></svg>
  <svg x='478' y='560'><g transform="translate(0.043463926586,14.7505211307) scale(0.00985915292844,-0.00973472242044)"><path class="sym-fill" fill="white" d="M510 1100 l0 -400 140 0 140 0 0 400 0 400 -140 0 -140 0 0 -400z"/><path class="sym-line" fill="black" d="M330 1100 l0 -400 -159 -2 -160 -3 315 -347 c174 -192 319 -348 324 -348 5 0 150 156 324 348 l315 347 -160 3 -159 2 0 400 0 400 -90 0 -90 0 0 -400 0 -400 -140 0 -140 0 0 400 0 400 -90 0 -90 0 0 -400z"/></g></svg>
  <svg x='479' y='545'><g transform="translate(0.146427179928,11.7544805477) scale(0.00967082850362,-0.00967852689504)"><path class="sym-fill" fill="white" d="M503 985 c-159 -43 -265 -159 -295 -325 -22 -116 23 -252 112 -340 88 -89 224 -134 340 -112 178 33 299 154 332 332 22 115 -23 252 -110 339 -56 56 -107 85 -189 106 -70 18 -121 18 -190 0z m175 -200 c104 -44 151 -167 103 -270 -71 -153 -291 -153 -362 0 -33 72 -19 166 34 224 52 56 151 76 225 46z"/><path class="sym-line" fill="black" d="M435 1181 c-206 -60 -366 -224 -419 -428 -21 -78 -21 -228 0 -306 54 -208 223 -377 431 -431 78 -21 228 -21 306 0 208 54 377 223 431 431 21 78 21 228 0 306 -26 103 -80 195 -158 273 -78 78 -170 132 -273 158 -82 21 -240 20 -318 -3z m276 -197 c134 -40 234 -140 273 -273 62 -211 -60 -432 -273 -495 -210 -62 -433 61 -495 273 -61 207 56 426 264 492 70 23 161 24 231 3z M509 772 c-43 -22 -59 -38 -81 -81 -36 -68 -36 -114 0 -182 22 -43 38 -59 81 -81 68 -36 114 -36 182 0 43 22 59 38 81 81 36 68 36 114 0 182 -22 43 -38 59 -81 81 -68 36 -114 36 -182 0z"/></g></svg>
  <svg x='510' y='545'><g transform="translate(0.146427179928,11.7544805477) scale(0.00967082850362,-0.00967852689504)"><path class="sym-fill" fill="white" d="M503 985 c-159 -43 -265 -159 -295 -325 -22 -116 23 -252 112 -340 88 -89 224 -134 340 -112 178 33 299 154 332 332 22 115 -23 252 -110 339 -56 56 -107 85 -189 106 -70 18 -121 18 -190 0z m175 -200 c104 -44 151 -167 103 -270 -71 -153 -291 -153 -362 0 -33 72 -19 166 34 224 52 56 151 76 225 46z"/><path class="sym-line" fill="black" d="M435 1181 c-206 -60 -366 -224 -419 -428 -21 -78 -21 -228 0 -306 54 -208 223 -377 431 -431 78 -21 228 -21 306 0 208 54 377 223 431 431 21 78 21 228 0 306 -26 103 -80 195 -158 273 -78 78 -170 132 -273 158 -82 21 -240 20 -318 -3z m276 -197 c134 -40 234 -140 273 -273 62 -211 -60 -432 -273 -495 -210 -62 -433 61 -495 273 -61 207 56 426 264 492 70 23 161 24 231 3z M509 772 c-43 -22 -59 -38 -81 -81 -36 -68 -36 -114 0 -182 22 -43 38 -59 81 -81 68 -36 114 -36 182 0 43 22 59 38 81 81 36 68 36 114 0 182 -22 43 -38 59 -81 81 -68 36 -114 36 -182 0z"/></g></svg>
  <svg x='510' y='560'><g transform="translate(0.043463926586,14.7505211307) scale(0.00985915292844,-0.00973472242044)"><path class="sym-fill" fill="white" d="M510 1100 l0 -400 140 0 140 0 0 400 0 400 -140 0 -140 0 0 -400z"/><path class="sym-line" fill="black" d="M330 1100 l0 -400 -159 -2 -160 -3 315 -347 c174 -192 319 -348 324 -348 5 0 150 156 324 348 l315 347 -160 3 -159 2 0 400 0 400 -90 0 -90 0 0 -400 0 -400 -140 0 -140 0 0 400 0 400 -90 0 -90 0 0 -400z"/></g></svg>
  <svg x='492' y='554'><g transform="translate(0.198128695057,13.7002011211) scale(0.0097007872376,-0.0096798311579)"><path class="sym-line" fill="black" d="M345 1050 l-350 -350 353 -353 352 -352 0 303 0 302 400 0 400 0 0 100 0 100 -400 0 -400 0 -2 300 -3 300 -350 -350z"/></g></svg>
  <svg x='508' y='512'><g transform="translate(0.0,30.0) scale(0.01,-0.01)"><path class="sym-fill" fill="white" d="M200 750 l0 -550 550 0 550 0 0 550 0 550 -550 0 -550 0 0 -550z"/><path class="sym-line" fill="black" d="M700 2653 l0 -348 -179 179 -179 179 -76 -69 c-42 -38 -76 -71 -76 -74 0 -3 115 -120 255 -260 l255 -255 0 -252 0 -253 -350 0 -350 0 0 -750 0 -750 750 0 750 0 0 753 0 752 -300 300 -300 300 0 447 0 448 -100 0 -100 0 0 -347z m355 -1003 l150 -150 -153 0 -152 0 0 150 c0 83 1 150 3 150 1 0 70 -67 152 -150z m245 -900 l0 -550 -550 0 -550 0 0 550 0 550 550 0 550 0 0 -550z"/></g></svg>
  <svg x='482' y='482'><g transform="translate(0.0775809815675,34.9138000627) scale(0.0099817074454,-0.00996990528801)"><path class="sym-line" fill="black" d="M1680 3483 c-452 -30 -861 -213 -1168 -522 -145 -145 -242 -281 -336 -469 -198 -398 -224 -904 -67 -1330 223 -603 767 -1036 1426 -1133 113 -17 414 -17 520 0 409 65 730 227 1016 511 269 269 426 576 490 960 17 98 17 393 0 495 -63 395 -240 733 -523 1000 -362 341 -866 522 -1358 488z m270 -163 c425 -44 803 -237 1077 -549 89 -102 149 -190 218 -324 184 -354 219 -775 98 -1162 -14 -44 -27 -83 -29 -87 -2 -3 -28 0 -57 7 -140 36 -308 26 -454 -27 -146 -53 -267 -147 -352 -273 -116 -174 -148 -373 -96 -601 7 -30 5 -32 -42 -49 -397 -140 -876 -104 -1269 95 -669 339 -1007 1072 -825 1786 142 555 605 1006 1178 1144 181 44 377 58 553 40z m1268 -2266 c12 -3 22 -10 22 -15 0 -17 -101 -172 -165 -254 -73 -94 -199 -215 -303 -292 -71 -53 -236 -153 -252 -153 -12 0 -20 36 -27 122 -22 278 180 537 469 598 45 10 216 6 256 -6z"/></g></svg>
</svg>