<svg version='1.1' xmlns='http://www.w3.org/2000/svg' width='80' height='64' viewBox='459 468 80 64'>
  <text font-size='0'>AS11502S1150aS20500S20500S22a04S22a14S20500S20500S36d00M539x532S36d00479x468S11502509x477S1150a459x477S20500480x488S20500508x488S20500480x521S20500508x521S22a04506x503S22a14479x503</text>
  <svg x='479' y='468'><g transform="translate(0.0,4.0) scale(0.01,-0.01)"><path class="sym-line" fill="black" d="M0 200 l0 -200 2100 0 2100 0 0 200 0 200 -2100 0 -2100 0 0 -200z"/></g></svg>
  <svg x='509' y='477'><g transform="translate(0.0,15.0) scale(0.01,-0.01)"><path class="sym-fill" fill="white" d="M1700 750 l0 -550 550 0 550 0 0 550 0 550 -550 0 -550 0 0 -550z"/><path class="sym-line" fill="black" d="M300 1400 l0 -100 600 0 600 0 0 -150 0 -150 -750 0 -750 0 0 -100 0 -100 750 0 750 0 0 -400 0 -400 750 0 750 0 0 750 0 750 -1350 0 -1350 0 0 -100z m2500 -650 l0 -550 -550 0 -550 0 0 550 0 550 550 0 550 0 0 -550z"/></g></svg>
  <svg x='459' y='477'><g transform="translate(0.0,15.0) scale(0.01,-0.01)"><path class="sym-fill" fill="white" d="M200 750 l0 -550 550 0 550 0 0 550 0 550 -550 0 -550 0 0 -550z"/><path class="sym-line" fill="black" d="M0 750 l0 -750 750 0 750 0 0 400 0 400 750 0 750 0 0 100 0 100 -750 0 -750 0 0 150 0 150 600 0 600 0 0 100 0 100 -1350 0 -1350 0 0 -750z m1300 0 l0 -550 -550 0 -550 0 0 550 0 550 550 0 550 0 0 -550z"/></g></svg>
  <svg x='480' y='488'><g transform="translate(-0.221878406359,10.7500002304) scale(0.0103429235226,-0.00963778430032)"><path class="sym-line" fill="black" d="M430 895 l0 -205 -37 23 c-21 13 -95 61 -165 105 l-128 82 -36 -71 c-19 -40 -32 -75 -27 -79 4 -3 74 -48 156 -99 81 -51 147 -97 147 -101 0 -4 -66 -50 -147 -101 -82 -51 -152 -96 -156 -99 -5 -4 8 -39 27 -79 l36 -71 128 82 c70 44 144 92 165 105 l37 23 0 -205 0 -205 70 0 70 0 0 205 0 205 38 -23 c20 -13 94 -61 164 -105 l128 -82 36 71 c19 40 32 75 27 79 -4 3 -74 48 -155 99 -82 51 -148 97 -148 101 0 4 66 50 148 101 81 51 151 96 155 99 5 4 -8 39 -27 79 l-36 71 -128 -82 c-70 -44 -144 -92 -164 -105 l-38 -23 0 205 0 205 -70 0 -70 0 0 -205z"/></g></svg>
  <svg x='508' y='488'><g transform="translate(-0.221878406359,10.7500002304) scale(0.0103429235226,-0.00963778430032)"><path class="sym-line" fill="black" d="M430 895 l0 -205 -37 23 c-21 13 -95 61 -165 105 l-128 82 -36 -71 c-19 -40 -32 -75 -27 -79 4 -3 74 -48 156 -99 81 -51 147 -97 147 -101 0 -4 -66 -50 -147 -101 -82 -51 -152 -96 -156 -99 -5 -4 8 -39 27 -79 l36 -71 128 82 c70 44 144 92 165 105 l37 23 0 -205 0 -205 70 0 70 0 0 205 0 205 38 -23 c20 -13 94 -61 164 -105 l128 -82 36 71 c19 40 32 75 27 79 -4 3 -74 48 -155 99 -82 51 -148 97 -148 101 0 4 66 50 148 101 81 51 151 96 155 99 5 4 -8 39 -27 79 l-36 71 -128 -82 c-70 -44 -144 -92 -164 -105 l-38 -23 0 205 0 205 -70 0 -70 0 0 -205z"/></g></svg>
  <svg x='480' y='521'><g transform="translate(-0.221878406359,10.7500002304) scale(0.0103429235226,-0.00963778430032)"><path class="sym-line" fill="black" d="M430 895 l0 -205 -37 23 c-21 13 -95 61 -165 105 l-128 82 -36 -71 c-19 -40 -32 -75 -27 -79 4 -3 74 -48 156 -99 81 -51 147 -97 147 -101 0 -4 -66 -50 -147 -101 -82 -51 -152 -96 -156 -99 -5 -4 8 -39 27 -79 l36 -71 128 82 c70 44 144 92 165 105 l37 23 0 -205 0 -205 70 0 70 0 0 205 0 205 38 -23 c20 -13 94 -61 164 -105 l128 -82 36 71 c19 40 32 75 27 79 -4 3 -74 48 -155 99 -82 51 -148 97 -148 101 0 4 66 50 148 101 81 51 151 96 155 99 5 4 -8 39 -27 79 l-36 71 -128 -82 c-70 -44 -144 -92 -164 -105 l-38 -23 0 205 0 205 -70 0 -70 0 0 -205z"/></g></svg>
  <svg x='508' y='521'><g transform="translate(-0.221878406359,10.7500002304) scale(0.0103429235226,-0.00963778430032)"><path class="sym-line" fill="black" d="M430 895 l0 -205 -37 23 c-21 13 -95 61 -165 105 l-128 82 -36 -71 c-19 -40 -32 -75 -27 -79 4 -3 74 -48 156 -99 81 -51 147 -97 147 -101 0 -4 -66 -50 -147 -101 -82 -51 -152 -96 -156 -99 -5 -4 8 -39 27 -79 l36 -71 128 82 c70 44 144 92 165 105 l37 23 0 -205 0 -205 70 0 70 0 0 205 0 205 38 -23 c20 -13 94 -61 164 -105 l128 -82 36 71 c19 40 32 75 27 79 -4 3 -74 48 -155 99 -82 51 -148 97 -148 101 0 4 66 50 148 101 81 51 151 96 155 99 5 4 -8 39 -27 79 l-36 71 -128 -82 c-70 -44 -144 -92 -164 -105 l-38 -23 0 205 0 205 -70 0 -70 0 0 -205z"/></g></svg>
  <svg x='506' y='503'><g transform="translate(0.043463926586,14.7505211307) scale(0.00985915292844,-0.00973472242044)"><path class="sym-fill" fill="white" d="M510 1100 l0 -400 140 0 140 0 0 400 0 400 -140 0 -140 0 0 -400z"/><path class="sym-line" fill="black" d="M330 1100 l0 -400 -159 -2 -160 -3 315 -347 c174 -192 319 -348 324 -348 5 0 150 156 324 348 l315 347 -160 3 -159 2 0 400 0 400 -90 0 -90 0 0 -400 0 -400 -140 0 -140 0 0 400 0 400 -90 0 -90 0 0 -400z"/></g></svg>
  <svg x='479' y='503'><g transform="translate(0.043463926586,14.7505211307) scale(0.00985915292844,-0.00973472242044)"><path class="sym-fill" fill="white" d="M510 1100 l0 -400 140 0 140 0 0 400 0 400 -140 0 -140 0 0 -400z M277 557 c144 -163 368 -407 373 -407 5 0 229 244 373 407 l39 43 -412 0 -412 0 39 -43z"/><path class="sym-line" fill="black" d="M330 1100 l0 -400 -159 -2 -160 -3 315 -347 c174 -192 319 -348 324 -348 5 0 150 156 324 348 l315 347 -160 3 -159 2 0 400 0 400 -90 0 -90 0 0 -400 0 -400 -140 0 -140 0 0 400 0 400 -90 0 -90 0 0 -400z m714 -522 c-82 -96 -388 -428 -394 -428 -6 0 -312 332 -394 428 l-19 22 413 0 413 0 -19 -22z"/></g></svg>
</svg>