<svg version='1.1' xmlns='http://www.w3.org/2000/svg' width='85' height='131' viewBox='457 434 85 131'>
  <text font-size='0'>AS11850S11557S20800S14011S14019S22a04S22a14S2fb04M542x565S11557476x456S11850491x454S20800491x434S14011511x502S14019457x503S22a04503x539S22a14477x539S2fb04488x559</text>
  <svg x='476' y='456'><g transform="translate(0.0512677233287,26.8342023236) scale(0.00987121540788,-0.009918644847)"><path class="sym-line" fill="black" d="M1411 2308 l-403 -383 72 -68 72 -69 67 64 c36 36 201 192 366 348 165 156 318 300 340 321 l40 39 -65 65 c-35 36 -69 65 -75 65 -5 0 -192 -172 -414 -382z M1945 2178 c-225 -215 -453 -430 -505 -479 l-94 -89 64 -65 c36 -36 70 -65 76 -65 6 0 237 214 514 476 l502 477 -68 68 c-38 38 -71 69 -74 68 -3 0 -189 -176 -415 -391z M443 1389 c-238 -226 -433 -414 -433 -418 0 -6 732 -706 949 -907 l60 -56 436 414 c240 227 434 418 433 424 -4 14 -987 948 -1002 951 -6 2 -206 -182 -443 -408z"/></g></svg>
  <svg x='491' y='454'><g transform="translate(0.0,27.0) scale(0.01,-0.01)"><path class="sym-line" fill="black" d="M200 2601 l0 -100 428 -3 c463 -3 456 -3 508 -60 60 -65 59 -56 62 -515 l3 -423 100 0 100 0 -3 463 -3 462 -26 55 c-49 105 -119 164 -240 201 -56 17 -98 19 -495 19 l-434 0 0 -99z M0 2200 l0 -100 343 0 c207 0 357 -4 380 -11 69 -19 72 -29 75 -326 l3 -263 100 0 100 0 -3 303 c-3 275 -5 305 -22 341 -26 53 -73 97 -132 127 l-49 24 -397 3 -398 3 0 -101z M800 650 l0 -650 750 0 750 0 0 650 0 650 -750 0 -750 0 0 -650z"/></g></svg>
  <svg x='491' y='434'><g transform="translate(0.0,10.0) scale(0.01,-0.01)"><path class="sym-line" fill="black" d="M400 800 l0 -200 -200 0 -200 0 0 -100 0 -100 200 0 200 0 0 -200 0 -200 100 0 100 0 0 200 0 200 200 0 200 0 0 100 0 100 -200 0 -200 0 0 200 0 200 -100 0 -100 0 0 -200z"/></g></svg>
  <svg x='511' y='502'><g transform="translate(0.050159582552,24.0802922101) scale(0.00998378843917,-0.0099797606209)"><path class="sym-fill" fill="white" d="M1516 1394 c-108 -115 -195 -213 -193 -218 7 -21 722 -775 734 -773 6 1 100 95 208 210 l197 208 -144 152 c-80 83 -245 258 -367 387 -122 129 -225 236 -230 238 -5 2 -97 -90 -205 -204z"/><path class="sym-line" fill="black" d="M86 2331 c-38 -38 -67 -73 -65 -79 2 -6 230 -249 507 -542 l503 -531 -149 -157 c-82 -86 -175 -185 -207 -219 l-57 -63 -298 0 -298 0 -6 -23 c-3 -12 -6 -59 -6 -104 l0 -83 201 -2 200 -3 -160 -170 c-88 -93 -161 -174 -161 -179 0 -11 120 -140 134 -143 6 -2 117 110 246 247 l235 250 470 0 470 0 204 -215 c112 -119 207 -215 211 -213 12 5 1015 1069 1015 1077 0 9 -1007 1079 -1016 1080 -4 1 -202 -206 -442 -460 -240 -253 -438 -460 -442 -460 -4 0 -231 237 -506 528 -274 290 -503 529 -507 531 -4 1 -38 -29 -76 -67z m1975 -1083 c188 -200 356 -377 372 -395 l30 -32 -86 -93 c-47 -51 -139 -149 -204 -216 l-118 -124 -295 313 c-162 172 -330 350 -373 396 l-79 82 204 216 c112 118 204 215 205 215 1 0 155 -163 344 -362z m-662 -460 l44 -48 -268 0 -267 0 47 53 c26 28 86 93 134 142 l86 90 91 -95 c49 -52 110 -116 133 -142z"/></g></svg>
  <svg x='457' y='503'><g transform="translate(-0.0985185578042,24.0997212796) scale(0.00998378843917,-0.00997970157483)"><path class="sym-fill" fill="white" d="M1109 1317 c-147 -155 -313 -330 -369 -389 l-102 -108 198 -207 c108 -115 202 -208 208 -208 13 0 736 760 736 774 0 10 -388 421 -398 421 -4 0 -127 -127 -273 -283z"/><path class="sym-line" fill="black" d="M2430 1865 l-505 -535 -29 32 c-176 194 -850 897 -857 892 -17 -10 -1014 -1067 -1014 -1075 0 -8 1003 -1072 1016 -1077 4 -2 98 94 210 212 l204 216 470 0 471 0 233 -247 c129 -137 240 -248 246 -248 7 0 42 32 78 70 l65 71 -164 174 -165 175 201 3 200 2 0 105 0 105 -304 0 -304 0 -47 53 c-26 28 -119 127 -207 219 l-159 166 503 532 c277 292 505 536 507 542 3 9 -127 148 -139 148 -3 0 -232 -241 -510 -535z m-805 -508 l167 -177 -68 -73 c-38 -40 -206 -218 -374 -396 l-305 -323 -108 113 c-60 63 -151 160 -204 217 l-96 102 44 48 c24 26 192 204 373 395 l329 348 37 -38 c20 -21 112 -118 205 -216z m529 -574 l38 -43 -267 0 -267 0 54 59 c29 32 89 96 133 143 l80 83 96 -100 c52 -55 112 -119 133 -142z"/></g></svg>
  <svg x='503' y='539'><g transform="translate(0.043463926586,14.7505211307) scale(0.00985915292844,-0.00973472242044)"><path class="sym-fill" fill="white" d="M510 1100 l0 -400 140 0 140 0 0 400 0 400 -140 0 -140 0 0 -400z"/><path class="sym-line" fill="black" d="M330 1100 l0 -400 -159 -2 -160 -3 315 -347 c174 -192 319 -348 324 -348 5 0 150 156 324 348 l315 347 -160 3 -159 2 0 400 0 400 -90 0 -90 0 0 -400 0 -400 -140 0 -140 0 0 400 0 400 -90 0 -90 0 0 -400z"/></g></svg>
  <svg x='477' y='539'><g transform="translate(0.043463926586,14.7505211307) scale(0.00985915292844,-0.00973472242044)"><path class="sym-fill" fill="white" d="M510 1100 l0 -400 140 0 140 0 0 400 0 400 -140 0 -140 0 0 -400z M277 557 c144 -163 368 -407 373 -407 5 0 229 244 373 407 l39 43 -412 0 -412 0 39 -43z"/><path class="sym-line" fill="black" d="M330 1100 l0 -400 -159 -2 -160 -3 315 -347 c174 -192 319 -348 324 -348 5 0 150 156 324 348 l315 347 -160 3 -159 2 0 400 0 400 -90 0 -90 0 0 -400 0 -400 -140 0 -140 0 0 400 0 400 -90 0 -90 0 0 -400z m714 -522 c-82 -96 -388 -428 -394 -428 -6 0 -312 332 -394 428 l-19 22 413 0 413 0 -19 -22z"/></g></svg>
  <svg x='488' y='559'><g transform="translate(0.178125321737,5.7484375) scale(0.00969593203301,-0.00933333333333)"><path class="sym-line" fill="black" d="M4 569 c22 -111 99 -242 206 -349 151 -151 320 -220 540 -220 220 0 389 69 540 220 107 107 184 238 206 349 l7 31 -61 0 -61 0 -42 -82 c-54 -104 -163 -218 -264 -274 -154 -85 -340 -108 -501 -61 -176 51 -331 177 -413 335 l-42 82 -61 0 -61 0 7 -31z"/></g></svg>
</svg>