<svg version='1.1' xmlns='http://www.w3.org/2000/svg' width='99' height='110' viewBox='482 482 99 110'>
  <text font-size='0'>AS11910S11918S26527S1dc09S1dc01S2fb04S2f700S33b00S31500M581x592S31500482x482S2fb04501x586S11910528x557S11918499x537S1dc01558x520S1dc09533x501S26527531x538S2f700502x573S33b00482x482</text>
  <svg x='482' y='482'><g transform="translate(0.149874875465,34.7500790925) scale(0.00988906872676,-0.00988956850125)"><path class="sym-line" fill="black" d="M1528 3484 c-592 -92 -1088 -447 -1348 -963 -125 -249 -180 -485 -180 -771 0 -480 183 -911 529 -1242 350 -336 780 -508 1271 -508 451 0 864 150 1193 434 326 281 517 620 591 1051 21 121 21 409 0 530 -43 252 -114 444 -237 639 -282 453 -741 750 -1284 831 -127 19 -413 18 -535 -1z m607 -173 c583 -126 1038 -523 1224 -1069 59 -173 75 -277 75 -492 0 -165 -3 -211 -22 -300 -71 -327 -228 -611 -458 -829 -186 -177 -381 -295 -614 -374 -176 -60 -282 -78 -490 -84 -247 -7 -416 19 -628 97 -549 201 -944 674 -1043 1250 -17 97 -17 383 0 480 99 576 495 1050 1043 1250 105 38 177 58 303 81 143 26 467 21 610 -10z M720 2175 l0 -75 465 0 465 0 0 75 0 75 -465 0 -465 0 0 -75z M1950 2175 l0 -75 470 0 470 0 0 75 0 75 -470 0 -470 0 0 -75z"/></g></svg>
  <svg x='501' y='586'><g transform="translate(0.178125321737,5.7484375) scale(0.00969593203301,-0.00933333333333)"><path class="sym-line" fill="black" d="M4 569 c22 -111 99 -242 206 -349 151 -151 320 -220 540 -220 220 0 389 69 540 220 107 107 184 238 206 349 l7 31 -61 0 -61 0 -42 -82 c-54 -104 -163 -218 -264 -274 -154 -85 -340 -108 -501 -61 -176 51 -331 177 -413 335 l-42 82 -61 0 -61 0 7 -31z"/></g></svg>
  <svg x='528' y='557'><g transform="translate(-0.149819886818,24.7481359523) scale(0.00994035231571,-0.00982397934865)"><path class="sym-fill" fill="white" d="M430 730 l0 -530 290 0 290 0 0 530 0 530 -290 0 -290 0 0 -530z"/><path class="sym-line" fill="black" d="M97 2432 c-37 -37 -67 -72 -67 -77 0 -6 199 -207 442 -447 l443 -437 -347 0 -348 -1 0 -735 0 -735 740 0 740 0 -1 738 -2 737 -518 515 -519 514 -70 -69 c-39 -38 -70 -74 -70 -80 0 -5 199 -207 442 -447 l443 -437 -100 0 -100 -1 -515 515 c-283 283 -517 515 -520 515 -3 0 -36 -30 -73 -68z m918 -1702 l0 -535 -295 0 -295 0 -3 538 -2 537 297 -2 298 -3 0 -535z"/></g></svg>
  <svg x='499' y='537'><g transform="translate(0.148849203686,24.7488218193) scale(0.00994035231571,-0.00982104021566)"><path class="sym-fill" fill="white" d="M690 730 l0 -530 290 0 290 0 0 530 0 530 -290 0 -290 0 0 -530z"/><path class="sym-line" fill="black" d="M517 1982 l-517 -517 0 -733 0 -732 740 0 740 0 0 735 0 735 -347 1 -348 0 443 437 c243 240 442 442 442 447 0 6 -32 42 -70 80 l-70 70 -518 -518 -517 -517 -100 1 -100 0 443 437 c243 240 442 442 442 447 0 10 -131 145 -140 145 -3 0 -238 -233 -523 -518z m761 -1249 l-3 -538 -295 0 -295 0 -3 525 c-1 289 0 531 3 538 3 9 73 12 300 12 l295 0 -2 -537z"/></g></svg>
  <svg x='558' y='520'><g transform="translate(0.079416657751,29.8505891687) scale(0.00984016133004,-0.00990598676278)"><path class="sym-fill" fill="white" d="M768 1369 l-356 -363 258 -266 c142 -146 303 -309 357 -363 l99 -98 352 360 c194 197 352 363 351 367 0 5 -159 170 -353 368 l-352 358 -356 -363z"/><path class="sym-line" fill="black" d="M76 2931 l-69 -69 484 -492 c266 -271 485 -495 487 -499 1 -4 -186 -201 -417 -436 l-420 -429 107 -110 c316 -329 868 -886 877 -886 10 0 967 974 974 992 2 5 -83 97 -189 204 l-192 194 293 301 293 300 -71 70 -70 71 -288 -296 c-159 -163 -292 -296 -295 -296 -4 0 -325 325 -715 723 -390 397 -711 723 -714 725 -4 1 -37 -29 -75 -67z m1304 -1458 c140 -142 301 -305 358 -363 l102 -106 -352 -359 c-194 -198 -358 -360 -365 -360 -6 0 -170 161 -363 358 l-351 358 38 43 c51 58 667 685 673 685 3 1 120 -115 260 -256z"/></g></svg>
  <svg x='533' y='501'><g transform="translate(0.19058054317,29.8508063341) scale(0.00983846093928,-0.00990343150012)"><path class="sym-fill" fill="white" d="M823 1372 c-194 -198 -353 -363 -353 -367 0 -4 158 -169 352 -366 l352 -360 99 98 c54 54 215 217 357 363 l258 266 -356 363 -357 363 -352 -360z"/><path class="sym-line" fill="black" d="M1436 2274 c-390 -398 -712 -724 -716 -724 -3 0 -136 133 -295 296 l-288 296 -70 -71 -71 -70 293 -300 293 -301 -192 -194 c-106 -107 -191 -199 -189 -204 7 -18 964 -992 974 -992 9 0 561 557 877 886 l107 110 -420 429 c-231 235 -418 432 -417 436 2 4 221 228 487 499 l484 492 -69 69 c-38 38 -71 69 -74 68 -3 0 -324 -326 -714 -725z m63 -866 c175 -178 334 -342 355 -365 l37 -42 -351 -358 c-193 -197 -357 -358 -363 -358 -7 0 -171 162 -365 360 l-352 359 102 106 c184 188 613 620 616 620 2 0 147 -145 321 -322z"/></g></svg>
  <svg x='531' y='538'><g transform="translate(-0.0990227783968,12.7676076804) scale(0.00988294432064,-0.00992219549537)"><path class="sym-line" fill="black" d="M295 1160 l110 -110 332 0 333 0 0 -333 0 -332 115 -115 115 -115 0 558 0 557 -557 0 -558 0 110 -110z M340 485 l-315 -315 85 -85 85 -85 317 317 318 318 -82 82 c-46 46 -85 83 -88 83 -3 0 -147 -142 -320 -315z"/></g></svg>
  <svg x='502' y='573'><g transform="translate(0.0,7.0) scale(0.01,-0.01)"><path class="sym-line" fill="black" d="M463 432 l-463 -267 0 -82 0 -83 600 0 600 0 0 100 0 100 -355 2 -355 3 355 205 355 204 0 43 0 43 -137 0 -138 -1 -462 -267z"/></g></svg>
  <svg x='482' y='482'><g transform="translate(0.149874875465,34.7500790925) scale(0.00988906872676,-0.00988956850125)"><path class="sym-line" fill="black" d="M1528 3484 c-592 -92 -1088 -447 -1348 -963 -125 -249 -180 -485 -180 -771 0 -480 183 -911 529 -1242 350 -336 780 -508 1271 -508 451 0 864 150 1193 434 326 281 517 620 591 1051 21 121 21 409 0 530 -43 252 -114 444 -237 639 -282 453 -741 750 -1284 831 -127 19 -413 18 -535 -1z m607 -173 c583 -126 1038 -523 1224 -1069 59 -173 75 -277 75 -492 0 -165 -3 -211 -22 -300 -71 -327 -228 -611 -458 -829 -186 -177 -381 -295 -614 -374 -176 -60 -282 -78 -490 -84 -247 -7 -416 19 -628 97 -549 201 -944 674 -1043 1250 -17 97 -17 383 0 480 99 576 495 1050 1043 1250 105 38 177 58 303 81 143 26 467 21 610 -10z M1020 875 l0 -75 780 0 780 0 0 75 0 75 -780 0 -780 0 0 -75z"/></g></svg>
</svg>