<svg version='1.1' xmlns='http://www.w3.org/2000/svg' width='146' height='103' viewBox='427 448 146 103'>
  <text font-size='0'>AS11820S11529S20800S20800S16d51S16d53S26606S26612S2fb04M573x551S11529475x467S11820494x471S20800485x448S20800501x448S16d51507x519S16d53474x519S26606543x522S26612427x518S2fb04490x545</text>
  <svg x='475' y='467'><g transform="translate(-0.000513648344176,24.8496157435) scale(0.00994810149705,-0.00987255923429)"><path class="sym-line" fill="black" d="M1959 2004 c-260 -275 -476 -499 -479 -499 -4 0 -118 118 -255 263 -137 144 -253 261 -257 260 -12 -5 -953 -1000 -953 -1009 0 -9 946 -1009 956 -1009 8 0 1713 1797 1718 1811 3 10 -117 139 -129 139 -4 0 -174 -178 -380 -395 -206 -217 -377 -395 -380 -395 -4 0 -46 41 -95 90 l-88 90 19 22 c10 12 225 240 478 506 l459 484 -70 70 -70 70 -474 -498z"/></g></svg>
  <svg x='494' y='471'><g transform="translate(0.0,27.0) scale(0.01,-0.01)"><path class="sym-line" fill="black" d="M200 2601 l0 -100 428 -3 c463 -3 456 -3 508 -60 60 -65 59 -56 62 -515 l3 -423 -100 0 -100 0 -3 303 c-3 275 -5 305 -22 341 -26 53 -73 97 -132 127 l-49 24 -397 3 -398 3 0 -100 0 -100 363 -3 c408 -3 406 -3 426 -75 7 -25 11 -372 11 -1030 l0 -993 750 0 750 0 0 750 0 750 -450 0 -449 0 -3 463 -3 462 -26 55 c-49 105 -119 164 -240 201 -56 17 -98 19 -495 19 l-434 0 0 -99z"/></g></svg>
  <svg x='485' y='448'><g transform="translate(0.0,10.0) scale(0.01,-0.01)"><path class="sym-line" fill="black" d="M400 800 l0 -200 -200 0 -200 0 0 -100 0 -100 200 0 200 0 0 -200 0 -200 100 0 100 0 0 200 0 200 200 0 200 0 0 100 0 100 -200 0 -200 0 0 200 0 200 -100 0 -100 0 0 -200z"/></g></svg>
  <svg x='501' y='448'><g transform="translate(0.0,10.0) scale(0.01,-0.01)"><path class="sym-line" fill="black" d="M400 800 l0 -200 -200 0 -200 0 0 -100 0 -100 200 0 200 0 0 -200 0 -200 100 0 100 0 0 200 0 200 200 0 200 0 0 100 0 100 -200 0 -200 0 0 200 0 200 -100 0 -100 0 0 -200z"/></g></svg>
  <svg x='507' y='519'><g transform="translate(0.15639896437,20.028072828) scale(0.00995523780475,-0.010042872742)"><path class="sym-line" fill="black" d="M730 1974 c-129 -27 -300 -112 -391 -193 l-42 -37 154 -151 c458 -446 1264 -1223 1269 -1222 13 2 116 130 151 188 78 129 104 235 96 386 -8 145 -41 242 -134 388 -51 81 -376 409 -491 497 -85 65 -207 123 -299 144 -87 19 -224 20 -313 0z M128 1542 c-153 -237 -170 -503 -48 -747 45 -90 133 -215 153 -215 7 0 43 31 81 69 l68 68 -35 46 c-87 115 -68 269 60 471 l56 89 -141 139 c-77 76 -144 138 -149 138 -4 0 -25 -26 -45 -58z M1355 338 c-127 -90 -257 -147 -375 -162 -60 -8 -143 8 -208 41 l-53 27 -36 -36 -36 -36 29 -26 c194 -175 496 -156 811 50 l86 55 -39 41 c-22 22 -55 52 -74 68 l-35 27 -70 -49z"/></g></svg>
  <svg x='474' y='519'><g transform="translate(0.0475793625919,19.7562852861) scale(0.0102459060224,-0.00996081674337)"><path class="sym-line" fill="black" d="M985 1964 c-243 -58 -324 -110 -577 -365 -103 -104 -210 -220 -238 -257 -200 -264 -213 -578 -36 -881 47 -80 113 -164 125 -159 4 2 290 296 636 653 345 358 652 675 682 706 l55 56 -52 49 c-85 80 -179 137 -290 176 -54 19 -256 34 -305 22z M1676 1499 l-65 -71 53 -76 c162 -232 200 -419 119 -580 l-27 -53 36 -36 36 -36 26 29 c174 194 156 496 -49 810 -30 46 -56 84 -59 84 -2 0 -34 -32 -70 -71z M537 320 c-76 -76 -137 -143 -137 -147 0 -4 26 -25 58 -45 237 -153 503 -170 747 -48 90 45 215 133 215 153 0 7 -31 43 -69 81 l-68 68 -46 -35 c-114 -87 -269 -68 -468 58 -48 30 -89 55 -91 55 -3 0 -66 -63 -141 -140z"/></g></svg>
  <svg x='543' y='522'><g transform="translate(0.150646944493,15.6976811299) scale(0.00985046527537,-0.00968799012796)"><path class="sym-line" fill="black" d="M2200 1252 l0 -352 -1100 0 -1100 0 0 -100 0 -100 1100 0 1100 0 0 -352 0 -353 402 403 403 402 -403 402 -402 403 0 -353z"/></g></svg>
  <svg x='427' y='518'><g transform="translate(0.198281300516,15.7010613696) scale(0.00985046527537,-0.00972038991848)"><path class="sym-fill" fill="white" d="M420 1075 l-275 -275 278 -278 277 -277 0 553 c0 303 -1 552 -3 552 -1 0 -126 -124 -277 -275z"/><path class="sym-line" fill="black" d="M395 1200 l-400 -400 403 -403 402 -402 0 353 0 352 1100 0 1100 0 0 100 0 100 -1100 0 -1100 0 -2 350 -3 350 -400 -400z m305 -402 l0 -553 -277 277 -278 278 275 275 c151 151 276 275 277 275 2 0 3 -249 3 -552z"/></g></svg>
  <svg x='490' y='545'><g transform="translate(0.178125321737,5.7484375) scale(0.00969593203301,-0.00933333333333)"><path class="sym-line" fill="black" d="M4 569 c22 -111 99 -242 206 -349 151 -151 320 -220 540 -220 220 0 389 69 540 220 107 107 184 238 206 349 l7 31 -61 0 -61 0 -42 -82 c-54 -104 -163 -218 -264 -274 -154 -85 -340 -108 -501 -61 -176 51 -331 177 -413 335 l-42 82 -61 0 -61 0 7 -31z"/></g></svg>
</svg>