<svg version='1.1' xmlns='http://www.w3.org/2000/svg' width='77' height='64' viewBox='464 453 77 64'>
  <text font-size='0'>AS11e20S11e28S21600S21600S21600S21600S2fb00S2ff00M541x517S2ff00482x482S11e20514x467S11e28464x466S21600523x454S21600533x454S21600474x453S21600464x453S2fb00495x462</text>
  <svg x='482' y='482'><g transform="translate(0.149874875465,34.7500790925) scale(0.00988906872676,-0.00988956850125)"><path class="sym-line" fill="black" d="M1528 3484 c-592 -92 -1088 -447 -1348 -963 -125 -249 -180 -485 -180 -771 0 -480 183 -911 529 -1242 350 -336 780 -508 1271 -508 451 0 864 150 1193 434 326 281 517 620 591 1051 21 121 21 409 0 530 -43 252 -114 444 -237 639 -282 453 -741 750 -1284 831 -127 19 -413 18 -535 -1z m607 -173 c583 -126 1038 -523 1224 -1069 59 -173 75 -277 75 -492 0 -165 -3 -211 -22 -300 -71 -327 -228 -611 -458 -829 -186 -177 -381 -295 -614 -374 -176 -60 -282 -78 -490 -84 -247 -7 -416 19 -628 97 -549 201 -944 674 -1043 1250 -17 97 -17 383 0 480 99 576 495 1050 1043 1250 105 38 177 58 303 81 143 26 467 21 610 -10z"/></g></svg>
  <svg x='514' y='467'><g transform="translate(-0.000223836172357,29.7519795905) scale(0.00989189550009,-0.00986784736349)"><path class="sym-line" fill="black" d="M800 1898 l0 -1103 -313 313 c-171 171 -317 312 -322 312 -6 0 -42 -32 -80 -70 l-70 -70 393 -393 392 -392 0 -248 0 -247 750 0 750 0 0 750 0 750 -502 0 -503 0 458 458 c251 251 457 459 457 462 0 3 -34 36 -76 74 l-76 69 -529 -529 -529 -529 0 748 0 747 -100 0 -100 0 0 -1102z"/></g></svg>
  <svg x='464' y='466'><g transform="translate(0.149852532516,29.7519795905) scale(0.00989018587419,-0.00986784736349)"><path class="sym-line" fill="black" d="M1300 2253 l0 -748 -529 529 -529 529 -76 -69 c-42 -38 -76 -71 -76 -74 0 -3 206 -211 457 -462 l458 -458 -503 0 -502 0 0 -750 0 -750 750 0 750 0 0 247 0 248 392 392 393 393 -70 70 c-38 38 -74 70 -80 70 -5 0 -151 -141 -322 -312 l-313 -313 0 1103 0 1102 -100 0 -100 0 0 -747z"/></g></svg>
  <svg x='523' y='454'><g transform="translate(0.149834234299,7.75047623956) scale(0.00950047578505,-0.00951302738823)"><path class="sym-line" fill="black" d="M280 782 c-174 -65 -280 -209 -280 -382 0 -218 182 -400 400 -400 218 0 400 182 400 400 0 173 -114 326 -284 383 -63 22 -177 21 -236 -1z"/></g></svg>
  <svg x='533' y='454'><g transform="translate(0.149834234299,7.75047623956) scale(0.00950047578505,-0.00951302738823)"><path class="sym-line" fill="black" d="M280 782 c-174 -65 -280 -209 -280 -382 0 -218 182 -400 400 -400 218 0 400 182 400 400 0 173 -114 326 -284 383 -63 22 -177 21 -236 -1z"/></g></svg>
  <svg x='474' y='453'><g transform="translate(0.149834234299,7.75047623956) scale(0.00950047578505,-0.00951302738823)"><path class="sym-line" fill="black" d="M280 782 c-174 -65 -280 -209 -280 -382 0 -218 182 -400 400 -400 218 0 400 182 400 400 0 173 -114 326 -284 383 -63 22 -177 21 -236 -1z"/></g></svg>
  <svg x='464' y='453'><g transform="translate(0.149834234299,7.75047623956) scale(0.00950047578505,-0.00951302738823)"><path class="sym-line" fill="black" d="M280 782 c-174 -65 -280 -209 -280 -382 0 -218 182 -400 400 -400 218 0 400 182 400 400 0 173 -114 326 -284 383 -63 22 -177 21 -236 -1z"/></g></svg>
  <svg x='495' y='462'><g transform="translate(0.169849905175,5.76208528494) scale(0.0097007872376,-0.00950858679199)"><path class="sym-line" fill="black" d="M552 580 c-226 -60 -429 -239 -518 -459 -13 -33 -27 -73 -30 -90 l-6 -31 60 0 61 0 42 83 c54 103 163 217 264 273 205 113 445 113 650 0 101 -56 210 -170 264 -273 l42 -83 61 0 61 0 -7 31 c-22 111 -99 242 -206 349 -99 99 -217 167 -346 200 -105 27 -289 27 -392 0z"/></g></svg>
</svg>