<svg version='1.1' xmlns='http://www.w3.org/2000/svg' width='126' height='105' viewBox='437 447 126 105'>
  <text font-size='0'>AS11820S11529S16d51S16d59S26606S26612S20800S20800S2fb04M563x552S20800490x447S20800505x447S11529477x466S11820495x467S16d51507x519S16d59474x519S2fb04491x546S26606533x521S26612437x521</text>
  <svg x='490' y='447'><g transform="translate(0.0,10.0) scale(0.01,-0.01)"><path class="sym-line" fill="black" d="M400 800 l0 -200 -200 0 -200 0 0 -100 0 -100 200 0 200 0 0 -200 0 -200 100 0 100 0 0 200 0 200 200 0 200 0 0 100 0 100 -200 0 -200 0 0 200 0 200 -100 0 -100 0 0 -200z"/></g></svg>
  <svg x='505' y='447'><g transform="translate(0.0,10.0) scale(0.01,-0.01)"><path class="sym-line" fill="black" d="M400 800 l0 -200 -200 0 -200 0 0 -100 0 -100 200 0 200 0 0 -200 0 -200 100 0 100 0 0 200 0 200 200 0 200 0 0 100 0 100 -200 0 -200 0 0 200 0 200 -100 0 -100 0 0 -200z"/></g></svg>
  <svg x='477' y='466'><g transform="translate(-0.000513648344176,24.8496157435) scale(0.00994810149705,-0.00987255923429)"><path class="sym-line" fill="black" d="M1959 2004 c-260 -275 -476 -499 -479 -499 -4 0 -118 118 -255 263 -137 144 -253 261 -257 260 -12 -5 -953 -1000 -953 -1009 0 -9 946 -1009 956 -1009 8 0 1713 1797 1718 1811 3 10 -117 139 -129 139 -4 0 -174 -178 -380 -395 -206 -217 -377 -395 -380 -395 -4 0 -46 41 -95 90 l-88 90 19 22 c10 12 225 240 478 506 l459 484 -70 70 -70 70 -474 -498z"/></g></svg>
  <svg x='495' y='467'><g transform="translate(0.0,27.0) scale(0.01,-0.01)"><path class="sym-line" fill="black" d="M200 2601 l0 -100 428 -3 c463 -3 456 -3 508 -60 60 -65 59 -56 62 -515 l3 -423 -100 0 -100 0 -3 303 c-3 275 -5 305 -22 341 -26 53 -73 97 -132 127 l-49 24 -397 3 -398 3 0 -100 0 -100 363 -3 c408 -3 406 -3 426 -75 7 -25 11 -372 11 -1030 l0 -993 750 0 750 0 0 750 0 750 -450 0 -449 0 -3 463 -3 462 -26 55 c-49 105 -119 164 -240 201 -56 17 -98 19 -495 19 l-434 0 0 -99z"/></g></svg>
  <svg x='507' y='519'><g transform="translate(0.15639896437,20.028072828) scale(0.00995523780475,-0.010042872742)"><path class="sym-line" fill="black" d="M730 1974 c-129 -27 -300 -112 -391 -193 l-42 -37 154 -151 c458 -446 1264 -1223 1269 -1222 13 2 116 130 151 188 78 129 104 235 96 386 -8 145 -41 242 -134 388 -51 81 -376 409 -491 497 -85 65 -207 123 -299 144 -87 19 -224 20 -313 0z M128 1542 c-153 -237 -170 -503 -48 -747 45 -90 133 -215 153 -215 7 0 43 31 81 69 l68 68 -35 46 c-87 115 -68 269 60 471 l56 89 -141 139 c-77 76 -144 138 -149 138 -4 0 -25 -26 -45 -58z M1355 338 c-127 -90 -257 -147 -375 -162 -60 -8 -143 8 -208 41 l-53 27 -36 -36 -36 -36 29 -26 c194 -175 496 -156 811 50 l86 55 -39 41 c-22 22 -55 52 -74 68 l-35 27 -70 -49z"/></g></svg>
  <svg x='474' y='519'><g transform="translate(-0.164169972897,20.0269480358) scale(0.0100578815229,-0.0100094972803)"><path class="sym-line" fill="black" d="M945 1971 c-91 -22 -203 -77 -287 -141 -115 -87 -440 -416 -491 -497 -93 -146 -126 -243 -134 -388 -8 -151 18 -257 96 -386 35 -58 138 -186 151 -188 5 -1 811 776 1269 1222 l154 151 -42 37 c-54 48 -180 122 -262 154 -141 56 -319 70 -454 36z M1678 1462 l-141 -139 56 -89 c128 -202 147 -356 60 -471 l-35 -46 68 -68 c38 -38 74 -69 81 -69 20 0 108 125 153 215 122 244 105 510 -48 747 -20 32 -41 58 -45 58 -5 0 -72 -62 -149 -138z M498 321 l-73 -68 87 -57 c316 -206 618 -225 812 -50 l29 26 -36 36 -36 36 -53 -27 c-161 -81 -348 -43 -580 119 l-77 54 -73 -69z"/></g></svg>
  <svg x='491' y='546'><g transform="translate(0.178125321737,5.7484375) scale(0.00969593203301,-0.00933333333333)"><path class="sym-line" fill="black" d="M4 569 c22 -111 99 -242 206 -349 151 -151 320 -220 540 -220 220 0 389 69 540 220 107 107 184 238 206 349 l7 31 -61 0 -61 0 -42 -82 c-54 -104 -163 -218 -264 -274 -154 -85 -340 -108 -501 -61 -176 51 -331 177 -413 335 l-42 82 -61 0 -61 0 7 -31z"/></g></svg>
  <svg x='533' y='521'><g transform="translate(0.150646944493,15.6976811299) scale(0.00985046527537,-0.00968799012796)"><path class="sym-line" fill="black" d="M2200 1252 l0 -352 -1100 0 -1100 0 0 -100 0 -100 1100 0 1100 0 0 -352 0 -353 402 403 403 402 -403 402 -402 403 0 -353z"/></g></svg>
  <svg x='437' y='521'><g transform="translate(0.198281300516,15.7010613696) scale(0.00985046527537,-0.00972038991848)"><path class="sym-fill" fill="white" d="M420 1075 l-275 -275 278 -278 277 -277 0 553 c0 303 -1 552 -3 552 -1 0 -126 -124 -277 -275z"/><path class="sym-line" fill="black" d="M395 1200 l-400 -400 403 -403 402 -402 0 353 0 352 1100 0 1100 0 0 100 0 100 -1100 0 -1100 0 -2 350 -3 350 -400 -400z m305 -402 l0 -553 -277 277 -278 278 275 275 c151 151 276 275 277 275 2 0 3 -249 3 -552z"/></g></svg>
</svg>