<svg version='1.1' xmlns='http://www.w3.org/2000/svg' width='145' height='100' viewBox='427 450 145 100'>
  <text font-size='0'>AS11920S22a00S10120S1f720S14020S17620S1fb20S1f720M572x550S11920470x473S22a00478x450S10120427x518S1f720447x533S14020471x519S17620509x533S1fb20533x531S1f720552x535</text>
  <svg x='470' y='473'><g transform="translate(0.0993500505466,25.7553629057) scale(0.00983413273824,-0.0099185278208)"><path class="sym-line" fill="black" d="M291 2506 l-74 -75 323 -333 c178 -183 382 -393 454 -465 l131 -133 -100 0 -100 1 -379 394 c-209 217 -385 395 -391 395 -6 0 -42 -32 -80 -70 l-70 -70 106 -108 c58 -59 201 -206 317 -326 l212 -219 0 -749 0 -748 730 0 730 0 0 750 0 750 -344 0 -344 0 -433 448 c-238 246 -474 489 -524 540 l-90 93 -74 -75z"/></g></svg>
  <svg x='478' y='450'><g transform="translate(0.043463926586,14.7505211307) scale(0.00985915292844,-0.00973472242044)"><path class="sym-fill" fill="white" d="M510 400 l0 -400 140 0 140 0 0 400 0 400 -140 0 -140 0 0 -400z"/><path class="sym-line" fill="black" d="M326 1153 l-315 -348 160 -3 159 -2 0 -400 0 -400 90 0 90 0 0 400 0 400 140 0 140 0 0 -400 0 -400 90 0 90 0 0 400 0 400 159 2 160 3 -315 348 c-174 191 -319 347 -324 347 -5 0 -150 -156 -324 -347z"/></g></svg>
  <svg x='427' y='518'><g transform="translate(0.148094496523,29.7975477761) scale(0.00978277517384,-0.00988303675869)"><path class="sym-line" fill="black" d="M2 1823 l3 -1178 23 -65 c96 -268 295 -465 557 -552 60 -20 90 -23 215 -23 125 0 155 3 215 23 265 88 469 292 557 557 20 60 23 90 23 215 0 125 -3 155 -23 215 -88 265 -292 469 -557 557 -60 20 -90 23 -215 23 -125 0 -155 -3 -215 -23 -126 -42 -246 -114 -347 -211 l-38 -35 0 837 0 837 -100 0 -100 0 2 -1177z"/></g></svg>
  <svg x='447' y='533'><g transform="translate(0.131576825216,14.7505211307) scale(0.00980873003133,-0.00973472242044)"><path class="sym-line" fill="black" d="M498 959 l-3 -542 -159 277 c-87 152 -161 276 -164 276 -2 0 -42 -21 -88 -47 -55 -31 -83 -53 -82 -63 2 -9 113 -206 247 -438 l244 -422 753 0 754 0 0 750 0 750 -750 0 -750 0 -2 -541z"/></g></svg>
  <svg x='471' y='519'><g transform="translate(0.0,30.0) scale(0.01,-0.01)"><path class="sym-line" fill="black" d="M1400 2250 l0 -750 -302 0 -303 0 -227 227 -228 228 -75 -75 -75 -75 152 -152 153 -153 -248 0 -247 0 0 -100 0 -100 348 0 347 0 353 -353 352 -352 0 -298 0 -297 750 0 750 0 0 750 0 750 -650 0 -650 0 0 750 0 750 -100 0 -100 0 0 -750z m0 -1150 c0 -110 -1 -200 -3 -200 -1 0 -92 90 -202 200 l-200 200 203 0 202 0 0 -200z"/></g></svg>
  <svg x='509' y='533'><g transform="translate(0.0996925829584,15.7992338797) scale(0.00981117768656,-0.00980419842474)"><path class="sym-line" fill="black" d="M670 1594 c-235 -45 -460 -214 -578 -434 -73 -135 -87 -195 -87 -360 0 -125 3 -155 23 -215 88 -265 292 -469 557 -557 60 -20 90 -23 215 -23 125 0 155 3 215 23 265 88 469 292 557 557 20 60 23 90 23 215 0 125 -3 155 -23 215 -71 214 -218 389 -413 494 -125 67 -187 83 -334 86 -71 2 -141 1 -155 -1z"/></g></svg>
  <svg x='533' y='531'><g transform="translate(0.0,19.0) scale(0.01,-0.01)"><path class="sym-line" fill="black" d="M300 1700 l0 -200 -150 0 -150 0 0 -750 0 -750 750 0 750 0 0 750 0 750 -400 0 -400 0 0 200 0 200 -200 0 -200 0 0 -200z"/></g></svg>
  <svg x='552' y='535'><g transform="translate(0.131576825216,14.7505211307) scale(0.00980873003133,-0.00973472242044)"><path class="sym-line" fill="black" d="M498 959 l-3 -542 -159 277 c-87 152 -161 276 -164 276 -2 0 -42 -21 -88 -47 -55 -31 -83 -53 -82 -63 2 -9 113 -206 247 -438 l244 -422 753 0 754 0 0 750 0 750 -750 0 -750 0 -2 -541z"/></g></svg>
</svg>