<svg version='1.1' xmlns='http://www.w3.org/2000/svg' width='90' height='93' viewBox='455 453 90 93'>
  <text font-size='0'>AS11502S14a20S10020S24506S14a20S14020S19220S1f720S11502M545x546S11502455x475S14a20487x475S10020508x460S14a20487x492S24506514x453S19220495x505S1f720470x530S11502493x531S14020462x493</text>
  <svg x='455' y='475'><g transform="translate(0.0,15.0) scale(0.01,-0.01)"><path class="sym-fill" fill="white" d="M1700 750 l0 -550 550 0 550 0 0 550 0 550 -550 0 -550 0 0 -550z"/><path class="sym-line" fill="black" d="M300 1400 l0 -100 600 0 600 0 0 -150 0 -150 -750 0 -750 0 0 -100 0 -100 750 0 750 0 0 -400 0 -400 750 0 750 0 0 750 0 750 -1350 0 -1350 0 0 -100z m2500 -650 l0 -550 -550 0 -550 0 0 550 0 550 550 0 550 0 0 -550z"/></g></svg>
  <svg x='487' y='475'><g transform="translate(-0.149900597859,14.7505211307) scale(0.00993234377835,-0.00973472242044)"><path class="sym-fill" fill="white" d="M20 750 l0 -150 445 0 445 0 0 150 0 150 -445 0 -445 0 0 -150z"/><path class="sym-line" fill="black" d="M30 1200 l0 -300 440 0 440 0 0 -150 0 -150 -440 0 -440 0 0 -300 0 -300 735 0 735 0 0 750 0 750 -735 0 -735 0 0 -300z"/></g></svg>
  <svg x='508' y='460'><g transform="translate(0.0,30.0) scale(0.01,-0.01)"><path class="sym-line" fill="black" d="M0 1500 l0 -1500 750 0 750 0 0 750 0 750 -650 0 -650 0 0 750 0 750 -100 0 -100 0 0 -1500z"/></g></svg>
  <svg x='487' y='492'><g transform="translate(-0.149900597859,14.7505211307) scale(0.00993234377835,-0.00973472242044)"><path class="sym-fill" fill="white" d="M20 750 l0 -150 445 0 445 0 0 150 0 150 -445 0 -445 0 0 -150z"/><path class="sym-line" fill="black" d="M30 1200 l0 -300 440 0 440 0 0 -150 0 -150 -440 0 -440 0 0 -300 0 -300 735 0 735 0 0 750 0 750 -735 0 -735 0 0 -300z"/></g></svg>
  <svg x='514' y='453'><g transform="translate(0.150551242471,17.7543885282) scale(0.00985525037646,-0.00982092364569)"><path class="sym-fill" fill="white" d="M490 1247 c0 -1 178 -173 395 -382 l395 -380 -640 -3 -640 -2 0 -145 0 -145 1003 0 1002 1 -265 257 c-146 141 -323 314 -395 384 l-130 128 593 0 592 0 0 145 0 145 -955 0 c-525 0 -955 -1 -955 -3z"/><path class="sym-line" fill="black" d="M2400 1621 l0 -171 -1201 0 c-708 0 -1199 -4 -1197 -9 2 -5 178 -177 391 -383 l389 -373 -391 -3 -391 -2 0 -95 0 -95 635 0 634 0 -394 381 c-217 210 -395 383 -395 385 0 2 432 4 960 4 l960 0 0 -150 0 -150 -591 -2 -591 -3 389 -373 c213 -206 390 -378 391 -383 2 -5 -408 -9 -997 -9 l-1001 0 0 -95 0 -95 1248 0 1247 0 -145 143 c-80 79 -257 252 -395 385 l-250 241 348 1 347 0 0 -171 0 -171 148 140 c81 77 239 231 352 341 l205 201 -155 151 c-85 83 -244 237 -352 341 l-198 190 0 -171z"/></g></svg>
  <svg x='495' y='505'><g transform="translate(0.151301014747,18.749322358) scale(0.00981776176264,-0.00979417818707)"><path class="sym-line" fill="black" d="M1560 1665 l-245 -235 -657 0 -658 0 0 -715 0 -715 750 0 750 0 0 528 0 527 300 284 c166 157 299 290 298 296 -4 16 -270 265 -283 264 -5 0 -120 -105 -255 -234z"/></g></svg>
  <svg x='470' y='530'><g transform="translate(0.131576825216,14.7505211307) scale(0.00980873003133,-0.00973472242044)"><path class="sym-line" fill="black" d="M498 959 l-3 -542 -159 277 c-87 152 -161 276 -164 276 -2 0 -42 -21 -88 -47 -55 -31 -83 -53 -82 -63 2 -9 113 -206 247 -438 l244 -422 753 0 754 0 0 750 0 750 -750 0 -750 0 -2 -541z"/></g></svg>
  <svg x='493' y='531'><g transform="translate(0.0,15.0) scale(0.01,-0.01)"><path class="sym-fill" fill="white" d="M1700 750 l0 -550 550 0 550 0 0 550 0 550 -550 0 -550 0 0 -550z"/><path class="sym-line" fill="black" d="M300 1400 l0 -100 600 0 600 0 0 -150 0 -150 -750 0 -750 0 0 -100 0 -100 750 0 750 0 0 -400 0 -400 750 0 750 0 0 750 0 750 -1350 0 -1350 0 0 -100z m2500 -650 l0 -550 -550 0 -550 0 0 550 0 550 550 0 550 0 0 -550z"/></g></svg>
  <svg x='462' y='493'><g transform="translate(0.0,30.0) scale(0.01,-0.01)"><path class="sym-line" fill="black" d="M1400 2250 l0 -750 -302 0 -303 0 -227 227 -228 228 -75 -75 -75 -75 152 -152 153 -153 -248 0 -247 0 0 -100 0 -100 348 0 347 0 353 -353 352 -352 0 -298 0 -297 750 0 750 0 0 750 0 750 -650 0 -650 0 0 750 0 750 -100 0 -100 0 0 -750z m0 -1150 c0 -110 -1 -200 -3 -200 -1 0 -92 90 -202 200 l-200 200 203 0 202 0 0 -200z"/></g></svg>
</svg>