<svg version='1.1' xmlns='http://www.w3.org/2000/svg' width='106' height='124' viewBox='447 438 106 124'>
  <text font-size='0'>AS11502S37606S20e00S2330aS18000S18008S36d00S2a201S2a219M553x562S37606491x438S2330a463x456S20e00467x441S11502495x445S36d00479x526S18000523x519S18008447x519S2a219453x539S2a201524x537</text>
  <svg x='491' y='438'><g transform="translate(0.0,68.0) scale(0.01,-0.01)"><path class="sym-fill" fill="white" d="M200 4872 l0 -1927 1400 -1400 1400 -1400 0 75 0 75 -1350 1350 -1350 1350 0 1902 0 1903 -50 0 -50 0 0 -1928z M0 2780 l0 -75 1353 -1353 1353 -1353 72 3 72 3 -1425 1425 -1425 1425 0 -75z"/><path class="sym-line" fill="black" d="M0 4832 l0 -1967 1433 -1433 1432 -1432 68 68 67 67 -1400 1400 -1400 1400 0 1932 0 1933 -100 0 -100 0 0 -1968z"/></g></svg>
  <svg x='463' y='456'><g transform="translate(0.151132653564,29.702611239) scale(0.0098261798218,-0.00985139124633)"><path class="sym-fill" fill="white" d="M800 2600 l0 -400 150 0 150 0 0 400 0 400 -150 0 -150 0 0 -400z M0 1850 l0 -150 950 0 950 0 0 150 0 150 -950 0 -950 0 0 -150z M800 1100 l0 -400 150 0 150 0 0 400 0 400 -150 0 -150 0 0 -400z"/><path class="sym-line" fill="black" d="M600 2600 l0 -400 -300 0 -300 0 0 -100 0 -100 950 0 950 0 0 -150 0 -150 -950 0 -950 0 0 -100 0 -100 300 0 300 0 0 -400 0 -400 -177 0 -178 0 353 -352 352 -353 352 353 353 352 -178 0 -177 0 0 400 0 400 300 0 300 0 0 -177 0 -178 352 353 353 352 -353 352 -352 353 0 -178 0 -177 -300 0 -300 0 0 400 0 400 -100 0 -100 0 0 -400 0 -400 -150 0 -150 0 0 400 0 400 -100 0 -100 0 0 -400z m500 -1500 l0 -400 -150 0 -150 0 0 400 0 400 150 0 150 0 0 -400z"/></g></svg>
  <svg x='467' y='441'><g transform="translate(0.146427179928,11.7544805477) scale(0.00967082850362,-0.00967852689504)"><path class="sym-fill" fill="white" d="M503 985 c-159 -43 -265 -159 -295 -325 -22 -116 23 -252 112 -340 88 -89 224 -134 340 -112 178 33 299 154 332 332 22 115 -23 252 -110 339 -56 56 -107 85 -189 106 -70 18 -121 18 -190 0z m175 -200 c104 -44 151 -167 103 -270 -71 -153 -291 -153 -362 0 -33 72 -19 166 34 224 52 56 151 76 225 46z"/><path class="sym-line" fill="black" d="M435 1181 c-206 -60 -366 -224 -419 -428 -21 -78 -21 -228 0 -306 54 -208 223 -377 431 -431 78 -21 228 -21 306 0 208 54 377 223 431 431 21 78 21 228 0 306 -26 103 -80 195 -158 273 -78 78 -170 132 -273 158 -82 21 -240 20 -318 -3z m276 -197 c134 -40 234 -140 273 -273 62 -211 -60 -432 -273 -495 -210 -62 -433 61 -495 273 -61 207 56 426 264 492 70 23 161 24 231 3z M509 772 c-43 -22 -59 -38 -81 -81 -36 -68 -36 -114 0 -182 22 -43 38 -59 81 -81 68 -36 114 -36 182 0 43 22 59 38 81 81 36 68 36 114 0 182 -22 43 -38 59 -81 81 -68 36 -114 36 -182 0z"/></g></svg>
  <svg x='495' y='445'><g transform="translate(0.0,15.0) scale(0.01,-0.01)"><path class="sym-fill" fill="white" d="M1700 750 l0 -550 550 0 550 0 0 550 0 550 -550 0 -550 0 0 -550z"/><path class="sym-line" fill="black" d="M300 1400 l0 -100 600 0 600 0 0 -150 0 -150 -750 0 -750 0 0 -100 0 -100 750 0 750 0 0 -400 0 -400 750 0 750 0 0 750 0 750 -1350 0 -1350 0 0 -100z m2500 -650 l0 -550 -550 0 -550 0 0 550 0 550 550 0 550 0 0 -550z"/></g></svg>
  <svg x='479' y='526'><g transform="translate(0.0,4.0) scale(0.01,-0.01)"><path class="sym-line" fill="black" d="M0 200 l0 -200 2100 0 2100 0 0 200 0 200 -2100 0 -2100 0 0 -200z"/></g></svg>
  <svg x='523' y='519'><g transform="translate(0.148330459753,14.7505211307) scale(0.00996628951236,-0.00973472242044)"><path class="sym-fill" fill="white" d="M1620 750 l0 -650 300 0 300 0 0 650 0 650 -300 0 -300 0 0 -650z"/><path class="sym-line" fill="black" d="M0 1300 l0 -200 755 0 755 0 0 -550 0 -550 410 0 410 0 0 149 0 149 320 315 c176 174 320 319 320 324 0 12 -133 143 -145 143 -5 0 -119 -109 -252 -242 l-243 -243 0 453 0 452 -1165 0 -1165 0 0 -200z m2230 -550 l0 -650 -305 0 -305 0 0 650 0 650 305 0 305 0 0 -650z"/></g></svg>
  <svg x='447' y='519'><g transform="translate(-0.149558488508,14.7505211307) scale(0.00996628951236,-0.00973472242044)"><path class="sym-fill" fill="white" d="M780 750 l0 -650 300 0 300 0 0 650 0 650 -300 0 -300 0 0 -650z"/><path class="sym-line" fill="black" d="M670 1048 l0 -453 -243 243 c-133 133 -247 242 -252 242 -13 0 -145 -132 -145 -145 0 -6 144 -151 320 -323 l320 -314 0 -149 0 -149 410 0 410 0 0 550 0 550 755 0 755 0 0 200 0 200 -1165 0 -1165 0 0 -452z m710 -298 l0 -650 -305 0 -305 0 0 650 0 650 305 0 305 0 0 -650z"/></g></svg>
  <svg x='453' y='539'><g transform="translate(0.151671329332,22.7022782026) scale(0.00979924603339,-0.00980601769678)"><path class="sym-fill" fill="white" d="M0 1551 l0 -151 303 0 c270 0 312 -2 381 -20 101 -25 176 -69 252 -144 115 -116 164 -245 164 -433 l0 -103 152 0 151 0 -6 138 c-4 87 -14 166 -27 217 -78 303 -307 533 -615 616 -73 20 -111 22 -417 27 l-338 4 0 -151z M1023 373 l227 -228 227 228 228 227 -455 0 -455 0 228 -227z"/><path class="sym-line" fill="black" d="M1549 1934 l-366 -366 -64 49 c-110 83 -268 151 -400 172 -35 6 -211 11 -391 11 l-328 0 0 -50 0 -50 308 0 c325 0 392 -6 512 -46 127 -43 214 -98 325 -209 182 -182 255 -364 255 -637 l0 -108 -150 0 -150 0 0 93 c-1 251 -110 447 -303 542 -117 57 -173 65 -504 65 l-293 0 0 -49 0 -49 313 -5 c328 -5 350 -8 445 -56 22 -11 44 -26 48 -32 4 -7 -156 -174 -400 -418 -223 -223 -406 -411 -406 -417 0 -12 62 -74 75 -74 6 0 193 183 416 406 244 244 411 404 418 400 15 -10 50 -79 67 -135 8 -25 17 -97 20 -158 l7 -113 -229 0 -229 0 353 -352 352 -353 352 353 353 352 -228 0 -227 0 0 128 c0 141 -11 226 -41 316 -31 93 -88 204 -142 275 l-49 64 366 366 c201 201 366 371 366 377 0 13 -62 74 -75 74 -6 0 -175 -165 -376 -366z m-72 -1561 l-227 -228 -227 228 -228 227 455 0 455 0 -228 -227z"/></g></svg>
  <svg x='524' y='537'><g transform="translate(0.151671329332,22.7022782026) scale(0.00979924603339,-0.00980601769678)"><path class="sym-fill" fill="white" d="M1341 1689 c-283 -36 -532 -219 -656 -480 -52 -111 -75 -213 -82 -371 l-6 -138 151 0 152 0 0 103 c0 188 49 317 164 433 76 75 151 119 252 144 69 18 111 20 381 20 l303 0 0 150 0 150 -297 -1 c-164 -1 -327 -5 -362 -10z"/><path class="sym-line" fill="black" d="M32 2267 c-18 -18 -32 -37 -32 -42 0 -6 165 -175 366 -376 l366 -366 -49 -64 c-54 -71 -111 -182 -142 -275 -30 -90 -41 -175 -41 -316 l0 -128 -227 0 -228 0 353 -352 352 -353 352 353 353 352 -229 0 -229 0 7 113 c3 61 12 133 20 158 17 56 52 125 67 135 7 4 174 -156 418 -400 223 -223 411 -406 417 -406 12 0 74 62 74 75 0 6 -183 193 -406 416 -244 244 -404 411 -400 418 4 6 26 21 48 32 95 48 117 51 446 56 l312 5 0 49 0 49 -292 0 c-332 0 -388 -8 -505 -65 -193 -95 -302 -291 -303 -542 l0 -93 -150 0 -150 0 0 108 c0 273 73 455 255 637 111 111 198 166 325 209 120 40 187 46 513 46 l307 0 0 50 0 50 -327 0 c-181 0 -357 -5 -392 -11 -132 -21 -290 -89 -400 -172 l-64 -49 -366 366 c-201 201 -371 366 -377 366 -5 0 -24 -15 -42 -33z"/></g></svg>
</svg>