<svg version='1.1' xmlns='http://www.w3.org/2000/svg' width='79' height='68' viewBox='460 449 79 68'>
  <text font-size='0'>AS11e20S11e28S21800S21800S2fb00S2fb05S2fb03S2ff00M539x517S2ff00482x482S2fb05485x484S2fb03503x485S11e20515x462S21800521x449S11e28463x464S21800460x449S2fb00492x465</text>
  <svg x='482' y='482'><g transform="translate(0.149874875465,34.7500790925) scale(0.00988906872676,-0.00988956850125)"><path class="sym-line" fill="black" d="M1528 3484 c-592 -92 -1088 -447 -1348 -963 -125 -249 -180 -485 -180 -771 0 -480 183 -911 529 -1242 350 -336 780 -508 1271 -508 451 0 864 150 1193 434 326 281 517 620 591 1051 21 121 21 409 0 530 -43 252 -114 444 -237 639 -282 453 -741 750 -1284 831 -127 19 -413 18 -535 -1z m607 -173 c583 -126 1038 -523 1224 -1069 59 -173 75 -277 75 -492 0 -165 -3 -211 -22 -300 -71 -327 -228 -611 -458 -829 -186 -177 -381 -295 -614 -374 -176 -60 -282 -78 -490 -84 -247 -7 -416 19 -628 97 -549 201 -944 674 -1043 1250 -17 97 -17 383 0 480 99 576 495 1050 1043 1250 105 38 177 58 303 81 143 26 467 21 610 -10z"/></g></svg>
  <svg x='485' y='484'><g transform="translate(0.052162597991,11.85902777) scale(0.00978030750568,-0.00975882522503)"><path class="sym-line" fill="black" d="M1031 1156 l-43 -44 28 -78 c33 -96 44 -250 23 -347 -45 -216 -187 -390 -391 -480 -153 -68 -355 -70 -507 -5 l-44 19 -44 -43 c-24 -23 -43 -45 -43 -49 0 -8 113 -63 170 -82 127 -42 327 -48 455 -13 257 71 461 277 537 542 32 111 32 295 0 407 -18 64 -85 217 -95 217 -2 0 -22 -20 -46 -44z"/></g></svg>
  <svg x='503' y='485'><g transform="translate(0.0365599625462,11.8157312516) scale(0.00973615546612,-0.00979931310654)"><path class="sym-line" fill="black" d="M92 1128 c-66 -137 -86 -236 -79 -390 6 -128 23 -202 72 -303 94 -196 273 -344 491 -407 64 -18 103 -23 204 -22 144 0 234 20 352 80 l71 36 -45 45 -45 45 -79 -28 c-96 -33 -250 -44 -347 -23 -216 45 -390 187 -480 391 -68 153 -70 355 -5 507 l19 44 -43 44 c-23 24 -45 43 -49 43 -3 0 -20 -28 -37 -62z"/></g></svg>
  <svg x='515' y='462'><g transform="translate(-0.000223836172357,29.7519795905) scale(0.00989189550009,-0.00986784736349)"><path class="sym-line" fill="black" d="M800 1898 l0 -1103 -313 313 c-171 171 -317 312 -322 312 -6 0 -42 -32 -80 -70 l-70 -70 393 -393 392 -392 0 -248 0 -247 750 0 750 0 0 750 0 750 -502 0 -503 0 458 458 c251 251 457 459 457 462 0 3 -34 36 -76 74 l-76 69 -529 -529 -529 -529 0 748 0 747 -100 0 -100 0 0 -1102z"/></g></svg>
  <svg x='521' y='449'><g transform="translate(0.14408817461,7.7569354617) scale(0.00978355125495,-0.00959794917003)"><path class="sym-line" fill="black" d="M275 784 c-126 -44 -218 -136 -258 -258 -22 -64 -22 -188 0 -252 56 -169 203 -274 383 -274 180 0 327 105 383 274 22 64 22 188 0 252 -41 122 -134 216 -257 257 -61 21 -195 21 -251 1z M1275 784 c-90 -32 -160 -84 -208 -157 -48 -73 -67 -137 -67 -227 0 -230 170 -400 400 -400 180 0 327 105 383 274 22 64 22 188 0 252 -41 122 -134 216 -257 257 -61 21 -195 21 -251 1z"/></g></svg>
  <svg x='463' y='464'><g transform="translate(0.149852532516,29.7519795905) scale(0.00989018587419,-0.00986784736349)"><path class="sym-line" fill="black" d="M1300 2253 l0 -748 -529 529 -529 529 -76 -69 c-42 -38 -76 -71 -76 -74 0 -3 206 -211 457 -462 l458 -458 -503 0 -502 0 0 -750 0 -750 750 0 750 0 0 247 0 248 392 392 393 393 -70 70 c-38 38 -74 70 -80 70 -5 0 -151 -141 -322 -312 l-313 -313 0 1103 0 1102 -100 0 -100 0 0 -747z"/></g></svg>
  <svg x='460' y='449'><g transform="translate(0.14408817461,7.7569354617) scale(0.00978355125495,-0.00959794917003)"><path class="sym-line" fill="black" d="M275 784 c-126 -44 -218 -136 -258 -258 -22 -64 -22 -188 0 -252 56 -169 203 -274 383 -274 180 0 327 105 383 274 22 64 22 188 0 252 -41 122 -134 216 -257 257 -61 21 -195 21 -251 1z M1275 784 c-90 -32 -160 -84 -208 -157 -48 -73 -67 -137 -67 -227 0 -230 170 -400 400 -400 180 0 327 105 383 274 22 64 22 188 0 252 -41 122 -134 216 -257 257 -61 21 -195 21 -251 1z"/></g></svg>
  <svg x='492' y='465'><g transform="translate(0.169849905175,5.76208528494) scale(0.0097007872376,-0.00950858679199)"><path class="sym-line" fill="black" d="M552 580 c-226 -60 -429 -239 -518 -459 -13 -33 -27 -73 -30 -90 l-6 -31 60 0 61 0 42 83 c54 103 163 217 264 273 205 113 445 113 650 0 101 -56 210 -170 264 -273 l42 -83 61 0 61 0 -7 31 c-22 111 -99 242 -206 349 -99 99 -217 167 -346 200 -105 27 -289 27 -392 0z"/></g></svg>
</svg>