<svg version='1.1' xmlns='http://www.w3.org/2000/svg' width='154' height='66' viewBox='423 467 154 66'>
  <text font-size='0'>AS11010S11018S26726S2df06S2df1eS2fb00S2df06S2df1eS2fb00S2df06S2df1eS2fb00M577x533S11010455x506S11018424x506S26726496x510S2fb00547x467S2fb00495x468S2fb00440x468S2df06450x477S2df06557x477S2df06504x478S2df1e423x476S2df1e477x477S2df1e530x477</text>
  <svg x='455' y='506'><g transform="translate(0.0,27.0) scale(0.01,-0.01)"><path class="sym-fill" fill="white" d="M200 750 l0 -550 300 0 300 0 0 550 0 550 -300 0 -300 0 0 -550z"/><path class="sym-line" fill="black" d="M100 2400 l0 -300 100 0 100 0 0 200 0 200 100 0 100 0 0 -500 0 -500 -250 0 -250 0 0 -750 0 -750 750 0 750 0 0 1250 0 1250 -300 0 -300 0 0 -300 0 -300 100 0 100 0 0 200 0 200 100 0 100 0 0 -400 0 -400 -300 0 -300 0 0 600 0 600 -300 0 -300 0 0 -300z m700 -1650 l0 -550 -300 0 -300 0 0 550 0 550 300 0 300 0 0 -550z"/></g></svg>
  <svg x='424' y='506'><g transform="translate(0.0,27.0) scale(0.01,-0.01)"><path class="sym-fill" fill="white" d="M700 750 l0 -550 300 0 300 0 0 550 0 550 -300 0 -300 0 0 -550z"/><path class="sym-line" fill="black" d="M800 2100 l0 -600 -300 0 -300 0 0 400 0 400 100 0 100 0 0 -200 0 -200 100 0 100 0 0 300 0 300 -300 0 -300 0 0 -1250 0 -1250 750 0 750 0 0 750 0 750 -250 0 -250 0 0 500 0 500 100 0 100 0 0 -200 0 -200 100 0 100 0 0 300 0 300 -300 0 -300 0 0 -600z m500 -1350 l0 -550 -300 0 -300 0 0 550 0 550 300 0 300 0 0 -550z"/></g></svg>
  <svg x='496' y='510'><g transform="translate(0.149797517876,15.6976811299) scale(0.00989293660622,-0.00968799012796)"><path class="sym-line" fill="black" d="M3400 1460 l0 -144 258 -252 257 -252 -257 -259 -258 -258 0 -150 0 -150 402 403 403 402 -403 402 -402 403 0 -145z M0 800 l0 -100 1700 0 1700 0 0 100 0 100 -1700 0 -1700 0 0 -100z"/></g></svg>
  <svg x='547' y='467'><g transform="translate(0.169849905175,5.76208528494) scale(0.0097007872376,-0.00950858679199)"><path class="sym-line" fill="black" d="M552 580 c-226 -60 -429 -239 -518 -459 -13 -33 -27 -73 -30 -90 l-6 -31 60 0 61 0 42 83 c54 103 163 217 264 273 205 113 445 113 650 0 101 -56 210 -170 264 -273 l42 -83 61 0 61 0 -7 31 c-22 111 -99 242 -206 349 -99 99 -217 167 -346 200 -105 27 -289 27 -392 0z"/></g></svg>
  <svg x='495' y='468'><g transform="translate(0.169849905175,5.76208528494) scale(0.0097007872376,-0.00950858679199)"><path class="sym-line" fill="black" d="M552 580 c-226 -60 -429 -239 -518 -459 -13 -33 -27 -73 -30 -90 l-6 -31 60 0 61 0 42 83 c54 103 163 217 264 273 205 113 445 113 650 0 101 -56 210 -170 264 -273 l42 -83 61 0 61 0 -7 31 c-22 111 -99 242 -206 349 -99 99 -217 167 -346 200 -105 27 -289 27 -392 0z"/></g></svg>
  <svg x='440' y='468'><g transform="translate(0.169849905175,5.76208528494) scale(0.0097007872376,-0.00950858679199)"><path class="sym-line" fill="black" d="M552 580 c-226 -60 -429 -239 -518 -459 -13 -33 -27 -73 -30 -90 l-6 -31 60 0 61 0 42 83 c54 103 163 217 264 273 205 113 445 113 650 0 101 -56 210 -170 264 -273 l42 -83 61 0 61 0 -7 31 c-22 111 -99 242 -206 349 -99 99 -217 167 -346 200 -105 27 -289 27 -392 0z"/></g></svg>
  <svg x='450' y='477'><g transform="translate(-0.304173723996,23.7506512493) scale(0.0100519634259,-0.00983425572888)"><path class="sym-fill" fill="white" d="M1000 1650 l0 -750 150 0 150 0 0 750 0 750 -150 0 -150 0 0 -750z M1000 300 l0 -300 150 0 150 0 0 300 0 300 -150 0 -150 0 0 -300z"/><path class="sym-line" fill="black" d="M900 2100 l0 -300 -150 0 -150 0 0 252 0 253 -277 -278 -278 -277 278 -277 277 -278 0 253 0 252 150 0 150 0 0 -400 0 -400 -300 0 -300 0 0 -150 0 -150 300 0 300 0 0 -300 0 -300 50 0 50 0 0 300 0 300 150 0 150 0 0 -300 0 -300 50 0 50 0 0 299 0 299 113 4 c84 4 126 10 169 27 124 48 239 163 290 289 22 54 23 70 23 282 0 212 -1 228 -23 282 -51 126 -166 241 -290 289 -43 17 -85 23 -169 27 l-113 4 0 299 0 299 -50 0 -50 0 0 -750 0 -750 -150 0 -150 0 0 750 0 750 -50 0 -50 0 0 -300z m691 -422 c54 -18 116 -65 147 -111 49 -71 57 -109 57 -267 0 -158 -8 -196 -57 -267 -31 -46 -93 -93 -147 -111 -18 -7 -69 -15 -112 -18 l-79 -7 0 403 0 403 79 -7 c43 -3 94 -11 112 -18z"/></g></svg>
  <svg x='557' y='477'><g transform="translate(-0.304173723996,23.7506512493) scale(0.0100519634259,-0.00983425572888)"><path class="sym-fill" fill="white" d="M1000 1650 l0 -750 150 0 150 0 0 750 0 750 -150 0 -150 0 0 -750z M1000 300 l0 -300 150 0 150 0 0 300 0 300 -150 0 -150 0 0 -300z"/><path class="sym-line" fill="black" d="M900 2100 l0 -300 -150 0 -150 0 0 252 0 253 -277 -278 -278 -277 278 -277 277 -278 0 253 0 252 150 0 150 0 0 -400 0 -400 -300 0 -300 0 0 -150 0 -150 300 0 300 0 0 -300 0 -300 50 0 50 0 0 300 0 300 150 0 150 0 0 -300 0 -300 50 0 50 0 0 299 0 299 113 4 c84 4 126 10 169 27 124 48 239 163 290 289 22 54 23 70 23 282 0 212 -1 228 -23 282 -51 126 -166 241 -290 289 -43 17 -85 23 -169 27 l-113 4 0 299 0 299 -50 0 -50 0 0 -750 0 -750 -150 0 -150 0 0 750 0 750 -50 0 -50 0 0 -300z m691 -422 c54 -18 116 -65 147 -111 49 -71 57 -109 57 -267 0 -158 -8 -196 -57 -267 -31 -46 -93 -93 -147 -111 -18 -7 -69 -15 -112 -18 l-79 -7 0 403 0 403 79 -7 c43 -3 94 -11 112 -18z"/></g></svg>
  <svg x='504' y='478'><g transform="translate(-0.304173723996,23.7506512493) scale(0.0100519634259,-0.00983425572888)"><path class="sym-fill" fill="white" d="M1000 1650 l0 -750 150 0 150 0 0 750 0 750 -150 0 -150 0 0 -750z M1000 300 l0 -300 150 0 150 0 0 300 0 300 -150 0 -150 0 0 -300z"/><path class="sym-line" fill="black" d="M900 2100 l0 -300 -150 0 -150 0 0 252 0 253 -277 -278 -278 -277 278 -277 277 -278 0 253 0 252 150 0 150 0 0 -400 0 -400 -300 0 -300 0 0 -150 0 -150 300 0 300 0 0 -300 0 -300 50 0 50 0 0 300 0 300 150 0 150 0 0 -300 0 -300 50 0 50 0 0 299 0 299 113 4 c84 4 126 10 169 27 124 48 239 163 290 289 22 54 23 70 23 282 0 212 -1 228 -23 282 -51 126 -166 241 -290 289 -43 17 -85 23 -169 27 l-113 4 0 299 0 299 -50 0 -50 0 0 -750 0 -750 -150 0 -150 0 0 750 0 750 -50 0 -50 0 0 -300z m691 -422 c54 -18 116 -65 147 -111 49 -71 57 -109 57 -267 0 -158 -8 -196 -57 -267 -31 -46 -93 -93 -147 -111 -18 -7 -69 -15 -112 -18 l-79 -7 0 403 0 403 79 -7 c43 -3 94 -11 112 -18z"/></g></svg>
  <svg x='423' y='476'><g transform="translate(0.100005858255,23.7506512493) scale(0.0100519634259,-0.00983425572888)"><path class="sym-fill" fill="white" d="M700 1650 l0 -750 150 0 150 0 0 750 0 750 -150 0 -150 0 0 -750z M1500 1750 l0 -305 152 153 153 152 -153 152 -152 153 0 -305z M700 300 l0 -300 150 0 150 0 0 300 0 300 -150 0 -150 0 0 -300z"/><path class="sym-line" fill="black" d="M600 2101 l0 -299 -112 -4 c-85 -4 -127 -10 -170 -27 -124 -48 -239 -163 -290 -289 -22 -54 -23 -70 -23 -282 0 -212 1 -228 23 -282 51 -126 166 -241 290 -289 43 -17 85 -23 170 -27 l112 -4 0 -299 0 -299 50 0 50 0 0 300 0 300 150 0 150 0 0 -300 0 -300 50 0 50 0 0 300 0 300 300 0 300 0 0 150 0 150 -300 0 -300 0 0 400 0 400 150 0 150 0 0 -252 0 -253 277 278 278 277 -278 277 -277 278 0 -253 0 -252 -150 0 -150 0 0 300 0 300 -50 0 -50 0 0 -750 0 -750 -150 0 -150 0 0 750 0 750 -50 0 -50 0 0 -299z m1052 -503 l-152 -153 0 305 0 305 152 -153 153 -152 -153 -152z m-1052 -299 l0 -402 -79 7 c-43 3 -94 11 -112 18 -82 28 -159 105 -188 188 -18 51 -25 234 -13 312 13 84 36 132 87 183 64 64 137 91 258 94 l47 1 0 -401z"/></g></svg>
  <svg x='477' y='477'><g transform="translate(0.100005858255,23.7506512493) scale(0.0100519634259,-0.00983425572888)"><path class="sym-fill" fill="white" d="M700 1650 l0 -750 150 0 150 0 0 750 0 750 -150 0 -150 0 0 -750z M1500 1750 l0 -305 152 153 153 152 -153 152 -152 153 0 -305z M700 300 l0 -300 150 0 150 0 0 300 0 300 -150 0 -150 0 0 -300z"/><path class="sym-line" fill="black" d="M600 2101 l0 -299 -112 -4 c-85 -4 -127 -10 -170 -27 -124 -48 -239 -163 -290 -289 -22 -54 -23 -70 -23 -282 0 -212 1 -228 23 -282 51 -126 166 -241 290 -289 43 -17 85 -23 170 -27 l112 -4 0 -299 0 -299 50 0 50 0 0 300 0 300 150 0 150 0 0 -300 0 -300 50 0 50 0 0 300 0 300 300 0 300 0 0 150 0 150 -300 0 -300 0 0 400 0 400 150 0 150 0 0 -252 0 -253 277 278 278 277 -278 277 -277 278 0 -253 0 -252 -150 0 -150 0 0 300 0 300 -50 0 -50 0 0 -750 0 -750 -150 0 -150 0 0 750 0 750 -50 0 -50 0 0 -299z m1052 -503 l-152 -153 0 305 0 305 152 -153 153 -152 -153 -152z m-1052 -299 l0 -402 -79 7 c-43 3 -94 11 -112 18 -82 28 -159 105 -188 188 -18 51 -25 234 -13 312 13 84 36 132 87 183 64 64 137 91 258 94 l47 1 0 -401z"/></g></svg>
  <svg x='530' y='477'><g transform="translate(0.100005858255,23.7506512493) scale(0.0100519634259,-0.00983425572888)"><path class="sym-fill" fill="white" d="M700 1650 l0 -750 150 0 150 0 0 750 0 750 -150 0 -150 0 0 -750z M1500 1750 l0 -305 152 153 153 152 -153 152 -152 153 0 -305z M700 300 l0 -300 150 0 150 0 0 300 0 300 -150 0 -150 0 0 -300z"/><path class="sym-line" fill="black" d="M600 2101 l0 -299 -112 -4 c-85 -4 -127 -10 -170 -27 -124 -48 -239 -163 -290 -289 -22 -54 -23 -70 -23 -282 0 -212 1 -228 23 -282 51 -126 166 -241 290 -289 43 -17 85 -23 170 -27 l112 -4 0 -299 0 -299 50 0 50 0 0 300 0 300 150 0 150 0 0 -300 0 -300 50 0 50 0 0 300 0 300 300 0 300 0 0 150 0 150 -300 0 -300 0 0 400 0 400 150 0 150 0 0 -252 0 -253 277 278 278 277 -278 277 -277 278 0 -253 0 -252 -150 0 -150 0 0 300 0 300 -50 0 -50 0 0 -750 0 -750 -150 0 -150 0 0 750 0 750 -50 0 -50 0 0 -299z m1052 -503 l-152 -153 0 305 0 305 152 -153 153 -152 -153 -152z m-1052 -299 l0 -402 -79 7 c-43 3 -94 11 -112 18 -82 28 -159 105 -188 188 -18 51 -25 234 -13 312 13 84 36 132 87 183 64 64 137 91 258 94 l47 1 0 -401z"/></g></svg>
</svg>