<svg version='1.1' xmlns='http://www.w3.org/2000/svg' width='96' height='210' viewBox='473 308 96 210'>
  <text font-size='0'>AS11e40S26607S26901S11e31S26601S26907S11e57S26607S26901S11e10S31a00S36100M569x518S11e40496x444S11e31528x404S11e57491x360S11e10531x308S26607516x433S26601508x389S26607515x345S26901550x432S26907473x387S26901547x340S31a00482x483S36100482x483</text>
  <svg x='496' y='444'><g transform="translate(0.149852532516,29.7519795905) scale(0.00989018587419,-0.00986784736349)"><path class="sym-fill" fill="white" d="M200 650 l0 -450 300 0 300 0 0 450 0 450 -300 0 -300 0 0 -450z"/><path class="sym-line" fill="black" d="M1300 2253 l0 -748 -529 529 -529 529 -76 -69 c-42 -38 -76 -71 -76 -74 0 -3 206 -211 458 -463 l457 -457 248 0 247 0 0 750 0 750 -100 0 -100 0 0 -747z M1862 1157 l-262 -262 0 -150 0 -150 342 342 343 343 -70 70 c-38 38 -74 70 -80 70 -5 0 -128 -118 -273 -263z M0 650 l0 -650 750 0 750 0 0 650 0 650 -750 0 -750 0 0 -650z m800 0 l0 -450 -300 0 -300 0 0 450 0 450 300 0 300 0 0 -450z"/></g></svg>
  <svg x='528' y='404'><g transform="translate(0.0508272554904,29.8669680724) scale(0.009915961347,-0.00989960107692)"><path class="sym-fill" fill="white" d="M1291 1239 c-193 -199 -351 -364 -351 -368 0 -3 130 -138 288 -300 l287 -294 353 363 353 362 -43 46 c-23 26 -153 161 -289 299 l-246 252 -352 -360z"/><path class="sym-line" fill="black" d="M476 2932 l-69 -71 189 -194 c104 -108 321 -331 483 -496 l293 -301 -681 0 -681 0 0 -100 0 -100 488 1 c268 1 539 4 602 8 l115 6 154 157 154 158 -309 316 c-170 174 -390 400 -489 501 l-180 185 -69 -70z M1970 2012 l0 -357 100 -100 100 -100 0 458 0 457 -100 0 -100 0 0 -358z M1155 1376 c-264 -271 -480 -498 -480 -504 0 -17 828 -863 842 -860 6 2 229 225 493 497 l481 494 -38 40 c-115 124 -807 827 -812 827 -3 -1 -222 -223 -486 -494z m783 -74 l290 -297 -351 -360 c-193 -198 -357 -360 -364 -360 -6 0 -140 132 -298 293 l-286 294 303 309 c167 171 326 334 353 363 28 30 53 54 56 55 4 0 137 -133 297 -297z"/></g></svg>
  <svg x='491' y='360'><g transform="translate(0.0507969983823,29.9075577656) scale(0.00991903508497,-0.010017190651)"><path class="sym-line" fill="black" d="M1463 2484 c-263 -267 -479 -491 -481 -497 -1 -7 67 -82 153 -167 l155 -155 600 -3 600 -2 0 100 0 100 -680 2 -680 3 479 485 478 486 -63 67 c-35 37 -68 67 -73 67 -5 0 -224 -219 -488 -486z M330 1910 c0 -262 4 -450 9 -450 5 0 48 41 95 91 l86 92 0 358 0 359 -95 0 -95 0 0 -450z M428 1436 c-230 -233 -418 -428 -418 -434 0 -11 960 -987 971 -987 3 0 196 192 429 427 l422 428 -488 495 c-269 272 -491 495 -494 494 -3 0 -193 -191 -422 -423z"/></g></svg>
  <svg x='531' y='308'><g transform="translate(0.149852532516,29.7519795905) scale(0.00989018587419,-0.00986784736349)"><path class="sym-fill" fill="white" d="M200 750 l0 -550 300 0 300 0 0 550 0 550 -300 0 -300 0 0 -550z"/><path class="sym-line" fill="black" d="M1300 2253 l0 -748 -529 529 -529 529 -76 -69 c-42 -38 -76 -71 -76 -74 0 -3 206 -211 457 -462 l458 -458 -503 0 -502 0 0 -750 0 -750 750 0 750 0 0 247 0 248 392 392 393 393 -70 70 c-38 38 -74 70 -80 70 -5 0 -151 -141 -322 -312 l-313 -313 0 1103 0 1102 -100 0 -100 0 0 -747z m-500 -1503 l0 -550 -300 0 -300 0 0 550 0 550 300 0 300 0 0 -550z"/></g></svg>
  <svg x='516' y='433'><g transform="translate(0.131265535269,21.739721583) scale(0.00982597899807,-0.00994459401866)"><path class="sym-line" fill="black" d="M1305 1925 l250 -244 -65 -64 c-36 -35 -384 -379 -775 -763 -390 -384 -711 -701 -713 -704 -1 -3 31 -38 71 -78 l74 -74 778 766 777 766 249 -241 249 -241 0 561 0 561 -572 0 -573 -1 250 -244z"/></g></svg>
  <svg x='508' y='389'><g transform="translate(-0.149772006491,21.770700246) scale(0.00994510323192,-0.00982830124817)"><path class="sym-line" fill="black" d="M30 1628 l1 -573 244 250 244 250 64 -65 c35 -36 379 -384 763 -775 384 -390 701 -711 704 -713 3 -1 38 31 78 71 l74 74 -766 778 -766 777 241 249 241 249 -561 0 -561 0 0 -572z"/></g></svg>
  <svg x='515' y='345'><g transform="translate(0.131265535269,21.739721583) scale(0.00982597899807,-0.00994459401866)"><path class="sym-line" fill="black" d="M1305 1925 l250 -244 -65 -64 c-36 -35 -384 -379 -775 -763 -390 -384 -711 -701 -713 -704 -1 -3 31 -38 71 -78 l74 -74 778 766 777 766 249 -241 249 -241 0 561 0 561 -572 0 -573 -1 250 -244z"/></g></svg>
  <svg x='550' y='432'><g transform="translate(-0.152573294065,18.9163989396) scale(0.0100547429145,-0.00987787444192)"><path class="sym-line" fill="black" d="M30 1395 c0 -278 2 -505 3 -505 2 0 98 95 213 211 l209 210 250 -251 250 -252 73 78 72 79 -127 130 c-71 71 -182 185 -248 253 l-120 122 215 215 215 215 -503 0 -502 0 0 -505z M1588 1190 c-73 -77 -328 -337 -566 -579 l-433 -440 73 -77 74 -77 314 319 c173 176 430 436 572 579 l258 260 -71 78 c-39 42 -74 77 -79 77 -4 0 -68 -63 -142 -140z"/></g></svg>
  <svg x='473' y='387'><g transform="translate(-0.0160608963522,18.9549589457) scale(0.0098772075919,-0.0100495233558)"><path class="sym-line" fill="black" d="M1098 1657 l214 -214 -246 -243 c-135 -134 -246 -248 -246 -254 0 -6 32 -41 72 -77 l73 -67 253 246 253 246 215 -215 214 -214 0 503 0 502 -507 0 -508 0 213 -213z M96 1238 l-79 -73 309 -305 c170 -168 431 -425 580 -573 l270 -268 80 75 79 74 -370 363 c-203 200 -465 457 -581 571 l-210 209 -78 -73z"/></g></svg>
  <svg x='547' y='340'><g transform="translate(-0.152573294065,18.9163989396) scale(0.0100547429145,-0.00987787444192)"><path class="sym-line" fill="black" d="M30 1395 c0 -278 2 -505 3 -505 2 0 98 95 213 211 l209 210 250 -251 250 -252 73 78 72 79 -127 130 c-71 71 -182 185 -248 253 l-120 122 215 215 215 215 -503 0 -502 0 0 -505z M1588 1190 c-73 -77 -328 -337 -566 -579 l-433 -440 73 -77 74 -77 314 319 c173 176 430 436 572 579 l258 260 -71 78 c-39 42 -74 77 -79 77 -4 0 -68 -63 -142 -140z"/></g></svg>
  <svg x='482' y='483'><g transform="translate(0.149874875465,34.7500790925) scale(0.00988906872676,-0.00988956850125)"><path class="sym-line" fill="black" d="M1528 3484 c-592 -92 -1088 -447 -1348 -963 -125 -249 -180 -485 -180 -771 0 -480 183 -911 529 -1242 350 -336 780 -508 1271 -508 451 0 864 150 1193 434 326 281 517 620 591 1051 21 121 21 409 0 530 -43 252 -114 444 -237 639 -282 453 -741 750 -1284 831 -127 19 -413 18 -535 -1z m607 -173 c583 -126 1038 -523 1224 -1069 59 -173 75 -277 75 -492 0 -165 -3 -211 -22 -300 -71 -327 -228 -611 -458 -829 -186 -177 -381 -295 -614 -374 -176 -60 -282 -78 -490 -84 -247 -7 -416 19 -628 97 -549 201 -944 674 -1043 1250 -17 97 -17 383 0 480 99 576 495 1050 1043 1250 105 38 177 58 303 81 143 26 467 21 610 -10z M1022 2476 c-191 -71 -302 -228 -302 -426 0 -202 117 -362 315 -430 77 -26 210 -27 293 -2 164 52 289 195 315 361 34 222 -100 435 -315 503 -88 27 -224 24 -306 -6z m309 -173 c203 -113 202 -393 -1 -507 -50 -28 -63 -31 -145 -31 -75 0 -98 4 -135 23 -61 32 -107 77 -138 137 -36 69 -38 178 -3 245 61 118 153 172 287 167 68 -3 89 -8 135 -34z M2285 2485 c-224 -70 -363 -284 -327 -501 53 -319 398 -480 697 -326 50 25 126 98 160 153 90 141 90 337 0 478 -85 136 -229 212 -399 210 -50 -1 -109 -7 -131 -14z m241 -162 c67 -23 154 -110 177 -177 38 -111 13 -211 -72 -297 -72 -71 -132 -94 -235 -87 -82 6 -137 30 -192 85 -151 150 -91 406 113 479 53 18 150 17 209 -3z"/></g></svg>
  <svg x='482' y='483'><g transform="translate(0.149874875465,34.7500790925) scale(0.00988906872676,-0.00988956850125)"><path class="sym-line" fill="black" d="M1528 3484 c-592 -92 -1088 -447 -1348 -963 -125 -249 -180 -485 -180 -771 0 -480 183 -911 529 -1242 350 -336 780 -508 1271 -508 451 0 864 150 1193 434 326 281 517 620 591 1051 21 121 21 409 0 530 -43 252 -114 444 -237 639 -282 453 -741 750 -1284 831 -127 19 -413 18 -535 -1z m607 -173 c583 -126 1038 -523 1224 -1069 59 -173 75 -277 75 -492 0 -165 -3 -211 -22 -300 -71 -327 -228 -611 -458 -829 -186 -177 -381 -295 -614 -374 -176 -60 -282 -78 -490 -84 -247 -7 -416 19 -628 97 -549 201 -944 674 -1043 1250 -17 97 -17 383 0 480 99 576 495 1050 1043 1250 105 38 177 58 303 81 143 26 467 21 610 -10z M1315 1286 c-133 -42 -235 -144 -272 -269 -57 -191 35 -394 217 -481 l65 -31 475 0 475 0 68 32 c309 146 309 580 0 726 l-68 32 -460 2 c-352 2 -469 -1 -500 -11z m425 -386 l0 -250 -95 0 -95 0 0 250 0 250 95 0 95 0 0 -250z m310 0 l0 -250 -95 0 -95 0 0 250 0 250 95 0 95 0 0 -250z m-610 0 l0 -240 -22 0 c-55 0 -103 23 -152 73 -103 104 -103 230 0 334 50 50 90 70 147 72 l27 1 0 -240z m818 225 c49 -21 110 -80 133 -130 24 -52 24 -138 0 -190 -35 -75 -130 -145 -196 -145 l-25 0 0 240 0 240 25 0 c14 0 42 -7 63 -15z"/></g></svg>
</svg>