<svg version='1.1' xmlns='http://www.w3.org/2000/svg' width='70' height='73' viewBox='466 469 70 73'>
  <text font-size='0'>AS11534S1153cS30007S30001S22702S22706S22702S22706S22702S22706S2fd04S32b00M536x542S30001482x482S30007482x482S11534466x469S1153c521x471S22702519x498S22702519x514S22702519x529S22706470x499S22706470x514S22706469x530S2fd04489x523S32b00482x482</text>
  <svg x='482' y='482'><g transform="translate(-0.114161977899,34.9175934836) scale(0.00998388206195,-0.00998546173601)"><path class="sym-line" fill="black" d="M1640 3480 c-226 -22 -427 -79 -635 -180 -524 -256 -875 -729 -966 -1305 -17 -103 -17 -387 0 -490 63 -395 236 -727 520 -997 273 -260 597 -417 986 -479 106 -17 407 -17 520 0 204 30 387 88 569 180 517 262 865 744 946 1311 16 109 16 351 0 460 -110 774 -724 1377 -1515 1489 -108 15 -319 21 -425 11z m331 -161 c383 -38 739 -206 1000 -472 302 -306 459 -682 459 -1100 0 -726 -502 -1346 -1239 -1532 -444 -112 -965 -9 -1350 267 -112 81 -290 260 -368 371 -119 169 -218 396 -257 590 -54 261 -32 580 55 812 l20 53 47 -14 c26 -8 94 -17 152 -20 139 -8 257 17 390 83 79 39 109 61 182 134 71 72 94 103 132 180 81 165 96 326 51 526 l-7 31 78 25 c210 66 435 89 655 66z m-874 -196 c16 -77 8 -234 -16 -302 -78 -222 -279 -373 -516 -388 -84 -5 -205 9 -205 25 0 14 88 153 144 227 79 106 234 258 335 329 78 56 229 146 243 146 4 0 11 -17 15 -37z"/></g></svg>
  <svg x='482' y='482'><g transform="translate(-0.0202640873613,34.8235379339) scale(0.00998278661735,-0.00997653818402)"><path class="sym-line" fill="black" d="M1650 3474 c-324 -38 -548 -110 -790 -254 -284 -168 -552 -464 -685 -755 -113 -247 -159 -457 -158 -730 0 -256 45 -464 149 -696 244 -548 766 -931 1389 -1020 115 -16 374 -16 490 0 799 113 1416 714 1526 1486 16 115 16 366 0 475 -59 392 -242 743 -527 1009 -272 254 -593 409 -974 471 -69 11 -361 21 -420 14z m368 -169 c56 -8 130 -22 165 -30 60 -15 187 -55 187 -58 0 -1 -7 -34 -15 -72 -19 -90 -19 -224 0 -317 9 -43 34 -112 62 -168 38 -76 63 -110 128 -175 129 -129 263 -193 449 -215 99 -12 232 -2 292 20 14 6 27 10 28 10 7 0 46 -119 65 -195 31 -129 42 -221 42 -365 0 -389 -134 -738 -399 -1035 -481 -540 -1281 -696 -1938 -379 -329 160 -595 421 -749 739 -108 222 -155 423 -155 673 0 200 24 345 90 529 152 427 528 798 963 952 262 92 532 122 785 86z m591 -196 c162 -89 326 -225 454 -379 76 -92 195 -275 185 -286 -9 -8 -121 -24 -173 -24 -136 1 -295 65 -394 160 -110 105 -169 228 -178 375 -5 74 10 195 24 195 4 0 40 -19 82 -41z"/></g></svg>
  <svg x='466' y='469'><g transform="translate(0.0,30.0) scale(0.01,-0.01)"><path class="sym-fill" fill="white" d="M200 2350 l0 -450 550 0 550 0 0 450 0 450 -550 0 -550 0 0 -450z"/><path class="sym-line" fill="black" d="M0 2350 l0 -650 750 0 750 0 0 650 0 650 -750 0 -750 0 0 -650z m1300 0 l0 -450 -550 0 -550 0 0 450 0 450 550 0 550 0 0 -450z M0 900 l0 -600 100 0 100 0 0 600 0 600 -100 0 -100 0 0 -600z M500 750 l0 -750 100 0 100 0 0 750 0 750 -100 0 -100 0 0 -750z"/></g></svg>
  <svg x='521' y='471'><g transform="translate(0.0,30.0) scale(0.01,-0.01)"><path class="sym-fill" fill="white" d="M200 2350 l0 -450 550 0 550 0 0 450 0 450 -550 0 -550 0 0 -450z"/><path class="sym-line" fill="black" d="M0 2350 l0 -650 750 0 750 0 0 650 0 650 -750 0 -750 0 0 -650z m1300 0 l0 -450 -550 0 -550 0 0 450 0 450 550 0 550 0 0 -450z M800 750 l0 -750 100 0 100 0 0 750 0 750 -100 0 -100 0 0 -750z M1300 900 l0 -600 100 0 100 0 0 600 0 600 -100 0 -100 0 0 -600z"/></g></svg>
  <svg x='519' y='498'><g transform="translate(0.0,12.0) scale(0.01,-0.01)"><path class="sym-line" fill="black" d="M0 600 l0 -600 50 0 50 0 0 600 0 600 -50 0 -50 0 0 -600z M900 600 l0 -600 50 0 50 0 0 600 0 600 -50 0 -50 0 0 -600z M472 793 c-138 -104 -251 -190 -251 -193 0 -4 360 -276 475 -359 l33 -24 36 27 c19 15 35 31 35 35 0 5 -92 78 -205 162 -113 85 -205 156 -205 159 0 3 92 74 205 159 113 84 205 157 205 162 0 8 -62 59 -72 59 -2 0 -118 -84 -256 -187z"/></g></svg>
  <svg x='519' y='514'><g transform="translate(0.0,12.0) scale(0.01,-0.01)"><path class="sym-line" fill="black" d="M0 600 l0 -600 50 0 50 0 0 600 0 600 -50 0 -50 0 0 -600z M900 600 l0 -600 50 0 50 0 0 600 0 600 -50 0 -50 0 0 -600z M472 793 c-138 -104 -251 -190 -251 -193 0 -4 360 -276 475 -359 l33 -24 36 27 c19 15 35 31 35 35 0 5 -92 78 -205 162 -113 85 -205 156 -205 159 0 3 92 74 205 159 113 84 205 157 205 162 0 8 -62 59 -72 59 -2 0 -118 -84 -256 -187z"/></g></svg>
  <svg x='519' y='529'><g transform="translate(0.0,12.0) scale(0.01,-0.01)"><path class="sym-line" fill="black" d="M0 600 l0 -600 50 0 50 0 0 600 0 600 -50 0 -50 0 0 -600z M900 600 l0 -600 50 0 50 0 0 600 0 600 -50 0 -50 0 0 -600z M472 793 c-138 -104 -251 -190 -251 -193 0 -4 360 -276 475 -359 l33 -24 36 27 c19 15 35 31 35 35 0 5 -92 78 -205 162 -113 85 -205 156 -205 159 0 3 92 74 205 159 113 84 205 157 205 162 0 8 -62 59 -72 59 -2 0 -118 -84 -256 -187z"/></g></svg>
  <svg x='470' y='499'><g transform="translate(0.0,12.0) scale(0.01,-0.01)"><path class="sym-line" fill="black" d="M0 600 l0 -600 50 0 50 0 0 600 0 600 -50 0 -50 0 0 -600z M900 600 l0 -600 50 0 50 0 0 600 0 600 -50 0 -50 0 0 -600z M233 954 c-18 -14 -33 -29 -33 -34 0 -4 92 -77 205 -161 113 -85 205 -156 205 -159 0 -3 -92 -74 -205 -159 -113 -84 -205 -157 -205 -162 0 -4 16 -20 35 -35 l36 -27 33 24 c116 83 475 355 475 359 0 6 -486 369 -502 376 -7 2 -27 -8 -44 -22z"/></g></svg>
  <svg x='470' y='514'><g transform="translate(0.0,12.0) scale(0.01,-0.01)"><path class="sym-line" fill="black" d="M0 600 l0 -600 50 0 50 0 0 600 0 600 -50 0 -50 0 0 -600z M900 600 l0 -600 50 0 50 0 0 600 0 600 -50 0 -50 0 0 -600z M233 954 c-18 -14 -33 -29 -33 -34 0 -4 92 -77 205 -161 113 -85 205 -156 205 -159 0 -3 -92 -74 -205 -159 -113 -84 -205 -157 -205 -162 0 -4 16 -20 35 -35 l36 -27 33 24 c116 83 475 355 475 359 0 6 -486 369 -502 376 -7 2 -27 -8 -44 -22z"/></g></svg>
  <svg x='469' y='530'><g transform="translate(0.0,12.0) scale(0.01,-0.01)"><path class="sym-line" fill="black" d="M0 600 l0 -600 50 0 50 0 0 600 0 600 -50 0 -50 0 0 -600z M900 600 l0 -600 50 0 50 0 0 600 0 600 -50 0 -50 0 0 -600z M233 954 c-18 -14 -33 -29 -33 -34 0 -4 92 -77 205 -161 113 -85 205 -156 205 -159 0 -3 -92 -74 -205 -159 -113 -84 -205 -157 -205 -162 0 -4 16 -20 35 -35 l36 -27 33 24 c116 83 475 355 475 359 0 6 -486 369 -502 376 -7 2 -27 -8 -44 -22z"/></g></svg>
  <svg x='489' y='523'><g transform="translate(0.179499103211,5.7484375) scale(0.00980544418547,-0.00933333333333)"><path class="sym-line" fill="black" d="M4 569 c22 -111 99 -242 206 -349 151 -151 320 -220 539 -220 137 0 216 17 324 67 l77 36 78 -36 c107 -50 186 -67 323 -67 219 0 388 69 539 220 107 107 184 238 206 349 l6 31 -60 0 -61 0 -42 -82 c-54 -104 -163 -218 -264 -274 -151 -84 -336 -107 -495 -63 -40 11 -77 22 -82 25 -4 3 11 27 34 55 76 88 147 221 165 311 l6 28 -61 0 -61 0 -43 -82 c-46 -88 -158 -218 -188 -218 -30 0 -142 130 -188 218 l-43 82 -61 0 -60 0 5 -28 c18 -90 89 -223 165 -311 23 -28 38 -52 34 -55 -5 -3 -42 -14 -82 -25 -159 -44 -344 -21 -495 63 -101 56 -210 170 -264 274 l-42 82 -61 0 -61 0 7 -31z"/></g></svg>
  <svg x='482' y='482'><g transform="translate(0.149874875465,34.7500790925) scale(0.00988906872676,-0.00988956850125)"><path class="sym-line" fill="black" d="M1528 3484 c-592 -92 -1088 -447 -1348 -963 -125 -249 -180 -485 -180 -771 0 -480 183 -911 529 -1242 350 -336 780 -508 1271 -508 451 0 864 150 1193 434 326 281 517 620 591 1051 21 121 21 409 0 530 -43 252 -114 444 -237 639 -282 453 -741 750 -1284 831 -127 19 -413 18 -535 -1z m607 -173 c184 -40 373 -114 533 -210 150 -89 336 -254 435 -386 33 -44 64 -85 69 -91 6 -8 -12 -23 -54 -47 -206 -115 -363 -339 -424 -602 -26 -111 -26 -339 0 -450 61 -263 218 -487 424 -602 42 -24 60 -39 54 -47 -5 -6 -36 -47 -69 -91 -99 -132 -285 -297 -435 -386 -160 -96 -350 -170 -533 -209 -142 -31 -430 -39 -575 -16 -432 69 -788 271 -1050 598 l-82 101 51 27 c166 91 285 229 366 424 60 146 78 246 78 431 0 142 -3 171 -27 259 -72 265 -234 487 -423 579 -24 12 -43 24 -43 29 0 19 169 214 243 282 249 226 512 355 852 417 143 26 467 21 610 -10z m-1621 -946 c334 -326 334 -904 0 -1230 -35 -34 -86 -74 -114 -89 l-51 -28 -38 84 c-55 120 -85 208 -117 343 -25 108 -28 138 -28 305 0 167 3 197 28 305 32 135 62 223 117 343 l38 84 51 -28 c28 -15 79 -55 114 -89z m2780 30 c93 -191 139 -406 140 -660 1 -179 -9 -250 -58 -406 -27 -89 -116 -299 -126 -299 -16 0 -134 83 -173 123 -159 158 -237 356 -237 597 0 241 78 439 237 597 40 40 157 123 173 123 4 0 24 -34 44 -75z"/></g></svg>
</svg>