<svg version='1.1' xmlns='http://www.w3.org/2000/svg' width='165' height='37' viewBox='417 481 165 37'>
  <text font-size='0'>AS12d21S12d29S26506S26512S2fb04S13f10S13f18S22104S22104M582x518S22104427x481S22104563x481S2fb04492x512S26506532x491S26512450x491S12d21503x481S12d29469x481S13f10553x490S13f18417x490</text>
  <svg x='427' y='481'><g transform="translate(0.150398531432,6.94494141144) scale(0.00966757342839,-0.00970929130205)"><path class="sym-line" fill="black" d="M64 638 c-35 -33 -64 -64 -64 -68 0 -10 589 -550 600 -550 11 0 600 540 600 550 0 11 -127 130 -140 130 -6 0 -110 -90 -231 -200 -121 -110 -224 -200 -229 -200 -5 0 -108 90 -229 200 -121 110 -225 200 -231 200 -7 0 -41 -28 -76 -62z"/></g></svg>
  <svg x='563' y='481'><g transform="translate(0.150398531432,6.94494141144) scale(0.00966757342839,-0.00970929130205)"><path class="sym-line" fill="black" d="M64 638 c-35 -33 -64 -64 -64 -68 0 -10 589 -550 600 -550 11 0 600 540 600 550 0 11 -127 130 -140 130 -6 0 -110 -90 -231 -200 -121 -110 -224 -200 -229 -200 -5 0 -108 90 -229 200 -121 110 -225 200 -231 200 -7 0 -41 -28 -76 -62z"/></g></svg>
  <svg x='492' y='512'><g transform="translate(0.178125321737,5.7484375) scale(0.00969593203301,-0.00933333333333)"><path class="sym-line" fill="black" d="M4 569 c22 -111 99 -242 206 -349 151 -151 320 -220 540 -220 220 0 389 69 540 220 107 107 184 238 206 349 l7 31 -61 0 -61 0 -42 -82 c-54 -104 -163 -218 -264 -274 -154 -85 -340 -108 -501 -61 -176 51 -331 177 -413 335 l-42 82 -61 0 -61 0 7 -31z"/></g></svg>
  <svg x='532' y='491'><g transform="translate(0.149734255248,13.6974450331) scale(0.0097007872376,-0.00964308576999)"><path class="sym-line" fill="black" d="M800 1102 l0 -302 -400 0 -400 0 0 -100 0 -100 400 0 400 0 0 -302 0 -303 352 353 353 352 -353 352 -352 353 0 -303z"/></g></svg>
  <svg x='450' y='491'><g transform="translate(0.198128695057,13.7002011211) scale(0.0097007872376,-0.0096798311579)"><path class="sym-fill" fill="white" d="M370 925 l-225 -225 228 -228 227 -227 0 453 c0 248 -1 452 -3 452 -1 0 -103 -101 -227 -225z"/><path class="sym-line" fill="black" d="M345 1050 l-350 -350 353 -353 352 -352 0 303 0 302 400 0 400 0 0 100 0 100 -400 0 -400 0 -2 300 -3 300 -350 -350z m255 -352 l0 -453 -227 227 -228 228 225 225 c124 124 226 225 227 225 2 0 3 -204 3 -452z"/></g></svg>
  <svg x='503' y='481'><g transform="translate(0.050808353629,24.8488904604) scale(0.0099178815361,-0.00988018118416)"><path class="sym-line" fill="black" d="M195 2430 l-69 -70 75 -78 c62 -63 744 -783 852 -899 l30 -32 -88 -91 c-49 -49 -92 -90 -95 -90 -6 0 -582 602 -712 744 l-46 51 -66 -65 c-36 -35 -66 -69 -66 -75 0 -6 262 -287 583 -625 320 -338 590 -624 600 -637 l18 -23 -400 0 -401 0 0 -100 0 -100 499 0 498 0 158 -165 c86 -91 160 -165 164 -165 6 0 296 304 894 937 l69 72 -478 503 c-262 277 -480 504 -483 506 -4 1 -119 -116 -256 -260 -137 -145 -252 -263 -256 -263 -4 0 -193 196 -419 435 -227 239 -440 463 -474 498 l-61 62 -70 -70z"/></g></svg>
  <svg x='469' y='481'><g transform="translate(0.0705320687788,24.8493185301) scale(0.0099178815361,-0.00987560660263)"><path class="sym-line" fill="black" d="M1961 2003 c-260 -274 -476 -498 -480 -498 -4 0 -119 118 -256 263 -137 144 -252 261 -256 260 -3 -2 -221 -229 -483 -506 l-478 -503 69 -72 c598 -633 888 -937 894 -937 4 0 78 74 164 165 l158 165 498 0 499 0 0 100 0 100 -401 0 -400 0 18 23 c10 13 280 299 601 637 320 338 582 619 582 625 0 6 -30 40 -66 75 l-66 65 -46 -51 c-130 -142 -706 -744 -712 -744 -3 0 -46 40 -94 90 l-88 90 38 42 c21 24 234 249 474 502 239 252 436 461 438 465 1 3 -29 37 -66 74 l-69 68 -472 -498z"/></g></svg>
  <svg x='553' y='490'><g transform="translate(0.0,15.0) scale(0.01,-0.01)"><path class="sym-fill" fill="white" d="M1600 750 l0 -550 300 0 300 0 0 550 0 550 -300 0 -300 0 0 -550z"/><path class="sym-line" fill="black" d="M0 1400 l0 -100 700 0 700 0 0 -100 0 -100 -650 0 -650 0 0 -100 0 -100 298 0 297 0 353 -353 352 -352 0 -98 0 -97 750 0 750 0 0 750 0 750 -1450 0 -1450 0 0 -100z m2200 -650 l0 -550 -300 0 -300 0 0 550 0 550 300 0 300 0 0 -550z m-800 -50 c0 -110 -1 -200 -3 -200 -1 0 -92 90 -202 200 l-200 200 203 0 202 0 0 -200z"/></g></svg>
  <svg x='417' y='490'><g transform="translate(0.0,15.0) scale(0.01,-0.01)"><path class="sym-fill" fill="white" d="M700 750 l0 -550 300 0 300 0 0 550 0 550 -300 0 -300 0 0 -550z"/><path class="sym-line" fill="black" d="M0 750 l0 -750 750 0 750 0 0 98 0 97 353 353 352 352 298 0 297 0 0 100 0 100 -650 0 -650 0 0 100 0 100 700 0 700 0 0 100 0 100 -1450 0 -1450 0 0 -750z m1300 0 l0 -550 -300 0 -300 0 0 550 0 550 300 0 300 0 0 -550z m600 147 c0 -1 -90 -92 -200 -202 l-200 -200 0 203 0 202 200 0 c110 0 200 -1 200 -3z"/></g></svg>
</svg>