<svg version='1.1' xmlns='http://www.w3.org/2000/svg' width='93' height='68' viewBox='453 466 93 68'>
  <text font-size='0'>AS13f0aS13f02S22112S22116S20600S20600S36d00S36d00S3860cS38608M546x534S20600453x491S36d00479x495S13f0a514x505S20600524x490S13f02471x505S36d00479x466S22112531x508S22116462x507</text>
  <svg x='453' y='491'><g transform="translate(-0.213271809649,10.7500002304) scale(0.0101476511593,-0.00963778430032)"><path class="sym-line" fill="black" d="M450 895 l0 -205 -172 105 -172 105 -39 -71 c-32 -57 -37 -73 -26 -80 8 -5 83 -50 167 -100 83 -50 152 -95 152 -99 0 -4 -69 -49 -152 -99 -84 -50 -159 -95 -167 -100 -11 -7 -6 -23 26 -80 l39 -71 172 105 172 105 0 -205 0 -205 75 0 75 0 2 204 3 204 155 -95 c85 -52 163 -99 172 -104 14 -7 23 2 52 58 20 37 36 70 36 74 0 4 -74 51 -165 105 -91 54 -165 101 -165 104 0 3 74 50 165 104 91 54 165 101 165 105 0 4 -16 37 -36 74 -29 56 -38 65 -52 58 -9 -5 -87 -52 -172 -104 l-155 -95 -3 204 -2 204 -75 0 -75 0 0 -205z M1600 895 l0 -204 -167 100 c-93 56 -171 103 -174 105 -4 2 -23 -28 -44 -67 -30 -57 -35 -73 -24 -80 8 -5 83 -50 166 -101 84 -51 153 -95 153 -98 0 -3 -69 -47 -153 -98 -83 -51 -158 -96 -166 -101 -11 -7 -6 -23 24 -80 21 -39 40 -69 44 -67 3 2 81 49 174 105 l167 100 0 -204 0 -205 75 0 75 0 0 205 0 204 168 -100 c92 -56 170 -103 173 -105 3 -1 23 29 43 68 31 56 36 72 25 79 -8 5 -83 50 -166 101 -84 51 -153 95 -153 98 0 3 69 47 153 98 83 51 158 96 166 101 11 7 6 23 -25 79 -20 39 -40 69 -43 68 -3 -2 -81 -49 -173 -105 l-168 -100 0 204 0 205 -75 0 -75 0 0 -205z"/></g></svg>
  <svg x='479' y='495'><g transform="translate(0.0,4.0) scale(0.01,-0.01)"><path class="sym-line" fill="black" d="M0 200 l0 -200 2100 0 2100 0 0 200 0 200 -2100 0 -2100 0 0 -200z"/></g></svg>
  <svg x='514' y='505'><g transform="translate(0.0,29.0) scale(0.01,-0.01)"><path class="sym-fill" fill="white" d="M200 2150 l0 -550 550 0 550 0 0 550 0 550 -550 0 -550 0 0 -550z"/><path class="sym-line" fill="black" d="M0 2150 l0 -750 98 0 97 0 353 -353 352 -352 0 -298 0 -297 100 0 100 0 0 650 0 650 100 0 100 0 0 -700 0 -700 100 0 100 0 0 1450 0 1450 -750 0 -750 0 0 -750z m1300 0 l0 -550 -550 0 -550 0 0 550 0 550 550 0 550 0 0 -550z m-400 -950 c0 -110 -1 -200 -3 -200 -1 0 -92 90 -202 200 l-200 200 203 0 202 0 0 -200z"/></g></svg>
  <svg x='524' y='490'><g transform="translate(-0.213271809649,10.7500002304) scale(0.0101476511593,-0.00963778430032)"><path class="sym-line" fill="black" d="M450 895 l0 -205 -172 105 -172 105 -39 -71 c-32 -57 -37 -73 -26 -80 8 -5 83 -50 167 -100 83 -50 152 -95 152 -99 0 -4 -69 -49 -152 -99 -84 -50 -159 -95 -167 -100 -11 -7 -6 -23 26 -80 l39 -71 172 105 172 105 0 -205 0 -205 75 0 75 0 2 204 3 204 155 -95 c85 -52 163 -99 172 -104 14 -7 23 2 52 58 20 37 36 70 36 74 0 4 -74 51 -165 105 -91 54 -165 101 -165 104 0 3 74 50 165 104 91 54 165 101 165 105 0 4 -16 37 -36 74 -29 56 -38 65 -52 58 -9 -5 -87 -52 -172 -104 l-155 -95 -3 204 -2 204 -75 0 -75 0 0 -205z M1600 895 l0 -204 -167 100 c-93 56 -171 103 -174 105 -4 2 -23 -28 -44 -67 -30 -57 -35 -73 -24 -80 8 -5 83 -50 166 -101 84 -51 153 -95 153 -98 0 -3 -69 -47 -153 -98 -83 -51 -158 -96 -166 -101 -11 -7 -6 -23 24 -80 21 -39 40 -69 44 -67 3 2 81 49 174 105 l167 100 0 -204 0 -205 75 0 75 0 0 205 0 204 168 -100 c92 -56 170 -103 173 -105 3 -1 23 29 43 68 31 56 36 72 25 79 -8 5 -83 50 -166 101 -84 51 -153 95 -153 98 0 3 69 47 153 98 83 51 158 96 166 101 11 7 6 23 -25 79 -20 39 -40 69 -43 68 -3 -2 -81 -49 -173 -105 l-168 -100 0 204 0 205 -75 0 -75 0 0 -205z"/></g></svg>
  <svg x='471' y='505'><g transform="translate(0.0,29.0) scale(0.01,-0.01)"><path class="sym-fill" fill="white" d="M200 2150 l0 -550 550 0 550 0 0 550 0 550 -550 0 -550 0 0 -550z"/><path class="sym-line" fill="black" d="M0 1450 l0 -1450 100 0 100 0 0 700 0 700 100 0 100 0 0 -650 0 -650 100 0 100 0 0 298 0 297 353 353 352 352 98 0 97 0 0 750 0 750 -750 0 -750 0 0 -1450z m1300 700 l0 -550 -550 0 -550 0 0 550 0 550 550 0 550 0 0 -550z m-300 -753 c0 -1 -90 -92 -200 -202 l-200 -200 0 203 0 202 200 0 c110 0 200 -1 200 -3z"/></g></svg>
  <svg x='479' y='466'><g transform="translate(0.0,4.0) scale(0.01,-0.01)"><path class="sym-line" fill="black" d="M0 200 l0 -200 2100 0 2100 0 0 200 0 200 -2100 0 -2100 0 0 -200z"/></g></svg>
  <svg x='531' y='508'><g transform="translate(-0.0437269656227,25.7496394795) scale(0.00970515997075,-0.00984661614597)"><path class="sym-line" fill="black" d="M291 2304 c-149 -163 -271 -299 -271 -304 0 -11 540 -600 550 -600 11 0 130 127 130 140 0 6 -90 110 -200 231 -110 121 -200 224 -200 229 0 5 90 108 200 229 110 121 200 225 200 231 0 13 -119 140 -130 140 -4 0 -130 -133 -279 -296z M291 904 c-149 -163 -271 -299 -271 -304 0 -11 540 -600 550 -600 11 0 130 127 130 140 0 6 -90 110 -200 231 -110 121 -200 224 -200 229 0 5 90 108 200 229 110 121 200 225 200 231 0 13 -119 140 -130 140 -4 0 -130 -133 -279 -296z"/></g></svg>
  <svg x='462' y='507'><g transform="translate(0.149646800585,25.7496394795) scale(0.00970515997075,-0.00984661614597)"><path class="sym-line" fill="black" d="M62 2536 c-34 -35 -62 -69 -62 -76 0 -6 90 -110 200 -231 110 -121 200 -224 200 -229 0 -5 -90 -108 -200 -229 -110 -121 -200 -225 -200 -231 0 -13 119 -140 130 -140 10 0 550 589 550 600 0 11 -540 600 -550 600 -4 0 -35 -29 -68 -64z M62 1136 c-34 -35 -62 -69 -62 -76 0 -6 90 -110 200 -231 110 -121 200 -224 200 -229 0 -5 -90 -108 -200 -229 -110 -121 -200 -225 -200 -231 0 -13 119 -140 130 -140 10 0 550 589 550 600 0 11 -540 600 -550 600 -4 0 -35 -29 -68 -64z"/></g></svg>
</svg>