<svg version='1.1' xmlns='http://www.w3.org/2000/svg' width='54' height='105' viewBox='473 447 54 105'>
  <text font-size='0'>AS14450S14458S22e00S22e10S2fb00S14420S14428S2f900S2f900M527x552S14458473x521S14450504x521S22e00506x498S22e10477x498S2fb00492x492S14420505x455S14428473x455S2f900508x447S2f900480x447</text>
  <svg x='473' y='521'><g transform="translate(0.198285251888,30.7516384396) scale(0.00985030771287,-0.00987200030311)"><path class="sym-fill" fill="white" d="M1400 750 l0 -150 350 0 350 0 0 150 0 150 -350 0 -350 0 0 -150z"/><path class="sym-line" fill="black" d="M1300 2598 l0 -502 50 49 50 49 50 -49 50 -49 0 502 0 502 -100 0 -100 0 0 -502z M705 2793 c-49 -14 -91 -26 -93 -27 -3 -4 279 -1059 285 -1066 2 -2 41 34 88 80 l83 85 -126 477 c-70 263 -131 478 -137 477 -5 0 -50 -12 -100 -26z M1858 2342 l-126 -477 83 -85 c47 -46 86 -82 88 -80 6 7 288 1062 285 1066 -3 3 -191 54 -198 54 -3 0 -62 -215 -132 -478z M70 2075 l-75 -75 303 -303 302 -302 75 75 75 75 -303 303 -302 302 -75 -75z M1042 1577 l-342 -342 0 -618 0 -617 700 0 700 0 0 300 0 300 -350 0 -350 0 0 150 0 150 350 0 350 0 0 163 0 162 -348 348 c-191 191 -352 347 -357 347 -6 0 -164 -154 -353 -343z"/></g></svg>
  <svg x='504' y='521'><g transform="translate(0.0316499157031,30.7516384396) scale(0.00985030771287,-0.00987200030311)"><path class="sym-fill" fill="white" d="M100 750 l0 -150 350 0 350 0 0 150 0 150 -350 0 -350 0 0 -150z"/><path class="sym-line" fill="black" d="M700 2598 l0 -502 50 49 50 49 50 -49 50 -49 0 502 0 502 -100 0 -100 0 0 -502z M105 2793 c-50 -14 -91 -26 -93 -27 -3 -4 279 -1059 285 -1066 2 -2 41 34 88 80 l83 85 -126 477 c-70 263 -131 478 -137 477 -5 0 -50 -12 -100 -26z M1258 2342 l-126 -477 83 -85 c47 -46 86 -82 88 -80 6 7 288 1062 285 1066 -3 3 -191 54 -198 54 -3 0 -62 -215 -132 -478z M1752 1847 l-302 -302 75 -75 75 -75 303 303 302 302 -75 75 -75 75 -303 -303z M447 1572 l-347 -347 0 -163 0 -162 350 0 350 0 0 -150 0 -150 -350 0 -350 0 0 -300 0 -300 700 0 700 0 0 618 0 617 -343 343 c-188 188 -347 342 -352 342 -6 0 -166 -156 -358 -348z"/></g></svg>
  <svg x='506' y='498'><g transform="translate(0.0,18.0) scale(0.01,-0.01)"><path class="sym-fill" fill="white" d="M700 750 l0 -350 150 0 150 0 0 350 0 350 -150 0 -150 0 0 -350z"/><path class="sym-line" fill="black" d="M495 1450 l-350 -350 178 0 177 0 0 -350 0 -350 100 0 100 0 0 350 0 350 150 0 150 0 0 -350 0 -350 100 0 100 0 0 350 0 350 177 0 178 0 -350 350 c-192 193 -352 350 -355 350 -3 0 -163 -157 -355 -350z M0 100 l0 -100 850 0 850 0 0 100 0 100 -850 0 -850 0 0 -100z"/></g></svg>
  <svg x='477' y='498'><g transform="translate(0.0,18.0) scale(0.01,-0.01)"><path class="sym-fill" fill="white" d="M620 1425 l-225 -225 455 0 455 0 -225 225 c-124 124 -227 225 -230 225 -3 0 -106 -101 -230 -225z M700 750 l0 -350 150 0 150 0 0 350 0 350 -150 0 -150 0 0 -350z"/><path class="sym-line" fill="black" d="M495 1450 l-350 -350 178 0 177 0 0 -350 0 -350 100 0 100 0 0 350 0 350 150 0 150 0 0 -350 0 -350 100 0 100 0 0 350 0 350 177 0 178 0 -350 350 c-192 193 -352 350 -355 350 -3 0 -163 -157 -355 -350z m585 -25 l225 -225 -455 0 -455 0 225 225 c124 124 227 225 230 225 3 0 106 -101 230 -225z M0 100 l0 -100 850 0 850 0 0 100 0 100 -850 0 -850 0 0 -100z"/></g></svg>
  <svg x='492' y='492'><g transform="translate(0.169849905175,5.76208528494) scale(0.0097007872376,-0.00950858679199)"><path class="sym-line" fill="black" d="M552 580 c-226 -60 -429 -239 -518 -459 -13 -33 -27 -73 -30 -90 l-6 -31 60 0 61 0 42 83 c54 103 163 217 264 273 205 113 445 113 650 0 101 -56 210 -170 264 -273 l42 -83 61 0 61 0 -7 31 c-22 111 -99 242 -206 349 -99 99 -217 167 -346 200 -105 27 -289 27 -392 0z"/></g></svg>
  <svg x='505' y='455'><g transform="translate(0.027672149304,30.7516384396) scale(0.00985204675947,-0.00987200030311)"><path class="sym-fill" fill="white" d="M100 850 l0 -150 350 0 350 0 0 150 0 150 -350 0 -350 0 0 -150z"/><path class="sym-line" fill="black" d="M700 2602 l0 -497 -115 -115 c-63 -63 -116 -112 -119 -110 -2 3 -59 214 -127 470 -67 256 -124 466 -125 468 -1 2 -48 -9 -104 -24 -80 -22 -101 -31 -97 -43 2 -9 66 -249 143 -534 l138 -518 -97 -97 -97 -97 0 -253 0 -252 350 0 350 0 0 -150 0 -150 -350 0 -350 0 0 -350 0 -350 700 0 700 0 0 647 0 648 352 352 353 353 -75 75 -75 75 -300 -300 -300 -300 -75 75 -74 75 138 517 c77 285 141 525 143 534 4 12 -17 21 -97 43 -56 15 -103 26 -104 24 -1 -2 -58 -212 -125 -468 -68 -256 -125 -467 -127 -470 -3 -2 -56 47 -119 110 l-115 115 0 497 0 498 -100 0 -100 0 0 -498z"/></g></svg>
  <svg x='473' y='455'><g transform="translate(0.19824163986,30.7516384396) scale(0.00985204675947,-0.00987200030311)"><path class="sym-fill" fill="white" d="M1400 850 l0 -150 350 0 350 0 0 150 0 150 -350 0 -350 0 0 -150z"/><path class="sym-line" fill="black" d="M1300 2602 l0 -497 -115 -115 c-63 -63 -116 -112 -119 -110 -2 3 -59 214 -127 470 -67 256 -124 466 -125 468 -1 2 -48 -9 -104 -24 -80 -22 -101 -31 -97 -43 2 -9 66 -249 143 -534 l138 -517 -74 -75 -75 -75 -300 300 -300 300 -75 -75 -75 -75 353 -353 352 -352 0 -648 0 -647 700 0 700 0 0 350 0 350 -350 0 -350 0 0 150 0 150 350 0 350 0 0 252 0 253 -97 97 -97 97 138 518 c77 285 141 525 143 534 4 12 -17 21 -97 43 -56 15 -103 26 -104 24 -1 -2 -58 -212 -125 -468 -68 -256 -125 -467 -127 -470 -3 -2 -56 47 -119 110 l-115 115 0 497 0 498 -100 0 -100 0 0 -498z"/></g></svg>
  <svg x='508' y='447'><g transform="translate(0.180786096011,4.75000053092) scale(0.00958087152387,-0.00920312606184)"><path class="sym-line" fill="black" d="M245 488 c-55 -20 -116 -69 -150 -121 -45 -68 -84 -193 -92 -289 l-6 -78 107 0 106 0 0 40 c0 57 36 145 71 175 37 30 91 33 131 7 15 -10 53 -49 85 -87 82 -98 136 -129 231 -134 87 -4 139 9 200 51 86 59 157 215 169 371 l6 77 -107 0 -106 0 0 -40 c0 -57 -36 -145 -71 -175 -37 -30 -91 -33 -131 -7 -15 10 -53 49 -85 87 -32 38 -81 83 -107 100 -44 27 -59 30 -135 32 -47 1 -99 -3 -116 -9z"/></g></svg>
  <svg x='480' y='447'><g transform="translate(0.180786096011,4.75000053092) scale(0.00958087152387,-0.00920312606184)"><path class="sym-line" fill="black" d="M245 488 c-55 -20 -116 -69 -150 -121 -45 -68 -84 -193 -92 -289 l-6 -78 107 0 106 0 0 40 c0 57 36 145 71 175 37 30 91 33 131 7 15 -10 53 -49 85 -87 82 -98 136 -129 231 -134 87 -4 139 9 200 51 86 59 157 215 169 371 l6 77 -107 0 -106 0 0 -40 c0 -57 -36 -145 -71 -175 -37 -30 -91 -33 -131 -7 -15 10 -53 49 -85 87 -32 38 -81 83 -107 100 -44 27 -59 30 -135 32 -47 1 -99 -3 -116 -9z"/></g></svg>
</svg>