<svg version='1.1' xmlns='http://www.w3.org/2000/svg' width='109' height='91' viewBox='445 454 109 91'>
  <text font-size='0'>AS14010S1ec10S1f728S14720S26602S26616S14728S1f720S1ec18S14018M554x545S14720532x462S1f728472x529S14010445x454S1ec10476x466S26602485x506S14728453x523S1f720504x470S1ec18497x525S14018525x514S26616486x488</text>
  <svg x='532' y='462'><g transform="translate(0.0,22.0) scale(0.01,-0.01)"><path class="sym-fill" fill="white" d="M0 850 l0 -150 400 0 400 0 0 150 0 150 -400 0 -400 0 0 -150z"/><path class="sym-line" fill="black" d="M347 1852 l-347 -347 0 -253 0 -252 400 0 400 0 0 -150 0 -150 -400 0 -400 0 0 -350 0 -350 700 0 700 0 0 753 0 752 -348 348 c-191 191 -349 347 -352 347 -3 0 -161 -156 -353 -348z"/></g></svg>
  <svg x='472' y='529'><g transform="translate(0.151481649373,14.7505211307) scale(0.00980873003133,-0.00973472242044)"><path class="sym-line" fill="black" d="M0 750 l0 -750 754 0 753 0 244 422 c134 232 245 429 247 438 1 10 -27 32 -82 63 -46 26 -86 47 -88 47 -3 0 -77 -124 -164 -276 l-159 -277 -3 542 -2 541 -750 0 -750 0 0 -750z"/></g></svg>
  <svg x='445' y='454'><g transform="translate(0.0,30.0) scale(0.01,-0.01)"><path class="sym-fill" fill="white" d="M1600 750 l0 -550 300 0 300 0 0 550 0 550 -300 0 -300 0 0 -550z"/><path class="sym-line" fill="black" d="M1400 2250 l0 -750 -302 0 -303 0 -227 227 -228 228 -75 -75 -75 -75 152 -152 153 -153 -248 0 -247 0 0 -100 0 -100 348 0 347 0 353 -353 352 -352 0 -298 0 -297 750 0 750 0 0 750 0 750 -650 0 -650 0 0 750 0 750 -100 0 -100 0 0 -750z m0 -1150 c0 -110 -1 -200 -3 -200 -1 0 -92 90 -202 200 l-200 200 203 0 202 0 0 -200z m800 -350 l0 -550 -300 0 -300 0 0 550 0 550 300 0 300 0 0 -550z"/></g></svg>
  <svg x='476' y='466'><g transform="translate(0.171206147563,18.749322358) scale(0.00981694416794,-0.00979417818707)"><path class="sym-fill" fill="white" d="M1000 750 l0 -550 300 0 300 0 0 550 0 550 -300 0 -300 0 0 -550z"/><path class="sym-line" fill="black" d="M259 1884 c-103 -31 -187 -112 -230 -221 -19 -49 -24 -81 -27 -210 l-4 -153 100 0 99 0 5 128 c6 135 15 168 60 208 56 52 84 59 233 59 77 0 152 -3 167 -7 38 -11 86 -54 111 -102 22 -41 22 -42 25 -715 l3 -673 -228 4 c-244 4 -262 8 -309 60 -46 50 -57 88 -62 215 l-5 123 -99 0 -100 0 4 -163 c3 -150 5 -166 29 -217 49 -105 119 -164 240 -201 58 -18 109 -19 1045 -19 l984 0 0 750 0 750 -649 0 c-723 0 -661 -7 -661 70 0 90 -68 210 -148 261 -90 57 -153 69 -356 68 -127 0 -195 -5 -227 -15z m1341 -1134 l0 -550 -300 0 -300 0 0 550 0 550 300 0 300 0 0 -550z"/></g></svg>
  <svg x='485' y='506'><g transform="translate(0.198281300516,15.7010613696) scale(0.00985046527537,-0.00972038991848)"><path class="sym-line" fill="black" d="M395 1200 l-400 -400 403 -403 402 -402 0 353 0 352 1100 0 1100 0 0 100 0 100 -1100 0 -1100 0 -2 350 -3 350 -400 -400z"/></g></svg>
  <svg x='453' y='523'><g transform="translate(0.0,22.0) scale(0.01,-0.01)"><path class="sym-fill" fill="white" d="M600 850 l0 -150 400 0 400 0 0 150 0 150 -400 0 -400 0 0 -150z"/><path class="sym-line" fill="black" d="M347 1852 l-347 -347 0 -753 0 -752 700 0 700 0 0 350 0 350 -400 0 -400 0 0 150 0 150 400 0 400 0 0 253 0 252 -348 348 c-191 191 -349 347 -352 347 -3 0 -161 -156 -353 -348z"/></g></svg>
  <svg x='504' y='470'><g transform="translate(0.131576825216,14.7505211307) scale(0.00980873003133,-0.00973472242044)"><path class="sym-line" fill="black" d="M498 959 l-3 -542 -159 277 c-87 152 -161 276 -164 276 -2 0 -42 -21 -88 -47 -55 -31 -83 -53 -82 -63 2 -9 113 -206 247 -438 l244 -422 753 0 754 0 0 750 0 750 -750 0 -750 0 -2 -541z"/></g></svg>
  <svg x='497' y='525'><g transform="translate(0.151317366641,18.7501235081) scale(0.00981694416794,-0.00979036105688)"><path class="sym-fill" fill="white" d="M700 750 l0 -550 300 0 300 0 0 550 0 550 -300 0 -300 0 0 -550z"/><path class="sym-line" fill="black" d="M1559 1877 c-84 -29 -141 -66 -179 -118 -38 -53 -70 -139 -70 -189 0 -77 62 -70 -661 -70 l-649 0 0 -750 0 -750 984 0 c936 0 987 1 1045 19 121 37 191 96 240 201 24 51 26 67 29 218 l4 162 -100 0 -99 0 -5 -122 c-5 -128 -16 -166 -62 -216 -47 -52 -65 -56 -309 -60 l-228 -4 3 673 c3 673 3 674 25 715 25 48 73 91 111 102 15 4 90 7 167 7 149 0 177 -7 233 -59 45 -40 54 -73 60 -208 l5 -128 99 0 100 0 -4 153 c-3 129 -8 161 -27 210 -30 75 -75 134 -135 174 -79 54 -127 63 -330 63 -161 0 -188 -3 -247 -23z m-259 -1127 l0 -550 -300 0 -300 0 0 550 0 550 300 0 300 0 0 -550z"/></g></svg>
  <svg x='525' y='514'><g transform="translate(0.0,30.0) scale(0.01,-0.01)"><path class="sym-fill" fill="white" d="M700 750 l0 -550 300 0 300 0 0 550 0 550 -300 0 -300 0 0 -550z"/><path class="sym-line" fill="black" d="M1300 2250 l0 -750 -650 0 -650 0 0 -750 0 -750 750 0 750 0 0 298 0 297 353 353 352 352 348 0 347 0 0 100 0 100 -247 0 -248 0 153 153 152 152 -75 75 -75 75 -228 -228 -227 -227 -303 0 -302 0 0 750 0 750 -100 0 -100 0 0 -750z m0 -1500 l0 -550 -300 0 -300 0 0 550 0 550 300 0 300 0 0 -550z m600 547 c0 -1 -90 -92 -200 -202 l-200 -200 0 203 0 202 200 0 c110 0 200 -1 200 -3z"/></g></svg>
  <svg x='486' y='488'><g transform="translate(0.150646944493,15.6976811299) scale(0.00985046527537,-0.00968799012796)"><path class="sym-fill" fill="white" d="M2300 800 l0 -555 277 278 278 277 -278 277 -277 278 0 -555z"/><path class="sym-line" fill="black" d="M2200 1252 l0 -352 -1100 0 -1100 0 0 -100 0 -100 1100 0 1100 0 0 -352 0 -353 402 403 403 402 -403 402 -402 403 0 -353z m377 -729 l-277 -278 0 555 0 555 277 -278 278 -277 -278 -277z"/></g></svg>
</svg>