<svg version='1.1' xmlns='http://www.w3.org/2000/svg' width='150' height='87' viewBox='425 457 150 87'>
  <text font-size='0'>AS14710S14718S26707S26711S1f710S1f718S16d10S16d18S14010S14018S37703S3770bM575x544S26707514x463S26711457x462S14710478x522S14718495x515S3770b492x493S37703486x491S1f710514x506S1f718463x496S16d10531x486S16d18445x481S14010546x464S14018425x457</text>
  <svg x='514' y='463'><g transform="translate(-0.0672981451274,30.9270600802) scale(0.00994098926541,-0.0100228720586)"><path class="sym-line" fill="black" d="M2195 2820 l250 -250 -135 -134 c-74 -74 -619 -612 -1210 -1196 -591 -584 -1076 -1065 -1078 -1069 -1 -3 31 -40 72 -80 l75 -74 888 879 c488 483 1035 1025 1216 1204 l327 324 250 -249 250 -250 0 573 0 572 -577 0 -578 0 250 -250z"/></g></svg>
  <svg x='457' y='462'><g transform="translate(-0.14899849871,30.8969963762) scale(0.0100218543915,-0.00991888996007)"><path class="sym-fill" fill="white" d="M137 2993 c-10 -9 -9 -783 1 -783 8 0 772 775 772 784 0 8 -765 7 -773 -1z"/><path class="sym-line" fill="black" d="M30 2523 l0 -578 250 250 250 250 139 -140 c154 -156 2071 -2097 2187 -2215 l74 -75 77 77 76 76 -923 934 c-508 513 -1050 1060 -1204 1215 l-281 283 250 250 250 250 -573 0 -572 0 0 -577z m652 230 c-132 -137 -311 -318 -396 -403 l-156 -155 0 403 0 402 396 0 396 0 -240 -247z"/></g></svg>
  <svg x='478' y='522'><g transform="translate(0.0,22.0) scale(0.01,-0.01)"><path class="sym-fill" fill="white" d="M447 1662 l-247 -247 0 -208 0 -207 250 0 250 0 0 -150 0 -150 -250 0 -250 0 0 -250 0 -250 300 0 300 0 0 808 0 808 -48 47 c-26 26 -50 47 -52 47 -3 0 -116 -111 -253 -248z"/><path class="sym-line" fill="black" d="M347 1852 l-347 -347 0 -753 0 -752 700 0 700 0 0 753 0 752 -348 348 c-191 191 -349 347 -352 347 -3 0 -161 -156 -353 -348z m405 21 l48 -47 0 -813 0 -813 -300 0 -300 0 0 250 0 250 250 0 250 0 0 150 0 150 -250 0 -250 0 0 206 0 206 248 254 c136 140 249 254 252 254 2 0 26 -21 52 -47z"/></g></svg>
  <svg x='495' y='515'><g transform="translate(0.0,22.0) scale(0.01,-0.01)"><path class="sym-fill" fill="white" d="M647 1862 l-47 -48 0 -807 0 -807 300 0 300 0 0 250 0 250 -250 0 -250 0 0 150 0 150 250 0 250 0 0 208 0 207 -248 248 c-136 136 -250 247 -252 247 -3 0 -27 -22 -53 -48z"/><path class="sym-line" fill="black" d="M347 1852 l-347 -347 0 -753 0 -752 700 0 700 0 0 753 0 752 -348 348 c-191 191 -349 347 -352 347 -3 0 -161 -156 -353 -348z m606 -186 l247 -254 0 -206 0 -206 -250 0 -250 0 0 -150 0 -150 250 0 250 0 0 -250 0 -250 -300 0 -300 0 0 812 0 812 47 48 c26 26 50 48 53 48 3 0 116 -114 253 -254z"/></g></svg>
  <svg x='492' y='493'><g transform="translate(-0.981442752515,22.333772324) scale(0.0107782670044,-0.0103182059236)"><path class="sym-line" fill="black" d="M1024 1185 c-505 -531 -919 -971 -919 -979 0 -7 31 -46 69 -86 51 -55 72 -71 83 -64 8 5 428 443 933 973 l919 965 -72 75 c-39 42 -76 77 -82 79 -6 1 -425 -432 -931 -963z"/></g></svg>
  <svg x='486' y='491'><g transform="translate(-0.946174107756,22.3050086955) scale(0.0107616505441,-0.0103087417234)"><path class="sym-line" fill="black" d="M167 2075 c-38 -41 -67 -79 -65 -85 7 -21 1842 -1941 1853 -1938 6 2 43 37 82 79 l72 75 -923 970 c-508 533 -930 970 -938 971 -7 1 -44 -32 -81 -72z"/></g></svg>
  <svg x='514' y='506'><g transform="translate(0.151481649373,14.7505211307) scale(0.00980873003133,-0.00973472242044)"><path class="sym-fill" fill="white" d="M200 750 l0 -550 300 0 300 0 0 550 0 550 -300 0 -300 0 0 -550z"/><path class="sym-line" fill="black" d="M0 750 l0 -750 754 0 753 0 244 422 c134 232 245 429 247 438 1 10 -27 32 -82 63 -46 26 -86 47 -88 47 -3 0 -77 -124 -164 -276 l-159 -277 -3 542 -2 541 -750 0 -750 0 0 -750z m800 0 l0 -550 -300 0 -300 0 0 550 0 550 300 0 300 0 0 -550z"/></g></svg>
  <svg x='463' y='496'><g transform="translate(0.131576825216,14.7505211307) scale(0.00980873003133,-0.00973472242044)"><path class="sym-fill" fill="white" d="M1200 750 l0 -550 300 0 300 0 0 550 0 550 -300 0 -300 0 0 -550z"/><path class="sym-line" fill="black" d="M498 959 l-3 -542 -159 277 c-87 152 -161 276 -164 276 -2 0 -42 -21 -88 -47 -55 -31 -83 -53 -82 -63 2 -9 113 -206 247 -438 l244 -422 753 0 754 0 0 750 0 750 -750 0 -750 0 -2 -541z m1302 -209 l0 -550 -300 0 -300 0 0 550 0 550 300 0 300 0 0 -550z"/></g></svg>
  <svg x='531' y='486'><g transform="translate(0.180759557901,19.7524059778) scale(0.00975093803673,-0.00984567638089)"><path class="sym-fill" fill="white" d="M1000 994 l0 -886 43 7 c69 11 138 34 197 64 l55 28 3 787 2 786 -32 20 c-40 25 -209 80 -243 80 l-25 0 0 -886z"/><path class="sym-line" fill="black" d="M665 1984 c-138 -28 -274 -87 -370 -161 -102 -79 -200 -219 -246 -350 -26 -76 -49 -184 -49 -234 l0 -39 105 0 105 0 0 29 c0 71 53 160 130 216 102 75 283 130 467 142 l93 6 0 -691 0 -692 -78 0 c-239 0 -482 72 -603 179 -50 44 -109 144 -109 185 0 25 -2 26 -56 26 l-57 0 5 -69 c10 -135 103 -277 240 -364 161 -103 411 -166 660 -167 347 0 578 136 713 421 71 152 78 196 83 559 4 350 -1 411 -45 533 -82 229 -266 388 -528 458 -104 28 -354 35 -460 13z m425 -114 c30 -7 90 -28 133 -48 l77 -35 0 -791 0 -792 -67 -32 c-69 -33 -169 -62 -210 -62 l-23 0 0 891 c0 843 1 890 18 886 9 -3 42 -11 72 -17z"/></g></svg>
  <svg x='445' y='481'><g transform="translate(0.140680065291,19.7447764976) scale(0.00975323237509,-0.00980219165214)"><path class="sym-fill" fill="white" d="M555 1850 c-49 -16 -105 -39 -123 -50 l-32 -20 2 -786 3 -787 55 -28 c59 -30 128 -53 198 -64 l42 -7 0 886 0 886 -27 0 c-16 -1 -68 -14 -118 -30z"/><path class="sym-line" fill="black" d="M620 1981 c-101 -24 -144 -38 -215 -74 -177 -88 -294 -216 -358 -394 -44 -122 -49 -183 -45 -533 4 -296 6 -332 26 -405 71 -259 227 -442 447 -524 222 -83 575 -64 844 46 227 93 366 252 379 434 l5 69 -57 0 c-54 0 -56 -1 -56 -26 0 -41 -59 -141 -109 -185 -121 -107 -364 -179 -603 -179 l-78 0 0 692 0 691 93 -6 c184 -12 365 -67 467 -142 77 -56 130 -145 130 -216 l0 -29 105 0 105 0 0 39 c0 89 -46 248 -101 352 -110 206 -311 344 -574 394 -108 20 -308 18 -405 -4z m80 -981 l0 -890 -23 0 c-41 0 -141 29 -209 62 l-68 32 0 791 0 792 73 34 c58 26 179 64 220 68 4 1 7 -399 7 -889z"/></g></svg>
  <svg x='546' y='464'><g transform="translate(0.0,30.0) scale(0.01,-0.01)"><path class="sym-fill" fill="white" d="M1600 750 l0 -550 300 0 300 0 0 550 0 550 -300 0 -300 0 0 -550z"/><path class="sym-line" fill="black" d="M1400 2250 l0 -750 -302 0 -303 0 -227 227 -228 228 -75 -75 -75 -75 152 -152 153 -153 -248 0 -247 0 0 -100 0 -100 348 0 347 0 353 -353 352 -352 0 -298 0 -297 750 0 750 0 0 750 0 750 -650 0 -650 0 0 750 0 750 -100 0 -100 0 0 -750z m0 -1150 c0 -110 -1 -200 -3 -200 -1 0 -92 90 -202 200 l-200 200 203 0 202 0 0 -200z m800 -350 l0 -550 -300 0 -300 0 0 550 0 550 300 0 300 0 0 -550z"/></g></svg>
  <svg x='425' y='457'><g transform="translate(0.0,30.0) scale(0.01,-0.01)"><path class="sym-fill" fill="white" d="M700 750 l0 -550 300 0 300 0 0 550 0 550 -300 0 -300 0 0 -550z"/><path class="sym-line" fill="black" d="M1300 2250 l0 -750 -650 0 -650 0 0 -750 0 -750 750 0 750 0 0 298 0 297 353 353 352 352 348 0 347 0 0 100 0 100 -247 0 -248 0 153 153 152 152 -75 75 -75 75 -228 -228 -227 -227 -303 0 -302 0 0 750 0 750 -100 0 -100 0 0 -750z m0 -1500 l0 -550 -300 0 -300 0 0 550 0 550 300 0 300 0 0 -550z m600 547 c0 -1 -90 -92 -200 -202 l-200 -200 0 203 0 202 200 0 c110 0 200 -1 200 -3z"/></g></svg>
</svg>