<svg version='1.1' xmlns='http://www.w3.org/2000/svg' width='69' height='103' viewBox='465 449 69 103'>
  <text font-size='0'>AS14c50S14c58S22b00S22b10S22500S22500S22500S22500M534x552S14c50510x494S14c58467x494S22b00511x450S22b10471x449S22500465x538S22500476x538S22500509x539S22500520x539</text>
  <svg x='510' y='494'><g transform="translate(0.201198550476,30.7516384396) scale(0.00988990203709,-0.00987200030311)"><path class="sym-line" fill="black" d="M1020 2670 c0 -236 3 -430 7 -430 4 0 29 21 55 47 l48 47 48 -47 c26 -26 51 -47 55 -47 4 0 7 194 7 430 l0 430 -110 0 -110 0 0 -430z M313 2652 c-52 -29 -81 -52 -78 -60 3 -7 102 -177 221 -378 l216 -365 71 64 c39 35 75 70 80 78 7 11 -44 105 -196 359 -113 190 -211 346 -219 347 -7 2 -50 -19 -95 -45z M1650 2373 c-107 -180 -196 -331 -198 -337 -4 -18 146 -162 157 -151 16 16 421 703 421 714 0 9 -160 101 -177 101 -5 0 -96 -147 -203 -327z M867 1953 l-256 -248 0 -852 -1 -853 520 0 520 0 0 853 0 853 -254 247 c-140 136 -259 247 -264 247 -5 0 -124 -111 -265 -247z M1978 1814 l-238 -235 0 -140 c0 -79 4 -139 9 -139 5 0 150 136 321 302 l311 302 -73 73 c-40 40 -77 73 -83 73 -5 0 -117 -106 -247 -236z M69 1273 l-74 -75 255 -249 c140 -137 258 -249 263 -249 4 0 7 65 7 144 l0 143 -188 181 -189 181 -74 -76z"/></g></svg>
  <svg x='467' y='494'><g transform="translate(-0.0476480274918,30.7516384396) scale(0.00989475189514,-0.00987200030311)"><path class="sym-line" fill="black" d="M1160 2670 c0 -236 3 -430 7 -430 4 0 29 21 55 47 l48 47 48 -47 c26 -26 51 -47 55 -47 4 0 7 194 7 430 l0 430 -110 0 -110 0 0 -430z M453 2653 c-46 -26 -83 -50 -83 -55 0 -9 407 -698 421 -713 9 -9 159 130 159 147 0 16 -395 668 -405 668 -5 0 -47 -21 -92 -47z M1779 2358 c-112 -188 -205 -346 -207 -352 -1 -6 33 -44 77 -84 l80 -72 132 222 c72 123 172 290 220 372 49 82 89 152 89 155 0 8 -164 101 -178 101 -5 0 -101 -154 -213 -342z M1003 1952 l-253 -248 0 -852 0 -852 520 0 520 0 0 853 -1 852 -255 248 c-141 136 -261 247 -267 246 -7 0 -126 -111 -264 -247z M92 1977 l-72 -73 311 -302 c172 -166 316 -302 321 -302 4 0 8 63 8 141 l0 141 -236 231 c-130 128 -242 233 -248 235 -6 1 -44 -30 -84 -71z M2067 1167 l-187 -182 0 -142 c0 -79 4 -143 8 -143 4 0 122 112 262 249 l255 249 -75 75 -75 75 -188 -181z"/></g></svg>
  <svg x='511' y='450'><g transform="translate(0.198426155669,29.7519795905) scale(0.00968892587986,-0.00986784736349)"><path class="sym-fill" fill="white" d="M600 1100 l0 -1100 200 0 200 0 0 1100 0 1100 -200 0 -200 0 0 -1100z"/><path class="sym-line" fill="black" d="M395 2600 l-400 -400 203 0 202 0 0 -1100 0 -1100 100 0 100 0 0 1100 0 1100 200 0 200 0 0 -1100 0 -1100 100 0 100 0 0 1100 0 1100 202 0 203 0 -400 400 c-220 220 -402 400 -405 400 -3 0 -185 -180 -405 -400z"/></g></svg>
  <svg x='471' y='449'><g transform="translate(0.198426155669,29.7519795905) scale(0.00968892587986,-0.00986784736349)"><path class="sym-fill" fill="white" d="M520 2575 l-275 -275 555 0 555 0 -275 275 c-151 151 -277 275 -280 275 -3 0 -129 -124 -280 -275z M600 1100 l0 -1100 200 0 200 0 0 1100 0 1100 -200 0 -200 0 0 -1100z"/><path class="sym-line" fill="black" d="M395 2600 l-400 -400 203 0 202 0 0 -1100 0 -1100 100 0 100 0 0 1100 0 1100 200 0 200 0 0 -1100 0 -1100 100 0 100 0 0 1100 0 1100 202 0 203 0 -400 400 c-220 220 -402 400 -405 400 -3 0 -185 -180 -405 -400z m685 -25 l275 -275 -555 0 -555 0 275 275 c151 151 277 275 280 275 3 0 129 -124 280 -275z"/></g></svg>
  <svg x='465' y='538'><g transform="translate(0.129657592279,12.7611391067) scale(0.00969862692135,-0.00984270971087)"><path class="sym-line" fill="black" d="M299 1000 c-162 -155 -295 -287 -297 -294 -3 -13 124 -136 140 -136 4 0 107 94 229 210 123 116 226 210 229 210 3 0 106 -94 229 -210 122 -115 225 -210 229 -210 16 0 143 123 140 136 -3 14 -586 574 -598 574 -4 0 -139 -126 -301 -280z M299 429 c-161 -154 -295 -286 -297 -293 -3 -13 123 -136 140 -136 4 0 108 94 231 210 122 115 224 210 227 210 3 0 105 -95 227 -210 123 -116 227 -210 231 -210 17 0 143 123 140 136 -3 13 -587 574 -598 574 -3 0 -139 -126 -301 -281z"/></g></svg>
  <svg x='476' y='538'><g transform="translate(0.129657592279,12.7611391067) scale(0.00969862692135,-0.00984270971087)"><path class="sym-line" fill="black" d="M299 1000 c-162 -155 -295 -287 -297 -294 -3 -13 124 -136 140 -136 4 0 107 94 229 210 123 116 226 210 229 210 3 0 106 -94 229 -210 122 -115 225 -210 229 -210 16 0 143 123 140 136 -3 14 -586 574 -598 574 -4 0 -139 -126 -301 -280z M299 429 c-161 -154 -295 -286 -297 -293 -3 -13 123 -136 140 -136 4 0 108 94 231 210 122 115 224 210 227 210 3 0 105 -95 227 -210 123 -116 227 -210 231 -210 17 0 143 123 140 136 -3 13 -587 574 -598 574 -3 0 -139 -126 -301 -281z"/></g></svg>
  <svg x='509' y='539'><g transform="translate(0.129657592279,12.7611391067) scale(0.00969862692135,-0.00984270971087)"><path class="sym-line" fill="black" d="M299 1000 c-162 -155 -295 -287 -297 -294 -3 -13 124 -136 140 -136 4 0 107 94 229 210 123 116 226 210 229 210 3 0 106 -94 229 -210 122 -115 225 -210 229 -210 16 0 143 123 140 136 -3 14 -586 574 -598 574 -4 0 -139 -126 -301 -280z M299 429 c-161 -154 -295 -286 -297 -293 -3 -13 123 -136 140 -136 4 0 108 94 231 210 122 115 224 210 227 210 3 0 105 -95 227 -210 123 -116 227 -210 231 -210 17 0 143 123 140 136 -3 13 -587 574 -598 574 -3 0 -139 -126 -301 -281z"/></g></svg>
  <svg x='520' y='539'><g transform="translate(0.129657592279,12.7611391067) scale(0.00969862692135,-0.00984270971087)"><path class="sym-line" fill="black" d="M299 1000 c-162 -155 -295 -287 -297 -294 -3 -13 124 -136 140 -136 4 0 107 94 229 210 123 116 226 210 229 210 3 0 106 -94 229 -210 122 -115 225 -210 229 -210 16 0 143 123 140 136 -3 14 -586 574 -598 574 -4 0 -139 -126 -301 -280z M299 429 c-161 -154 -295 -286 -297 -293 -3 -13 123 -136 140 -136 4 0 108 94 231 210 122 115 224 210 227 210 3 0 105 -95 227 -210 123 -116 227 -210 231 -210 17 0 143 123 140 136 -3 13 -587 574 -598 574 -3 0 -139 -126 -301 -281z"/></g></svg>
</svg>