<svg version='1.1' xmlns='http://www.w3.org/2000/svg' width='125' height='54' viewBox='437 473 125 54'>
  <text font-size='0'>AS14710S19210S1dc10S19210S17610S11910S2f900S2f700S2f920M562x527S14710437x487S19210452x490S2f900546x473S19210500x491S17610527x494S11910545x484S2f700495x520S1dc10477x480S2f920477x476</text>
  <svg x='437' y='487'><g transform="translate(0.0,22.0) scale(0.01,-0.01)"><path class="sym-fill" fill="white" d="M447 1662 l-247 -247 0 -208 0 -207 250 0 250 0 0 -150 0 -150 -250 0 -250 0 0 -250 0 -250 300 0 300 0 0 808 0 808 -48 47 c-26 26 -50 47 -52 47 -3 0 -116 -111 -253 -248z"/><path class="sym-line" fill="black" d="M347 1852 l-347 -347 0 -753 0 -752 700 0 700 0 0 753 0 752 -348 348 c-191 191 -349 347 -352 347 -3 0 -161 -156 -353 -348z m405 21 l48 -47 0 -813 0 -813 -300 0 -300 0 0 250 0 250 250 0 250 0 0 150 0 150 -250 0 -250 0 0 206 0 206 248 254 c136 140 249 254 252 254 2 0 26 -21 52 -47z"/></g></svg>
  <svg x='452' y='490'><g transform="translate(0.13141383069,18.749322358) scale(0.00981776176264,-0.00979417818707)"><path class="sym-fill" fill="white" d="M800 710 l0 -520 300 0 300 0 0 520 0 520 -300 0 -300 0 0 -520z"/><path class="sym-line" fill="black" d="M140 1773 c-74 -69 -136 -131 -138 -138 -1 -6 132 -139 298 -296 l300 -284 0 -527 0 -528 750 0 750 0 0 715 0 715 -657 0 -658 0 -245 235 c-135 129 -249 234 -255 234 -5 1 -71 -56 -145 -126z m1260 -1058 l0 -525 -300 0 -300 0 0 525 0 525 300 0 300 0 0 -525z"/></g></svg>
  <svg x='546' y='473'><g transform="translate(0.180786096011,4.75000053092) scale(0.00958087152387,-0.00920312606184)"><path class="sym-line" fill="black" d="M245 488 c-55 -20 -116 -69 -150 -121 -45 -68 -84 -193 -92 -289 l-6 -78 107 0 106 0 0 40 c0 57 36 145 71 175 37 30 91 33 131 7 15 -10 53 -49 85 -87 82 -98 136 -129 231 -134 87 -4 139 9 200 51 86 59 157 215 169 371 l6 77 -107 0 -106 0 0 -40 c0 -57 -36 -145 -71 -175 -37 -30 -91 -33 -131 -7 -15 10 -53 49 -85 87 -32 38 -81 83 -107 100 -44 27 -59 30 -135 32 -47 1 -99 -3 -116 -9z"/></g></svg>
  <svg x='500' y='491'><g transform="translate(0.13141383069,18.749322358) scale(0.00981776176264,-0.00979417818707)"><path class="sym-fill" fill="white" d="M800 710 l0 -520 300 0 300 0 0 520 0 520 -300 0 -300 0 0 -520z"/><path class="sym-line" fill="black" d="M140 1773 c-74 -69 -136 -131 -138 -138 -1 -6 132 -139 298 -296 l300 -284 0 -527 0 -528 750 0 750 0 0 715 0 715 -657 0 -658 0 -245 235 c-135 129 -249 234 -255 234 -5 1 -71 -56 -145 -126z m1260 -1058 l0 -525 -300 0 -300 0 0 525 0 525 300 0 300 0 0 -525z"/></g></svg>
  <svg x='527' y='494'><g transform="translate(0.0996925829584,15.7992338797) scale(0.00981117768656,-0.00980419842474)"><path class="sym-fill" fill="white" d="M675 1384 c-229 -49 -412 -235 -459 -466 -20 -97 -20 -139 0 -236 36 -176 158 -338 314 -414 67 -33 196 -68 250 -68 20 0 20 3 20 600 l0 600 -27 -1 c-16 0 -59 -7 -98 -15z"/><path class="sym-line" fill="black" d="M670 1594 c-235 -45 -460 -214 -578 -434 -73 -135 -87 -195 -87 -360 0 -125 3 -155 23 -215 88 -265 292 -469 557 -557 60 -20 90 -23 215 -23 125 0 155 3 215 23 265 88 469 292 557 557 20 60 23 90 23 215 0 125 -3 155 -23 215 -71 214 -218 389 -413 494 -125 67 -187 83 -334 86 -71 2 -141 1 -155 -1z m130 -794 l0 -600 -37 0 c-143 1 -332 99 -431 225 -240 304 -142 739 206 914 70 35 156 59 220 60 l42 1 0 -600z"/></g></svg>
  <svg x='545' y='484'><g transform="translate(-0.149819886818,24.7481359523) scale(0.00994035231571,-0.00982397934865)"><path class="sym-fill" fill="white" d="M430 730 l0 -530 290 0 290 0 0 530 0 530 -290 0 -290 0 0 -530z"/><path class="sym-line" fill="black" d="M97 2432 c-37 -37 -67 -72 -67 -77 0 -6 199 -207 442 -447 l443 -437 -347 0 -348 -1 0 -735 0 -735 740 0 740 0 -1 738 -2 737 -518 515 -519 514 -70 -69 c-39 -38 -70 -74 -70 -80 0 -5 199 -207 442 -447 l443 -437 -100 0 -100 -1 -515 515 c-283 283 -517 515 -520 515 -3 0 -36 -30 -73 -68z m918 -1702 l0 -535 -295 0 -295 0 -3 538 -2 537 297 -2 298 -3 0 -535z"/></g></svg>
  <svg x='495' y='520'><g transform="translate(0.0,7.0) scale(0.01,-0.01)"><path class="sym-line" fill="black" d="M463 432 l-463 -267 0 -82 0 -83 600 0 600 0 0 100 0 100 -355 2 -355 3 355 205 355 204 0 43 0 43 -137 0 -138 -1 -462 -267z"/></g></svg>
  <svg x='477' y='480'><g transform="translate(0.0,30.0) scale(0.01,-0.01)"><path class="sym-fill" fill="white" d="M200 750 l0 -550 300 0 300 0 0 550 0 550 -300 0 -300 0 0 -550z"/><path class="sym-line" fill="black" d="M1300 2250 l0 -750 -650 0 -650 0 0 -750 0 -750 750 0 750 0 0 300 0 300 450 0 450 0 0 100 0 100 -450 0 -450 0 0 1100 0 1100 -100 0 -100 0 0 -750z m-500 -1500 l0 -550 -300 0 -300 0 0 550 0 550 300 0 300 0 0 -550z"/></g></svg>
  <svg x='477' y='476'><g transform="translate(0.180786096011,10.7500002304) scale(0.00958087152387,-0.00963778430032)"><path class="sym-line" fill="black" d="M244 1089 c-52 -15 -125 -71 -160 -121 -41 -61 -74 -156 -81 -240 l-6 -68 105 0 105 0 6 49 c7 58 29 104 64 137 20 18 37 24 74 24 47 0 51 -2 139 -85 108 -103 153 -125 253 -125 90 0 133 12 193 53 87 59 149 182 161 320 l6 67 -105 0 -105 0 -6 -49 c-7 -58 -29 -104 -64 -137 -20 -18 -37 -24 -74 -24 -47 0 -51 2 -139 85 -110 105 -153 125 -258 124 -42 0 -91 -5 -108 -10z M244 429 c-52 -15 -125 -71 -160 -121 -41 -61 -74 -156 -81 -240 l-6 -68 105 0 105 0 6 49 c7 58 29 104 64 137 20 18 37 24 74 24 47 0 51 -2 139 -85 108 -103 153 -125 253 -125 90 0 133 12 193 53 87 59 149 182 161 320 l6 67 -105 0 -105 0 -6 -49 c-7 -58 -29 -104 -64 -137 -20 -18 -37 -24 -74 -24 -47 0 -51 2 -139 85 -110 105 -153 125 -258 124 -42 0 -91 -5 -108 -10z"/></g></svg>
</svg>