<svg version='1.1' xmlns='http://www.w3.org/2000/svg' width='73' height='85' viewBox='464 457 73 85'>
  <text font-size='0'>AS14c58S14c50S26a04S26a14S18551S18559S20500S20500S2fb04M537x542S14c50509x457S14c58465x457S18551508x510S18559464x510S20500506x531S26a04510x492S20500484x531S26a14466x493S2fb04491x502</text>
  <svg x='509' y='457'><g transform="translate(0.201198550476,30.7516384396) scale(0.00988990203709,-0.00987200030311)"><path class="sym-line" fill="black" d="M1020 2670 c0 -236 3 -430 7 -430 4 0 29 21 55 47 l48 47 48 -47 c26 -26 51 -47 55 -47 4 0 7 194 7 430 l0 430 -110 0 -110 0 0 -430z M313 2652 c-52 -29 -81 -52 -78 -60 3 -7 102 -177 221 -378 l216 -365 71 64 c39 35 75 70 80 78 7 11 -44 105 -196 359 -113 190 -211 346 -219 347 -7 2 -50 -19 -95 -45z M1650 2373 c-107 -180 -196 -331 -198 -337 -4 -18 146 -162 157 -151 16 16 421 703 421 714 0 9 -160 101 -177 101 -5 0 -96 -147 -203 -327z M867 1953 l-256 -248 0 -852 -1 -853 520 0 520 0 0 853 0 853 -254 247 c-140 136 -259 247 -264 247 -5 0 -124 -111 -265 -247z M1978 1814 l-238 -235 0 -140 c0 -79 4 -139 9 -139 5 0 150 136 321 302 l311 302 -73 73 c-40 40 -77 73 -83 73 -5 0 -117 -106 -247 -236z M69 1273 l-74 -75 255 -249 c140 -137 258 -249 263 -249 4 0 7 65 7 144 l0 143 -188 181 -189 181 -74 -76z"/></g></svg>
  <svg x='465' y='457'><g transform="translate(-0.0476480274918,30.7516384396) scale(0.00989475189514,-0.00987200030311)"><path class="sym-line" fill="black" d="M1160 2670 c0 -236 3 -430 7 -430 4 0 29 21 55 47 l48 47 48 -47 c26 -26 51 -47 55 -47 4 0 7 194 7 430 l0 430 -110 0 -110 0 0 -430z M453 2653 c-46 -26 -83 -50 -83 -55 0 -9 407 -698 421 -713 9 -9 159 130 159 147 0 16 -395 668 -405 668 -5 0 -47 -21 -92 -47z M1779 2358 c-112 -188 -205 -346 -207 -352 -1 -6 33 -44 77 -84 l80 -72 132 222 c72 123 172 290 220 372 49 82 89 152 89 155 0 8 -164 101 -178 101 -5 0 -101 -154 -213 -342z M1003 1952 l-253 -248 0 -852 0 -852 520 0 520 0 0 853 -1 852 -255 248 c-141 136 -261 247 -267 246 -7 0 -126 -111 -264 -247z M92 1977 l-72 -73 311 -302 c172 -166 316 -302 321 -302 4 0 8 63 8 141 l0 141 -236 231 c-130 128 -242 233 -248 235 -6 1 -44 -30 -84 -71z M2067 1167 l-187 -182 0 -142 c0 -79 4 -143 8 -143 4 0 122 112 262 249 l255 249 -75 75 -75 75 -188 -181z"/></g></svg>
  <svg x='508' y='510'><g transform="translate(0.130328577793,18.8282972157) scale(0.00987789698807,-0.00983989338101)"><path class="sym-line" fill="black" d="M1341 1621 c-157 -152 -282 -281 -280 -287 4 -11 1046 -1038 1057 -1041 4 -1 135 123 292 277 l285 279 -440 436 c-242 239 -483 475 -535 524 l-96 89 -283 -277z M459 755 c-250 -245 -455 -451 -457 -458 -1 -7 60 -75 138 -151 l140 -138 182 176 181 176 564 0 c326 0 563 4 561 9 -1 5 -47 50 -100 100 l-96 92 -358 6 -358 6 178 174 179 174 -143 137 c-78 75 -146 138 -150 140 -4 1 -211 -198 -461 -443z"/></g></svg>
  <svg x='464' y='510'><g transform="translate(0.0510196050637,18.8293427346) scale(0.0098964210729,-0.00983205538664)"><path class="sym-line" fill="black" d="M541 1379 c-292 -287 -531 -525 -531 -529 0 -11 559 -555 570 -555 9 0 1053 1023 1059 1038 4 11 -35 52 -331 338 l-236 229 -531 -521z M1631 1060 l-144 -139 179 -174 178 -174 -358 -6 -358 -6 -96 -92 c-53 -50 -98 -95 -100 -100 -2 -5 235 -9 561 -9 l564 0 181 -176 182 -176 140 138 c78 76 139 144 138 151 -3 14 -907 903 -917 902 -3 0 -71 -63 -150 -139z"/></g></svg>
  <svg x='506' y='531'><g transform="translate(-0.221878406359,10.7500002304) scale(0.0103429235226,-0.00963778430032)"><path class="sym-line" fill="black" d="M430 895 l0 -205 -37 23 c-21 13 -95 61 -165 105 l-128 82 -36 -71 c-19 -40 -32 -75 -27 -79 4 -3 74 -48 156 -99 81 -51 147 -97 147 -101 0 -4 -66 -50 -147 -101 -82 -51 -152 -96 -156 -99 -5 -4 8 -39 27 -79 l36 -71 128 82 c70 44 144 92 165 105 l37 23 0 -205 0 -205 70 0 70 0 0 205 0 205 38 -23 c20 -13 94 -61 164 -105 l128 -82 36 71 c19 40 32 75 27 79 -4 3 -74 48 -155 99 -82 51 -148 97 -148 101 0 4 66 50 148 101 81 51 151 96 155 99 5 4 -8 39 -27 79 l-36 71 -128 -82 c-70 -44 -144 -92 -164 -105 l-38 -23 0 205 0 205 -70 0 -70 0 0 -205z"/></g></svg>
  <svg x='510' y='492'><g transform="translate(0.199152862387,13.7002011211) scale(0.00981571140639,-0.0096798311579)"><path class="sym-line" fill="black" d="M600 1050 l0 -350 -302 0 -303 0 352 -352 353 -353 325 325 325 325 325 -325 325 -325 353 353 352 352 -303 0 -302 0 0 350 0 350 -100 0 -100 0 0 -350 0 -350 -550 0 -550 0 0 350 0 350 -100 0 -100 0 0 -350z"/></g></svg>
  <svg x='484' y='531'><g transform="translate(-0.221878406359,10.7500002304) scale(0.0103429235226,-0.00963778430032)"><path class="sym-line" fill="black" d="M430 895 l0 -205 -37 23 c-21 13 -95 61 -165 105 l-128 82 -36 -71 c-19 -40 -32 -75 -27 -79 4 -3 74 -48 156 -99 81 -51 147 -97 147 -101 0 -4 -66 -50 -147 -101 -82 -51 -152 -96 -156 -99 -5 -4 8 -39 27 -79 l36 -71 128 82 c70 44 144 92 165 105 l37 23 0 -205 0 -205 70 0 70 0 0 205 0 205 38 -23 c20 -13 94 -61 164 -105 l128 -82 36 71 c19 40 32 75 27 79 -4 3 -74 48 -155 99 -82 51 -148 97 -148 101 0 4 66 50 148 101 81 51 151 96 155 99 5 4 -8 39 -27 79 l-36 71 -128 -82 c-70 -44 -144 -92 -164 -105 l-38 -23 0 205 0 205 -70 0 -70 0 0 -205z"/></g></svg>
  <svg x='466' y='493'><g transform="translate(0.199152862387,13.7002011211) scale(0.00981571140639,-0.0096798311579)"><path class="sym-fill" fill="white" d="M473 373 l227 -228 227 228 228 227 -455 0 -455 0 228 -227z M1773 373 l227 -228 227 228 228 227 -455 0 -455 0 228 -227z"/><path class="sym-line" fill="black" d="M600 1050 l0 -350 -302 0 -303 0 352 -352 353 -353 325 325 325 325 325 -325 325 -325 353 353 352 352 -303 0 -302 0 0 350 0 350 -100 0 -100 0 0 -350 0 -350 -550 0 -550 0 0 350 0 350 -100 0 -100 0 0 -350z m327 -677 l-227 -228 -227 228 -228 227 455 0 455 0 -228 -227z m1300 0 l-227 -228 -227 228 -228 227 455 0 455 0 -228 -227z"/></g></svg>
  <svg x='491' y='502'><g transform="translate(0.178125321737,5.7484375) scale(0.00969593203301,-0.00933333333333)"><path class="sym-line" fill="black" d="M4 569 c22 -111 99 -242 206 -349 151 -151 320 -220 540 -220 220 0 389 69 540 220 107 107 184 238 206 349 l7 31 -61 0 -61 0 -42 -82 c-54 -104 -163 -218 -264 -274 -154 -85 -340 -108 -501 -61 -176 51 -331 177 -413 335 l-42 82 -61 0 -61 0 7 -31z"/></g></svg>
</svg>