<svg version='1.1' xmlns='http://www.w3.org/2000/svg' width='208' height='33' viewBox='396 484 208 33'>
  <text font-size='0'>AS14021S11a20S19220S11922S16d10S14a20S20320S20320M604x517S14021396x492S11a20431x484S19220456x495S11922479x495S16d10514x495S14a20541x497S20320566x497S20320589x498</text>
  <svg x='396' y='492'><g transform="translate(0.050159582552,24.0802922101) scale(0.00998378843917,-0.0099797606209)"><path class="sym-line" fill="black" d="M86 2331 c-38 -38 -67 -73 -65 -79 2 -6 230 -249 507 -542 l503 -531 -149 -157 c-82 -86 -175 -185 -207 -219 l-57 -63 -298 0 -298 0 -6 -23 c-3 -12 -6 -59 -6 -104 l0 -83 201 -2 200 -3 -160 -170 c-88 -93 -161 -174 -161 -179 0 -11 120 -140 134 -143 6 -2 117 110 246 247 l235 250 470 0 470 0 204 -215 c112 -119 207 -215 211 -213 12 5 1015 1069 1015 1077 0 9 -1007 1079 -1016 1080 -4 1 -202 -206 -442 -460 -240 -253 -438 -460 -442 -460 -4 0 -231 237 -506 528 -274 290 -503 529 -507 531 -4 1 -38 -29 -76 -67z m1313 -1543 l44 -48 -268 0 -267 0 47 53 c26 28 86 93 134 142 l86 90 91 -95 c49 -52 110 -116 133 -142z"/></g></svg>
  <svg x='431' y='484'><g transform="translate(0.0,30.0) scale(0.01,-0.01)"><path class="sym-line" fill="black" d="M600 2552 l0 -447 -300 -300 -300 -300 0 -752 0 -753 750 0 750 0 0 750 0 750 -350 0 -350 0 0 253 0 252 255 255 c140 140 255 257 255 260 0 3 -34 36 -76 74 l-76 69 -179 -179 -179 -179 0 348 0 347 -100 0 -100 0 0 -448z m0 -902 l0 -150 -152 0 -153 0 150 150 c82 83 151 150 152 150 2 0 3 -67 3 -150z"/></g></svg>
  <svg x='456' y='495'><g transform="translate(0.151301014747,18.749322358) scale(0.00981776176264,-0.00979417818707)"><path class="sym-line" fill="black" d="M1560 1665 l-245 -235 -657 0 -658 0 0 -715 0 -715 750 0 750 0 0 528 0 527 300 284 c166 157 299 290 298 296 -4 16 -270 265 -283 264 -5 0 -120 -105 -255 -234z"/></g></svg>
  <svg x='479' y='495'><g transform="translate(-0.0673194398202,21.8274575505) scale(0.00992963209587,-0.00985410002297)"><path class="sym-line" fill="black" d="M1100 1839 l0 -361 -539 -546 -539 -546 67 -73 c36 -40 71 -73 76 -73 6 -1 218 210 472 467 l463 468 0 -101 0 -101 -399 -404 -398 -404 73 -78 72 -79 328 331 327 331 748 0 749 0 0 765 0 765 -750 0 -750 0 0 -361z"/></g></svg>
  <svg x='514' y='495'><g transform="translate(0.180759557901,19.7524059778) scale(0.00975093803673,-0.00984567638089)"><path class="sym-fill" fill="white" d="M1000 994 l0 -886 43 7 c69 11 138 34 197 64 l55 28 3 787 2 786 -32 20 c-40 25 -209 80 -243 80 l-25 0 0 -886z"/><path class="sym-line" fill="black" d="M665 1984 c-138 -28 -274 -87 -370 -161 -102 -79 -200 -219 -246 -350 -26 -76 -49 -184 -49 -234 l0 -39 105 0 105 0 0 29 c0 71 53 160 130 216 102 75 283 130 467 142 l93 6 0 -691 0 -692 -78 0 c-239 0 -482 72 -603 179 -50 44 -109 144 -109 185 0 25 -2 26 -56 26 l-57 0 5 -69 c10 -135 103 -277 240 -364 161 -103 411 -166 660 -167 347 0 578 136 713 421 71 152 78 196 83 559 4 350 -1 411 -45 533 -82 229 -266 388 -528 458 -104 28 -354 35 -460 13z m425 -114 c30 -7 90 -28 133 -48 l77 -35 0 -791 0 -792 -67 -32 c-69 -33 -169 -62 -210 -62 l-23 0 0 891 c0 843 1 890 18 886 9 -3 42 -11 72 -17z"/></g></svg>
  <svg x='541' y='497'><g transform="translate(-0.149900597859,14.7505211307) scale(0.00993234377835,-0.00973472242044)"><path class="sym-fill" fill="white" d="M20 750 l0 -150 445 0 445 0 0 150 0 150 -445 0 -445 0 0 -150z"/><path class="sym-line" fill="black" d="M30 1200 l0 -300 440 0 440 0 0 -150 0 -150 -440 0 -440 0 0 -300 0 -300 735 0 735 0 0 750 0 750 -735 0 -735 0 0 -300z"/></g></svg>
  <svg x='566' y='497'><g transform="translate(0.0,15.0) scale(0.01,-0.01)"><path class="sym-line" fill="black" d="M0 750 l0 -750 750 0 750 0 0 750 0 750 -750 0 -750 0 0 -750z"/></g></svg>
  <svg x='589' y='498'><g transform="translate(0.0,15.0) scale(0.01,-0.01)"><path class="sym-line" fill="black" d="M0 750 l0 -750 750 0 750 0 0 750 0 750 -750 0 -750 0 0 -750z"/></g></svg>
</svg>