<svg version='1.1' xmlns='http://www.w3.org/2000/svg' width='83' height='77' viewBox='459 446 83 77'>
  <text font-size='0'>AS14a10S14a18S26500S26510S10110S10118S2fb00S2ff00M542x523S2ff00482x483S2fb00495x459S10110526x446S10118459x446S26500528x484S26510459x483S14a10525x508S14a18461x508</text>
  <svg x='482' y='483'><g transform="translate(0.149874875465,34.7500790925) scale(0.00988906872676,-0.00988956850125)"><path class="sym-line" fill="black" d="M1528 3484 c-592 -92 -1088 -447 -1348 -963 -125 -249 -180 -485 -180 -771 0 -480 183 -911 529 -1242 350 -336 780 -508 1271 -508 451 0 864 150 1193 434 326 281 517 620 591 1051 21 121 21 409 0 530 -43 252 -114 444 -237 639 -282 453 -741 750 -1284 831 -127 19 -413 18 -535 -1z m607 -173 c583 -126 1038 -523 1224 -1069 59 -173 75 -277 75 -492 0 -165 -3 -211 -22 -300 -71 -327 -228 -611 -458 -829 -186 -177 -381 -295 -614 -374 -176 -60 -282 -78 -490 -84 -247 -7 -416 19 -628 97 -549 201 -944 674 -1043 1250 -17 97 -17 383 0 480 99 576 495 1050 1043 1250 105 38 177 58 303 81 143 26 467 21 610 -10z"/></g></svg>
  <svg x='495' y='459'><g transform="translate(0.169849905175,5.76208528494) scale(0.0097007872376,-0.00950858679199)"><path class="sym-line" fill="black" d="M552 580 c-226 -60 -429 -239 -518 -459 -13 -33 -27 -73 -30 -90 l-6 -31 60 0 61 0 42 83 c54 103 163 217 264 273 205 113 445 113 650 0 101 -56 210 -170 264 -273 l42 -83 61 0 61 0 -7 31 c-22 111 -99 242 -206 349 -99 99 -217 167 -346 200 -105 27 -289 27 -392 0z"/></g></svg>
  <svg x='526' y='446'><g transform="translate(0.100152941715,29.7975477761) scale(0.0097803264191,-0.00988303675869)"><path class="sym-fill" fill="white" d="M725 1393 c-16 -2 -52 -11 -80 -20 -199 -62 -352 -217 -421 -423 -25 -75 -25 -225 0 -300 81 -243 283 -415 524 -445 l52 -7 0 601 0 601 -22 -1 c-13 -1 -36 -4 -53 -6z"/><path class="sym-line" fill="black" d="M1400 2163 l0 -837 -37 35 c-102 97 -222 169 -348 211 -60 20 -90 23 -215 23 -125 0 -155 -3 -215 -23 -265 -88 -469 -292 -557 -557 -20 -60 -23 -90 -23 -215 0 -125 3 -155 23 -215 88 -265 292 -469 557 -557 60 -20 90 -23 215 -23 125 0 155 3 215 23 262 87 461 284 557 552 l23 65 3 1178 2 1177 -100 0 -100 0 0 -837z m-600 -1363 l0 -600 -30 0 c-57 0 -136 22 -219 62 -120 57 -232 169 -289 289 -84 176 -84 322 0 498 90 190 314 346 501 350 l37 1 0 -600z"/></g></svg>
  <svg x='459' y='446'><g transform="translate(0.148094496523,29.7975477761) scale(0.00978277517384,-0.00988303675869)"><path class="sym-fill" fill="white" d="M800 800 l0 -602 53 7 c240 30 442 202 523 445 25 75 25 225 0 300 -81 243 -283 415 -523 445 l-53 7 0 -602z"/><path class="sym-line" fill="black" d="M2 1823 l3 -1178 23 -65 c96 -268 295 -465 557 -552 60 -20 90 -23 215 -23 125 0 155 3 215 23 265 88 469 292 557 557 20 60 23 90 23 215 0 125 -3 155 -23 215 -88 265 -292 469 -557 557 -60 20 -90 23 -215 23 -125 0 -155 -3 -215 -23 -126 -42 -246 -114 -347 -211 l-38 -35 0 837 0 837 -100 0 -100 0 2 -1177z m910 -434 c169 -35 349 -178 426 -340 45 -94 62 -162 62 -249 0 -87 -17 -155 -62 -249 -57 -120 -169 -232 -289 -289 -83 -40 -162 -62 -219 -62 l-30 0 0 600 0 600 30 0 c16 0 53 -5 82 -11z"/></g></svg>
  <svg x='528' y='484'><g transform="translate(0.199517282911,14.7505211307) scale(0.00964541675618,-0.00973472242044)"><path class="sym-line" fill="black" d="M345 1150 l-350 -350 303 0 302 0 0 -400 0 -400 100 0 100 0 0 400 0 400 302 0 303 0 -350 350 c-192 193 -352 350 -355 350 -3 0 -163 -157 -355 -350z"/></g></svg>
  <svg x='459' y='483'><g transform="translate(0.199517282911,14.7505211307) scale(0.00964541675618,-0.00973472242044)"><path class="sym-fill" fill="white" d="M470 1125 l-225 -225 455 0 455 0 -225 225 c-124 124 -227 225 -230 225 -3 0 -106 -101 -230 -225z"/><path class="sym-line" fill="black" d="M345 1150 l-350 -350 303 0 302 0 0 -400 0 -400 100 0 100 0 0 400 0 400 302 0 303 0 -350 350 c-192 193 -352 350 -355 350 -3 0 -163 -157 -355 -350z m585 -25 l225 -225 -455 0 -455 0 225 225 c124 124 227 225 230 225 3 0 106 -101 230 -225z"/></g></svg>
  <svg x='525' y='508'><g transform="translate(0.0,15.0) scale(0.01,-0.01)"><path class="sym-fill" fill="white" d="M200 1100 l0 -200 250 0 250 0 0 -150 0 -150 -250 0 -250 0 0 -200 0 -200 350 0 350 0 0 550 0 550 -350 0 -350 0 0 -200z"/><path class="sym-line" fill="black" d="M0 750 l0 -750 750 0 750 0 0 750 0 750 -750 0 -750 0 0 -750z m900 0 l0 -550 -350 0 -350 0 0 200 0 200 250 0 250 0 0 150 0 150 -250 0 -250 0 0 200 0 200 350 0 350 0 0 -550z"/></g></svg>
  <svg x='461' y='508'><g transform="translate(0.0,15.0) scale(0.01,-0.01)"><path class="sym-fill" fill="white" d="M600 750 l0 -550 350 0 350 0 0 200 0 200 -250 0 -250 0 0 150 0 150 250 0 250 0 0 200 0 200 -350 0 -350 0 0 -550z"/><path class="sym-line" fill="black" d="M0 750 l0 -750 750 0 750 0 0 750 0 750 -750 0 -750 0 0 -750z m1300 350 l0 -200 -250 0 -250 0 0 -150 0 -150 250 0 250 0 0 -200 0 -200 -350 0 -350 0 0 550 0 550 350 0 350 0 0 -200z"/></g></svg>
</svg>