<svg version='1.1' xmlns='http://www.w3.org/2000/svg' width='57' height='111' viewBox='471 445 57 111'>
  <text font-size='0'>AS14c40S14c48S26504S26510S21b00S20340S20348S2fb05M528x556S2fb05504x544S14c48471x479S20348476x539S20340509x521S26504508x497S26510476x516S14c40504x457S21b00512x445</text>
  <svg x='504' y='544'><g transform="translate(0.052162597991,11.85902777) scale(0.00978030750568,-0.00975882522503)"><path class="sym-line" fill="black" d="M1031 1156 l-43 -44 28 -78 c33 -96 44 -250 23 -347 -45 -216 -187 -390 -391 -480 -153 -68 -355 -70 -507 -5 l-44 19 -44 -43 c-24 -23 -43 -45 -43 -49 0 -8 113 -63 170 -82 127 -42 327 -48 455 -13 257 71 461 277 537 542 32 111 32 295 0 407 -18 64 -85 217 -95 217 -2 0 -22 -20 -46 -44z"/></g></svg>
  <svg x='471' y='479'><g transform="translate(0.201198550476,30.7516384396) scale(0.00988990203709,-0.00987200030311)"><path class="sym-fill" fill="white" d="M1130 1057 l0 -857 155 0 155 0 0 708 0 707 -122 120 c-68 66 -138 134 -155 150 l-33 29 0 -857z"/><path class="sym-line" fill="black" d="M1020 2670 c0 -236 3 -430 6 -430 4 0 29 21 56 46 l50 46 47 -46 c26 -25 50 -46 54 -46 4 0 7 194 7 430 l0 430 -110 0 -110 0 0 -430z M313 2652 c-52 -30 -81 -52 -78 -60 5 -14 414 -704 421 -711 9 -10 155 144 151 159 -8 33 -389 660 -400 660 -7 0 -49 -22 -94 -48z M1650 2373 c-107 -180 -196 -331 -198 -337 -4 -18 146 -162 157 -151 16 16 421 703 421 714 0 9 -160 101 -177 101 -5 0 -96 -147 -203 -327z M867 1953 l-256 -248 0 -852 -1 -853 520 0 520 0 0 853 0 853 -254 247 c-140 136 -259 247 -264 247 -5 0 -124 -111 -265 -247z m572 -1040 l1 -713 -155 0 -155 0 0 861 0 861 154 -148 155 -149 0 -712z M1978 1814 l-238 -235 0 -140 c0 -79 4 -139 9 -139 5 0 150 136 321 302 l311 302 -73 73 c-40 40 -77 73 -83 73 -5 0 -117 -106 -247 -236z M69 1273 l-74 -75 255 -249 c140 -137 258 -249 263 -249 4 0 7 65 7 144 l0 143 -188 181 -189 181 -74 -76z"/></g></svg>
  <svg x='476' y='539'><g transform="translate(0.0,15.0) scale(0.01,-0.01)"><path class="sym-fill" fill="white" d="M700 1200 l0 -100 -350 0 -350 0 0 -150 0 -150 350 0 350 0 0 -300 0 -300 300 0 300 0 0 300 0 300 100 0 100 0 0 150 0 150 -100 0 -100 0 0 100 0 100 -300 0 -300 0 0 -100z"/><path class="sym-line" fill="black" d="M0 1300 l0 -200 350 0 350 0 0 100 0 100 300 0 300 0 0 -100 0 -100 100 0 100 0 0 200 0 200 -750 0 -750 0 0 -200z M0 400 l0 -400 750 0 750 0 0 400 0 400 -100 0 -100 0 0 -300 0 -300 -300 0 -300 0 0 300 0 300 -350 0 -350 0 0 -400z"/></g></svg>
  <svg x='509' y='521'><g transform="translate(0.0,15.0) scale(0.01,-0.01)"><path class="sym-fill" fill="white" d="M200 1200 l0 -100 -100 0 -100 0 0 -150 0 -150 100 0 100 0 0 -300 0 -300 300 0 300 0 0 300 0 300 350 0 350 0 0 150 0 150 -350 0 -350 0 0 100 0 100 -300 0 -300 0 0 -100z"/><path class="sym-line" fill="black" d="M0 1300 l0 -200 100 0 100 0 0 100 0 100 300 0 300 0 0 -100 0 -100 350 0 350 0 0 200 0 200 -750 0 -750 0 0 -200z M0 400 l0 -400 750 0 750 0 0 400 0 400 -350 0 -350 0 0 -300 0 -300 -300 0 -300 0 0 300 0 300 -100 0 -100 0 0 -400z"/></g></svg>
  <svg x='508' y='497'><g transform="translate(0.199517282911,14.7025292494) scale(0.00964541675618,-0.00970272783292)"><path class="sym-line" fill="black" d="M600 1100 l0 -400 -302 0 -303 0 353 -352 352 -353 352 353 353 352 -303 0 -302 0 0 400 0 400 -100 0 -100 0 0 -400z"/></g></svg>
  <svg x='476' y='516'><g transform="translate(0.199517282911,14.7505211307) scale(0.00964541675618,-0.00973472242044)"><path class="sym-fill" fill="white" d="M470 1125 l-225 -225 455 0 455 0 -225 225 c-124 124 -227 225 -230 225 -3 0 -106 -101 -230 -225z"/><path class="sym-line" fill="black" d="M345 1150 l-350 -350 303 0 302 0 0 -400 0 -400 100 0 100 0 0 400 0 400 302 0 303 0 -350 350 c-192 193 -352 350 -355 350 -3 0 -163 -157 -355 -350z m585 -25 l225 -225 -455 0 -455 0 225 225 c124 124 227 225 230 225 3 0 106 -101 230 -225z"/></g></svg>
  <svg x='504' y='457'><g transform="translate(-0.0476480274918,30.7516384396) scale(0.00989475189514,-0.00987200030311)"><path class="sym-fill" fill="white" d="M1112 1764 l-152 -146 0 -709 0 -709 155 0 155 0 0 855 c0 470 -1 855 -3 855 -2 0 -72 -66 -155 -146z"/><path class="sym-line" fill="black" d="M1160 2670 c0 -236 3 -430 7 -430 4 0 29 21 55 47 l48 47 48 -47 c26 -26 51 -47 55 -47 4 0 7 194 7 430 l0 430 -110 0 -110 0 0 -430z M453 2653 c-46 -26 -83 -50 -83 -55 0 -9 407 -698 421 -713 9 -9 159 130 159 147 0 16 -395 668 -405 668 -5 0 -47 -21 -92 -47z M1786 2371 c-108 -181 -196 -333 -196 -338 0 -17 150 -157 158 -148 12 13 410 687 417 705 3 11 -20 29 -79 63 -46 26 -88 47 -94 47 -5 0 -98 -148 -206 -329z M1003 1952 l-253 -248 0 -852 0 -852 520 0 520 0 0 853 -1 852 -255 248 c-141 136 -261 247 -267 246 -7 0 -126 -111 -264 -247z m267 -892 l0 -860 -155 0 -155 0 0 709 0 709 153 151 c83 83 153 151 155 151 1 0 2 -387 2 -860z M92 1977 l-72 -73 311 -302 c172 -166 316 -302 321 -302 4 0 8 63 8 141 l0 141 -236 231 c-130 128 -242 233 -248 235 -6 1 -44 -30 -84 -71z M2067 1167 l-187 -182 0 -142 c0 -79 4 -143 8 -143 4 0 122 112 262 249 l255 249 -75 75 -75 75 -188 -181z"/></g></svg>
  <svg x='512' y='445'><g transform="translate(0.145459417632,7.7569354617) scale(0.00951442013667,-0.00959794917003)"><path class="sym-fill" fill="white" d="M309 572 c-43 -22 -59 -38 -81 -81 -16 -31 -28 -69 -28 -91 0 -22 12 -60 28 -91 22 -43 38 -59 81 -81 68 -36 114 -36 182 0 43 22 59 38 81 81 36 68 36 114 0 182 -22 43 -38 59 -81 81 -31 16 -69 28 -91 28 -22 0 -60 -12 -91 -28z"/><path class="sym-line" fill="black" d="M275 784 c-126 -44 -218 -136 -258 -258 -22 -64 -22 -188 0 -252 56 -169 203 -274 383 -274 180 0 327 105 383 274 22 64 22 188 0 252 -41 122 -134 216 -257 257 -61 21 -195 21 -251 1z m203 -199 c104 -44 151 -167 103 -270 -71 -153 -291 -153 -362 0 -33 72 -19 166 34 224 52 56 151 76 225 46z"/></g></svg>
</svg>