<svg version='1.1' xmlns='http://www.w3.org/2000/svg' width='120' height='86' viewBox='440 457 120 86'>
  <text font-size='0'>AS14c32S1003aS37b16S37b16S37e5eS37e56S28100S28118S14c50S10058S20500M560x543S37e5e508x522S37e56472x522S37b16466x532S37b16512x532S28100498x501S28118477x501S1003a440x526S10058489x461S14c32529x519S14c50491x457S20500493x493</text>
  <svg x='508' y='522'><g transform="translate(0.161276235583,14.7847043706) scale(0.00972569809795,-0.0104544763361)"><path class="sym-fill" fill="white" d="M202 963 c3 -424 4 -440 24 -484 28 -60 93 -125 153 -153 45 -21 58 -21 583 -24 l538 -3 0 50 0 50 -522 3 c-489 3 -525 4 -558 22 -49 26 -69 45 -94 91 -20 39 -21 53 -24 463 l-3 422 -50 0 -50 0 3 -437z M1 392 l-1 -143 73 -72 c46 -46 97 -86 143 -109 130 -68 126 -68 736 -68 l548 0 0 50 0 50 -528 0 c-574 0 -586 1 -702 58 -30 15 -84 56 -120 92 -69 69 -110 139 -134 230 l-15 55 0 -143z"/><path class="sym-line" fill="black" d="M2 953 c4 -434 4 -450 26 -507 59 -159 159 -258 318 -318 58 -22 68 -23 606 -26 l548 -3 0 100 0 100 -542 3 -543 3 -50 27 c-60 31 -104 77 -136 138 l-24 45 -3 443 -3 442 -100 0 -100 0 3 -447z"/></g></svg>
  <svg x='472' y='522'><g transform="translate(0.149184001133,14.7847043706) scale(0.00972829994335,-0.0104544763361)"><path class="sym-fill" fill="white" d="M1198 978 c-3 -410 -4 -424 -24 -463 -25 -46 -45 -65 -94 -91 -33 -18 -69 -19 -558 -22 l-522 -3 0 -50 0 -50 538 3 c525 3 538 3 583 24 60 28 125 93 153 153 20 44 21 60 24 484 l3 437 -50 0 -50 0 -3 -422z M1483 479 c-30 -126 -140 -265 -253 -321 -116 -57 -128 -58 -702 -58 l-528 0 0 -50 0 -50 548 0 c610 0 606 0 736 68 46 23 97 63 144 109 l72 72 0 141 c0 77 -1 140 -3 140 -1 0 -8 -23 -14 -51z"/><path class="sym-line" fill="black" d="M1298 958 l-3 -443 -24 -45 c-32 -61 -76 -107 -136 -138 l-50 -27 -542 -3 -543 -3 0 -100 0 -100 548 3 c538 3 548 4 606 26 159 60 259 159 318 318 22 57 22 73 26 507 l3 447 -100 0 -100 0 -3 -442z"/></g></svg>
  <svg x='466' y='532'><g transform="translate(0.0,4.0) scale(0.01,-0.01)"><path class="sym-line" fill="black" d="M0 200 l0 -200 800 0 800 0 0 200 0 200 -800 0 -800 0 0 -200z"/></g></svg>
  <svg x='512' y='532'><g transform="translate(0.0,4.0) scale(0.01,-0.01)"><path class="sym-line" fill="black" d="M0 200 l0 -200 800 0 800 0 0 200 0 200 -800 0 -800 0 0 -200z"/></g></svg>
  <svg x='498' y='501'><g transform="translate(0.151673087215,28.7518184663) scale(0.00999447063925,-0.00986598293708)"><path class="sym-line" fill="black" d="M708 2566 c-181 -184 -328 -336 -328 -340 0 -3 128 -6 285 -6 l285 0 0 -315 0 -315 -22 -4 c-156 -32 -246 -62 -345 -116 -66 -36 -110 -67 -219 -155 l-31 -25 -167 170 -166 170 0 -385 0 -385 370 0 c234 0 370 4 370 10 0 5 -73 84 -163 176 l-162 167 52 46 c108 97 299 189 446 215 l37 7 0 -741 0 -740 100 0 100 0 0 745 0 745 33 -6 c176 -31 316 -86 432 -168 34 -25 110 -90 167 -145 l105 -100 37 38 37 38 -118 114 c-65 63 -145 132 -178 154 -136 90 -308 155 -447 170 l-68 7 0 314 0 314 284 2 285 3 -330 338 c-182 185 -336 337 -342 336 -7 0 -159 -150 -339 -333z"/></g></svg>
  <svg x='477' y='501'><g transform="translate(-0.258502657517,28.7483836208) scale(0.0100043345122,-0.00986205038648)"><path class="sym-fill" fill="white" d="M735 2540 l-220 -220 433 0 434 0 -213 220 c-117 121 -213 220 -214 220 0 0 -99 -99 -220 -220z M1695 1175 l-197 -205 201 0 201 0 0 205 c0 113 -2 205 -4 205 -2 0 -92 -92 -201 -205z"/><path class="sym-line" fill="black" d="M611 2563 l-331 -338 285 -3 285 -2 0 -314 0 -314 -67 -7 c-140 -15 -310 -80 -448 -170 -33 -22 -113 -91 -177 -155 l-117 -115 34 -40 34 -39 98 95 c119 116 202 178 307 231 73 37 204 77 299 91 l37 6 0 -745 0 -744 100 0 100 0 0 740 0 741 38 -7 c139 -23 341 -121 445 -216 l52 -47 -167 -168 c-93 -92 -168 -172 -168 -176 0 -4 169 -7 375 -7 l375 0 0 388 0 387 -168 -174 -167 -174 -59 52 c-78 67 -148 114 -238 156 -72 34 -233 85 -268 85 -52 0 -50 -11 -50 326 l0 314 286 0 c172 0 284 4 282 9 -5 15 -659 671 -668 671 -5 0 -157 -152 -339 -337z m524 15 c99 -101 196 -200 215 -220 l34 -38 -433 0 -433 0 214 220 c117 121 215 220 218 220 3 0 86 -82 185 -182z m773 -1405 l-3 -208 -207 -3 c-115 -1 -208 1 -208 5 0 10 403 413 413 413 4 0 6 -93 5 -207z"/></g></svg>
  <svg x='440' y='526'><g transform="translate(0.0,15.0) scale(0.01,-0.01)"><path class="sym-fill" fill="white" d="M200 750 l0 -550 450 0 450 0 0 550 0 550 -450 0 -450 0 0 -550z"/><path class="sym-line" fill="black" d="M0 750 l0 -750 650 0 650 0 0 750 0 750 -650 0 -650 0 0 -750z m1100 0 l0 -550 -450 0 -450 0 0 550 0 550 450 0 450 0 0 -550z M1500 1400 l0 -100 750 0 750 0 0 100 0 100 -750 0 -750 0 0 -100z"/></g></svg>
  <svg x='489' y='461'><g transform="translate(0.0,30.0) scale(0.01,-0.01)"><path class="sym-line" fill="black" d="M1300 2250 l0 -750 100 0 100 0 0 750 0 750 -100 0 -100 0 0 -750z M0 650 l0 -650 750 0 750 0 0 650 0 650 -750 0 -750 0 0 -650z"/></g></svg>
  <svg x='529' y='519'><g transform="translate(0.150230433539,23.9372631307) scale(0.00987129082304,-0.00991201067945)"><path class="sym-fill" fill="white" d="M1331 1419 l-144 -150 29 -32 c16 -18 83 -87 149 -154 l120 -123 707 0 708 0 0 305 0 305 -713 0 -713 0 -143 -151z"/><path class="sym-line" fill="black" d="M1823 2328 l-72 -71 181 -189 181 -188 144 0 c89 0 143 4 141 10 -4 13 -488 510 -496 510 -4 0 -39 -32 -79 -72z M448 2086 c-27 -46 -48 -88 -48 -94 0 -11 630 -391 660 -399 15 -4 169 142 159 151 -7 7 -697 416 -711 421 -8 3 -30 -26 -60 -79z M1150 1536 c-134 -139 -246 -258 -248 -265 -2 -6 108 -126 244 -266 l248 -255 853 0 853 0 0 520 0 520 -852 -1 -853 0 -245 -253z m1750 -266 l0 -310 -712 1 -713 0 -148 154 -149 155 153 155 152 155 709 0 708 0 0 -310z M0 1270 l0 -110 430 0 c237 0 430 3 430 7 0 4 -21 28 -46 54 l-46 47 46 50 c25 27 46 52 46 56 0 3 -193 6 -430 6 l-430 0 0 -110z M740 759 c-173 -104 -322 -194 -330 -199 -13 -8 -8 -23 30 -95 25 -48 50 -89 57 -92 10 -4 692 393 718 418 10 10 -131 160 -150 158 -5 0 -152 -86 -325 -190z M1283 421 c-128 -131 -233 -242 -233 -247 0 -5 33 -42 73 -82 l73 -73 302 311 c166 171 302 316 302 321 0 5 -61 9 -142 8 l-143 -1 -232 -237z"/></g></svg>
  <svg x='491' y='457'><g transform="translate(0.201198550476,30.7516384396) scale(0.00988990203709,-0.00987200030311)"><path class="sym-line" fill="black" d="M1020 2670 c0 -236 3 -430 7 -430 4 0 29 21 55 47 l48 47 48 -47 c26 -26 51 -47 55 -47 4 0 7 194 7 430 l0 430 -110 0 -110 0 0 -430z M313 2652 c-52 -29 -81 -52 -78 -60 3 -7 102 -177 221 -378 l216 -365 71 64 c39 35 75 70 80 78 7 11 -44 105 -196 359 -113 190 -211 346 -219 347 -7 2 -50 -19 -95 -45z M1650 2373 c-107 -180 -196 -331 -198 -337 -4 -18 146 -162 157 -151 16 16 421 703 421 714 0 9 -160 101 -177 101 -5 0 -96 -147 -203 -327z M867 1953 l-256 -248 0 -852 -1 -853 520 0 520 0 0 853 0 853 -254 247 c-140 136 -259 247 -264 247 -5 0 -124 -111 -265 -247z M1978 1814 l-238 -235 0 -140 c0 -79 4 -139 9 -139 5 0 150 136 321 302 l311 302 -73 73 c-40 40 -77 73 -83 73 -5 0 -117 -106 -247 -236z M69 1273 l-74 -75 255 -249 c140 -137 258 -249 263 -249 4 0 7 65 7 144 l0 143 -188 181 -189 181 -74 -76z"/></g></svg>
  <svg x='493' y='493'><g transform="translate(-0.221878406359,10.7500002304) scale(0.0103429235226,-0.00963778430032)"><path class="sym-line" fill="black" d="M430 895 l0 -205 -37 23 c-21 13 -95 61 -165 105 l-128 82 -36 -71 c-19 -40 -32 -75 -27 -79 4 -3 74 -48 156 -99 81 -51 147 -97 147 -101 0 -4 -66 -50 -147 -101 -82 -51 -152 -96 -156 -99 -5 -4 8 -39 27 -79 l36 -71 128 82 c70 44 144 92 165 105 l37 23 0 -205 0 -205 70 0 70 0 0 205 0 205 38 -23 c20 -13 94 -61 164 -105 l128 -82 36 71 c19 40 32 75 27 79 -4 3 -74 48 -155 99 -82 51 -148 97 -148 101 0 4 66 50 148 101 81 51 151 96 155 99 5 4 -8 39 -27 79 l-36 71 -128 -82 c-70 -44 -144 -92 -164 -105 l-38 -23 0 205 0 205 -70 0 -70 0 0 -205z"/></g></svg>
</svg>