<svg version='1.1' xmlns='http://www.w3.org/2000/svg' width='108' height='119' viewBox='446 440 108 119'>
  <text font-size='0'>AS14c12S14c1aS37803S3780bS20a00S22e10S22e04S22e10S22e04S2fd04S2e62aM554x559S14c12494x441S14c1a475x440S20a00493x467S2fd04490x515S22e04517x487S37803524x453S22e10481x488S22e04505x487S22e10468x488S3780b446x452S2e62a487x530</text>
  <svg x='494' y='441'><g transform="translate(0.150230433539,22.9376331902) scale(0.00987129082304,-0.00990834595228)"><path class="sym-fill" fill="white" d="M1336 1065 l149 -144 708 -1 707 0 0 145 0 145 -856 0 -857 0 149 -145z"/><path class="sym-line" fill="black" d="M1827 2237 c-37 -34 -67 -66 -67 -72 0 -5 100 -110 222 -232 l223 -223 -405 0 -404 0 -46 -44 -45 -44 -400 229 c-220 126 -402 229 -405 229 -10 -1 -101 -164 -96 -175 2 -6 163 -102 357 -213 195 -111 361 -207 369 -212 12 -8 1 -24 -60 -85 l-74 -75 -498 0 -498 0 0 -105 0 -105 498 0 498 0 74 -75 c49 -49 71 -78 63 -83 -6 -4 -173 -99 -372 -212 -198 -113 -360 -210 -361 -217 0 -13 92 -173 100 -172 3 0 185 102 405 228 l400 229 45 -44 46 -44 104 -1 105 0 -278 -272 c-152 -150 -277 -277 -277 -283 0 -6 32 -42 71 -78 l70 -67 227 220 c125 121 285 278 357 350 l130 131 597 0 598 0 0 495 0 495 -297 0 -296 0 -298 295 c-164 162 -301 295 -306 295 -4 0 -39 -29 -76 -63z m1073 -1167 l0 -150 -713 0 -712 0 -150 150 -150 150 863 0 862 0 0 -150z"/></g></svg>
  <svg x='475' y='440'><g transform="translate(0.150230433539,22.9376331902) scale(0.00987129082304,-0.00990834595228)"><path class="sym-fill" fill="white" d="M200 1065 l0 -145 708 0 707 1 149 144 149 145 -857 0 -856 0 0 -145z"/><path class="sym-line" fill="black" d="M891 2005 l-298 -295 -296 0 -297 0 0 -495 0 -495 598 0 597 0 130 -131 c72 -72 232 -229 357 -350 l227 -220 70 67 c39 36 71 72 71 78 0 6 -125 133 -277 283 l-278 272 105 0 104 1 46 44 45 44 400 -229 c220 -126 402 -228 405 -228 8 -1 100 159 100 172 -1 7 -163 104 -361 217 -199 113 -366 208 -372 212 -8 5 14 34 63 83 l74 75 498 0 498 0 0 105 0 105 -498 0 -498 0 -74 75 c-61 61 -72 77 -60 85 8 5 174 101 369 212 194 111 355 207 357 213 5 11 -86 174 -96 175 -3 0 -185 -103 -405 -229 l-400 -229 -45 44 -46 44 -404 0 -405 0 223 223 c122 122 222 227 222 234 0 11 -132 133 -144 133 -4 0 -141 -133 -305 -295z m884 -935 l-150 -150 -712 0 -713 0 0 150 0 150 862 0 863 0 -150 -150z"/></g></svg>
  <svg x='493' y='467'><g transform="translate(0.0,15.0) scale(0.01,-0.01)"><path class="sym-line" fill="black" d="M0 750 l0 -750 100 0 100 0 0 750 0 750 -100 0 -100 0 0 -750z M1600 750 l0 -750 100 0 100 0 0 750 0 750 -100 0 -100 0 0 -750z M800 1100 l0 -200 -200 0 -200 0 0 -100 0 -100 200 0 200 0 0 -200 0 -200 100 0 100 0 0 200 0 200 200 0 200 0 0 100 0 100 -200 0 -200 0 0 200 0 200 -100 0 -100 0 0 -200z"/></g></svg>
  <svg x='490' y='515'><g transform="translate(0.179499103211,5.7484375) scale(0.00980544418547,-0.00933333333333)"><path class="sym-line" fill="black" d="M4 569 c22 -111 99 -242 206 -349 151 -151 320 -220 539 -220 137 0 216 17 324 67 l77 36 78 -36 c107 -50 186 -67 323 -67 219 0 388 69 539 220 107 107 184 238 206 349 l6 31 -60 0 -61 0 -42 -82 c-54 -104 -163 -218 -264 -274 -151 -84 -336 -107 -495 -63 -40 11 -77 22 -82 25 -4 3 11 27 34 55 76 88 147 221 165 311 l6 28 -61 0 -61 0 -43 -82 c-46 -88 -158 -218 -188 -218 -30 0 -142 130 -188 218 l-43 82 -61 0 -60 0 5 -28 c18 -90 89 -223 165 -311 23 -28 38 -52 34 -55 -5 -3 -42 -14 -82 -25 -159 -44 -344 -21 -495 63 -101 56 -210 170 -264 274 l-42 82 -61 0 -61 0 7 -31z"/></g></svg>
  <svg x='517' y='487'><g transform="translate(0.148419548564,17.7025952004) scale(0.00976652257182,-0.00975230983354)"><path class="sym-fill" fill="white" d="M700 1050 l0 -350 150 0 150 0 0 350 0 350 -150 0 -150 0 0 -350z"/><path class="sym-line" fill="black" d="M0 1700 l0 -100 850 0 850 0 0 100 0 100 -850 0 -850 0 0 -100z M500 1050 l0 -350 -177 0 -178 0 353 -352 352 -353 352 353 353 352 -178 0 -177 0 0 350 0 350 -100 0 -100 0 0 -350 0 -350 -150 0 -150 0 0 350 0 350 -100 0 -100 0 0 -350z"/></g></svg>
  <svg x='524' y='453'><g transform="translate(-0.966847664685,30.9549291903) scale(0.0106284204702,-0.0106474025028)"><path class="sym-line" fill="black" d="M190 2805 l-85 -85 1305 -1305 c718 -718 1310 -1305 1315 -1305 13 0 165 152 165 165 0 10 -2600 2615 -2610 2615 -3 0 -44 -38 -90 -85z"/></g></svg>
  <svg x='481' y='488'><g transform="translate(0.0,18.0) scale(0.01,-0.01)"><path class="sym-fill" fill="white" d="M620 1425 l-225 -225 455 0 455 0 -225 225 c-124 124 -227 225 -230 225 -3 0 -106 -101 -230 -225z M700 750 l0 -350 150 0 150 0 0 350 0 350 -150 0 -150 0 0 -350z"/><path class="sym-line" fill="black" d="M495 1450 l-350 -350 178 0 177 0 0 -350 0 -350 100 0 100 0 0 350 0 350 150 0 150 0 0 -350 0 -350 100 0 100 0 0 350 0 350 177 0 178 0 -350 350 c-192 193 -352 350 -355 350 -3 0 -163 -157 -355 -350z m585 -25 l225 -225 -455 0 -455 0 225 225 c124 124 227 225 230 225 3 0 106 -101 230 -225z M0 100 l0 -100 850 0 850 0 0 100 0 100 -850 0 -850 0 0 -100z"/></g></svg>
  <svg x='505' y='487'><g transform="translate(0.148419548564,17.7025952004) scale(0.00976652257182,-0.00975230983354)"><path class="sym-fill" fill="white" d="M700 1050 l0 -350 150 0 150 0 0 350 0 350 -150 0 -150 0 0 -350z"/><path class="sym-line" fill="black" d="M0 1700 l0 -100 850 0 850 0 0 100 0 100 -850 0 -850 0 0 -100z M500 1050 l0 -350 -177 0 -178 0 353 -352 352 -353 352 353 353 352 -178 0 -177 0 0 350 0 350 -100 0 -100 0 0 -350 0 -350 -150 0 -150 0 0 350 0 350 -100 0 -100 0 0 -350z"/></g></svg>
  <svg x='468' y='488'><g transform="translate(0.0,18.0) scale(0.01,-0.01)"><path class="sym-fill" fill="white" d="M620 1425 l-225 -225 455 0 455 0 -225 225 c-124 124 -227 225 -230 225 -3 0 -106 -101 -230 -225z M700 750 l0 -350 150 0 150 0 0 350 0 350 -150 0 -150 0 0 -350z"/><path class="sym-line" fill="black" d="M495 1450 l-350 -350 178 0 177 0 0 -350 0 -350 100 0 100 0 0 350 0 350 150 0 150 0 0 -350 0 -350 100 0 100 0 0 350 0 350 177 0 178 0 -350 350 c-192 193 -352 350 -355 350 -3 0 -163 -157 -355 -350z m585 -25 l225 -225 -455 0 -455 0 225 225 c124 124 227 225 230 225 3 0 106 -101 230 -225z M0 100 l0 -100 850 0 850 0 0 100 0 100 -850 0 -850 0 0 -100z"/></g></svg>
  <svg x='446' y='452'><g transform="translate(-1.02051218248,30.9549291903) scale(0.0106476984959,-0.0106474025028)"><path class="sym-line" fill="black" d="M1412 1587 c-716 -716 -1302 -1307 -1302 -1312 0 -13 152 -165 165 -165 13 0 2615 2602 2615 2615 0 13 -152 165 -165 165 -6 0 -596 -586 -1313 -1303z"/></g></svg>
  <svg x='487' y='530'><g transform="translate(0.142413772493,28.7612999161) scale(0.0098662752524,-0.009888326765)"><path class="sym-fill" fill="white" d="M1330 2794 c-14 -2 -59 -9 -100 -15 -497 -73 -932 -457 -1073 -949 -39 -137 -52 -226 -52 -380 0 -154 13 -243 52 -380 122 -425 460 -771 883 -904 188 -60 435 -78 630 -47 274 44 542 185 750 395 l85 86 -108 108 -107 107 -70 -76 c-398 -436 -1077 -454 -1503 -40 -203 197 -317 466 -317 751 0 404 226 763 595 948 275 137 638 135 920 -5 171 -86 366 -274 451 -437 l29 -56 162 0 162 0 -34 82 c-185 437 -599 748 -1077 808 -78 9 -224 12 -278 4z"/><path class="sym-line" fill="black" d="M1235 2890 c-186 -35 -309 -76 -455 -150 -403 -207 -691 -605 -765 -1056 -19 -114 -19 -354 0 -468 101 -615 586 -1100 1201 -1201 118 -19 355 -19 469 0 199 34 413 120 577 231 93 63 231 184 279 245 l32 40 -33 34 -33 34 -87 -88 c-135 -138 -283 -239 -450 -308 -162 -67 -286 -93 -480 -100 -231 -8 -421 32 -625 131 -674 329 -956 1134 -631 1801 198 405 567 678 1016 751 117 20 359 14 470 -10 426 -94 770 -371 956 -770 l49 -106 53 0 c28 0 52 3 52 8 0 15 -43 119 -81 196 -71 142 -147 245 -273 372 -207 206 -428 329 -715 395 -98 23 -438 35 -526 19z M1280 2485 c-404 -71 -725 -358 -838 -750 -160 -552 164 -1131 723 -1293 299 -87 635 -29 892 154 69 50 223 200 223 218 0 7 -16 28 -36 47 -35 33 -36 34 -50 14 -8 -11 -45 -51 -82 -88 -117 -119 -275 -210 -437 -253 -108 -29 -362 -27 -470 4 -320 91 -576 347 -667 667 -20 69 -23 103 -23 245 0 142 3 176 23 245 91 318 348 576 662 666 96 27 303 37 404 19 255 -45 493 -200 626 -408 l45 -71 58 0 c31 -1 57 2 57 5 0 12 -73 130 -114 183 -235 304 -628 461 -996 396z M2323 1573 l327 -328 327 328 328 327 -105 0 -105 0 -222 -222 -223 -223 -223 223 -222 222 -105 0 -105 0 328 -327z M2323 973 l327 -328 327 328 328 327 -105 0 -105 0 -222 -222 -223 -223 -223 223 -222 222 -105 0 -105 0 328 -327z"/></g></svg>
</svg>