<svg version='1.1' xmlns='http://www.w3.org/2000/svg' width='51' height='115' viewBox='475 442 51 115'>
  <text font-size='0'>AS14d14S22b00S22104S17612S22100S14d14S22b00S22104S17612M526x557S14d14475x539S17612482x512S17612484x453S14d14475x488S22b00509x520S22b00510x456S22104510x509S22100510x494S22104511x442</text>
  <svg x='475' y='539'><g transform="translate(0.0,18.0) scale(0.01,-0.01)"><path class="sym-fill" fill="white" d="M880 1250 l0 -150 805 0 805 0 0 150 0 150 -805 0 -805 0 0 -150z"/><path class="sym-line" fill="black" d="M670 1350 l0 -450 1015 0 1015 0 0 450 0 450 -1015 0 -1015 0 0 -450z m1830 -100 l0 -150 -815 0 -815 0 0 150 0 150 815 0 815 0 0 -150z M282 1222 c-155 -152 -282 -282 -282 -287 0 -6 32 -42 70 -80 l70 -69 78 74 c42 41 141 138 220 215 l142 140 0 142 c0 79 -3 143 -7 142 -5 0 -135 -125 -291 -277z M943 728 c-94 -344 -146 -549 -141 -553 9 -10 190 -57 195 -51 7 7 183 646 183 664 0 9 -28 12 -109 12 l-109 0 -19 -72z M1480 400 l0 -400 105 0 105 0 0 400 0 400 -105 0 -105 0 0 -400z M1991 768 c5 -18 46 -168 90 -333 45 -165 84 -303 88 -307 6 -7 187 35 198 46 3 3 -32 145 -78 315 l-83 311 -112 0 -113 0 10 -32z M2667 618 l183 -183 75 75 75 75 -107 107 -108 108 -150 0 -150 0 182 -182z"/></g></svg>
  <svg x='482' y='512'><g transform="translate(0.0996925829584,15.7992338797) scale(0.00981117768656,-0.00980419842474)"><path class="sym-fill" fill="white" d="M200 780 c0 -54 35 -183 68 -250 50 -103 159 -212 262 -262 77 -38 198 -68 270 -68 72 0 193 30 270 68 103 50 212 159 262 262 33 67 68 196 68 250 0 20 -3 20 -600 20 -597 0 -600 0 -600 -20z"/><path class="sym-line" fill="black" d="M670 1594 c-235 -45 -460 -214 -578 -434 -73 -135 -87 -195 -87 -360 0 -125 3 -155 23 -215 88 -265 292 -469 557 -557 60 -20 90 -23 215 -23 125 0 155 3 215 23 265 88 469 292 557 557 20 60 23 90 23 215 0 125 -3 155 -23 215 -71 214 -218 389 -413 494 -125 67 -187 83 -334 86 -71 2 -141 1 -155 -1z m730 -831 c-1 -143 -99 -332 -225 -431 -223 -176 -527 -176 -750 0 -126 99 -224 288 -225 431 l0 37 600 0 600 0 0 -37z"/></g></svg>
  <svg x='484' y='453'><g transform="translate(0.0996925829584,15.7992338797) scale(0.00981117768656,-0.00980419842474)"><path class="sym-fill" fill="white" d="M200 780 c0 -54 35 -183 68 -250 50 -103 159 -212 262 -262 77 -38 198 -68 270 -68 72 0 193 30 270 68 103 50 212 159 262 262 33 67 68 196 68 250 0 20 -3 20 -600 20 -597 0 -600 0 -600 -20z"/><path class="sym-line" fill="black" d="M670 1594 c-235 -45 -460 -214 -578 -434 -73 -135 -87 -195 -87 -360 0 -125 3 -155 23 -215 88 -265 292 -469 557 -557 60 -20 90 -23 215 -23 125 0 155 3 215 23 265 88 469 292 557 557 20 60 23 90 23 215 0 125 -3 155 -23 215 -71 214 -218 389 -413 494 -125 67 -187 83 -334 86 -71 2 -141 1 -155 -1z m730 -831 c-1 -143 -99 -332 -225 -431 -223 -176 -527 -176 -750 0 -126 99 -224 288 -225 431 l0 37 600 0 600 0 0 -37z"/></g></svg>
  <svg x='475' y='488'><g transform="translate(0.0,18.0) scale(0.01,-0.01)"><path class="sym-fill" fill="white" d="M880 1250 l0 -150 805 0 805 0 0 150 0 150 -805 0 -805 0 0 -150z"/><path class="sym-line" fill="black" d="M670 1350 l0 -450 1015 0 1015 0 0 450 0 450 -1015 0 -1015 0 0 -450z m1830 -100 l0 -150 -815 0 -815 0 0 150 0 150 815 0 815 0 0 -150z M282 1222 c-155 -152 -282 -282 -282 -287 0 -6 32 -42 70 -80 l70 -69 78 74 c42 41 141 138 220 215 l142 140 0 142 c0 79 -3 143 -7 142 -5 0 -135 -125 -291 -277z M943 728 c-94 -344 -146 -549 -141 -553 9 -10 190 -57 195 -51 7 7 183 646 183 664 0 9 -28 12 -109 12 l-109 0 -19 -72z M1480 400 l0 -400 105 0 105 0 0 400 0 400 -105 0 -105 0 0 -400z M1991 768 c5 -18 46 -168 90 -333 45 -165 84 -303 88 -307 6 -7 187 35 198 46 3 3 -32 145 -78 315 l-83 311 -112 0 -113 0 10 -32z M2667 618 l183 -183 75 75 75 75 -107 107 -108 108 -150 0 -150 0 182 -182z"/></g></svg>
  <svg x='509' y='520'><g transform="translate(0.198426155669,29.7519795905) scale(0.00968892587986,-0.00986784736349)"><path class="sym-fill" fill="white" d="M600 1100 l0 -1100 200 0 200 0 0 1100 0 1100 -200 0 -200 0 0 -1100z"/><path class="sym-line" fill="black" d="M395 2600 l-400 -400 203 0 202 0 0 -1100 0 -1100 100 0 100 0 0 1100 0 1100 200 0 200 0 0 -1100 0 -1100 100 0 100 0 0 1100 0 1100 202 0 203 0 -400 400 c-220 220 -402 400 -405 400 -3 0 -185 -180 -405 -400z"/></g></svg>
  <svg x='510' y='456'><g transform="translate(0.198426155669,29.7519795905) scale(0.00968892587986,-0.00986784736349)"><path class="sym-fill" fill="white" d="M600 1100 l0 -1100 200 0 200 0 0 1100 0 1100 -200 0 -200 0 0 -1100z"/><path class="sym-line" fill="black" d="M395 2600 l-400 -400 203 0 202 0 0 -1100 0 -1100 100 0 100 0 0 1100 0 1100 200 0 200 0 0 -1100 0 -1100 100 0 100 0 0 1100 0 1100 202 0 203 0 -400 400 c-220 220 -402 400 -405 400 -3 0 -185 -180 -405 -400z"/></g></svg>
  <svg x='510' y='509'><g transform="translate(0.150398531432,6.94494141144) scale(0.00966757342839,-0.00970929130205)"><path class="sym-line" fill="black" d="M64 638 c-35 -33 -64 -64 -64 -68 0 -10 589 -550 600 -550 11 0 600 540 600 550 0 11 -127 130 -140 130 -6 0 -110 -90 -231 -200 -121 -110 -224 -200 -229 -200 -5 0 -108 90 -229 200 -121 110 -225 200 -231 200 -7 0 -41 -28 -76 -62z"/></g></svg>
  <svg x='510' y='494'><g transform="translate(0.150398531432,6.77070779296) scale(0.00966757342839,-0.0097032077862)"><path class="sym-line" fill="black" d="M296 409 c-163 -149 -296 -275 -296 -279 0 -11 127 -130 140 -130 6 0 110 90 231 200 121 110 224 200 229 200 5 0 108 -90 229 -200 121 -110 225 -200 231 -200 13 0 140 119 140 130 0 10 -589 550 -600 550 -5 0 -141 -122 -304 -271z"/></g></svg>
  <svg x='511' y='442'><g transform="translate(0.150398531432,6.94494141144) scale(0.00966757342839,-0.00970929130205)"><path class="sym-line" fill="black" d="M64 638 c-35 -33 -64 -64 -64 -68 0 -10 589 -550 600 -550 11 0 600 540 600 550 0 11 -127 130 -140 130 -6 0 -110 -90 -231 -200 -121 -110 -224 -200 -229 -200 -5 0 -108 90 -229 200 -121 110 -225 200 -231 200 -7 0 -41 -28 -76 -62z"/></g></svg>
</svg>