<svg version='1.1' xmlns='http://www.w3.org/2000/svg' width='107' height='98' viewBox='447 451 107 98'>
  <text font-size='0'>AS14c02S1000aS26620S14c50S10058S20500S37e5eS2fb05S2fb05S37b16S21400S37b16M554x549S37e5e497x528S10058477x460S2fb05486x532S20500493x494S14c50497x451S1000a447x532S2fb05485x531S37b16476x539S21400501x485S14c02523x526S37b16503x539S26620490x508</text>
  <svg x='497' y='528'><g transform="translate(0.161276235583,14.7847043706) scale(0.00972569809795,-0.0104544763361)"><path class="sym-fill" fill="white" d="M202 963 c3 -424 4 -440 24 -484 28 -60 93 -125 153 -153 45 -21 58 -21 583 -24 l538 -3 0 50 0 50 -522 3 c-489 3 -525 4 -558 22 -49 26 -69 45 -94 91 -20 39 -21 53 -24 463 l-3 422 -50 0 -50 0 3 -437z M1 392 l-1 -143 73 -72 c46 -46 97 -86 143 -109 130 -68 126 -68 736 -68 l548 0 0 50 0 50 -528 0 c-574 0 -586 1 -702 58 -30 15 -84 56 -120 92 -69 69 -110 139 -134 230 l-15 55 0 -143z"/><path class="sym-line" fill="black" d="M2 953 c4 -434 4 -450 26 -507 59 -159 159 -258 318 -318 58 -22 68 -23 606 -26 l548 -3 0 100 0 100 -542 3 -543 3 -50 27 c-60 31 -104 77 -136 138 l-24 45 -3 443 -3 442 -100 0 -100 0 3 -447z"/></g></svg>
  <svg x='477' y='460'><g transform="translate(0.0,30.0) scale(0.01,-0.01)"><path class="sym-line" fill="black" d="M1300 2250 l0 -750 100 0 100 0 0 750 0 750 -100 0 -100 0 0 -750z M0 650 l0 -650 750 0 750 0 0 650 0 650 -750 0 -750 0 0 -650z"/></g></svg>
  <svg x='486' y='532'><g transform="translate(0.052162597991,11.85902777) scale(0.00978030750568,-0.00975882522503)"><path class="sym-line" fill="black" d="M1031 1156 l-43 -44 28 -78 c33 -96 44 -250 23 -347 -45 -216 -187 -390 -391 -480 -153 -68 -355 -70 -507 -5 l-44 19 -44 -43 c-24 -23 -43 -45 -43 -49 0 -8 113 -63 170 -82 127 -42 327 -48 455 -13 257 71 461 277 537 542 32 111 32 295 0 407 -18 64 -85 217 -95 217 -2 0 -22 -20 -46 -44z"/></g></svg>
  <svg x='493' y='494'><g transform="translate(-0.221878406359,10.7500002304) scale(0.0103429235226,-0.00963778430032)"><path class="sym-line" fill="black" d="M430 895 l0 -205 -37 23 c-21 13 -95 61 -165 105 l-128 82 -36 -71 c-19 -40 -32 -75 -27 -79 4 -3 74 -48 156 -99 81 -51 147 -97 147 -101 0 -4 -66 -50 -147 -101 -82 -51 -152 -96 -156 -99 -5 -4 8 -39 27 -79 l36 -71 128 82 c70 44 144 92 165 105 l37 23 0 -205 0 -205 70 0 70 0 0 205 0 205 38 -23 c20 -13 94 -61 164 -105 l128 -82 36 71 c19 40 32 75 27 79 -4 3 -74 48 -155 99 -82 51 -148 97 -148 101 0 4 66 50 148 101 81 51 151 96 155 99 5 4 -8 39 -27 79 l-36 71 -128 -82 c-70 -44 -144 -92 -164 -105 l-38 -23 0 205 0 205 -70 0 -70 0 0 -205z"/></g></svg>
  <svg x='497' y='451'><g transform="translate(0.201198550476,30.7516384396) scale(0.00988990203709,-0.00987200030311)"><path class="sym-line" fill="black" d="M1020 2670 c0 -236 3 -430 7 -430 4 0 29 21 55 47 l48 47 48 -47 c26 -26 51 -47 55 -47 4 0 7 194 7 430 l0 430 -110 0 -110 0 0 -430z M313 2652 c-52 -29 -81 -52 -78 -60 3 -7 102 -177 221 -378 l216 -365 71 64 c39 35 75 70 80 78 7 11 -44 105 -196 359 -113 190 -211 346 -219 347 -7 2 -50 -19 -95 -45z M1650 2373 c-107 -180 -196 -331 -198 -337 -4 -18 146 -162 157 -151 16 16 421 703 421 714 0 9 -160 101 -177 101 -5 0 -96 -147 -203 -327z M867 1953 l-256 -248 0 -852 -1 -853 520 0 520 0 0 853 0 853 -254 247 c-140 136 -259 247 -264 247 -5 0 -124 -111 -265 -247z M1978 1814 l-238 -235 0 -140 c0 -79 4 -139 9 -139 5 0 150 136 321 302 l311 302 -73 73 c-40 40 -77 73 -83 73 -5 0 -117 -106 -247 -236z M69 1273 l-74 -75 255 -249 c140 -137 258 -249 263 -249 4 0 7 65 7 144 l0 143 -188 181 -189 181 -74 -76z"/></g></svg>
  <svg x='447' y='532'><g transform="translate(0.0,15.0) scale(0.01,-0.01)"><path class="sym-fill" fill="white" d="M200 750 l0 -550 550 0 550 0 0 550 0 550 -550 0 -550 0 0 -550z"/><path class="sym-line" fill="black" d="M0 750 l0 -750 750 0 750 0 0 650 0 650 750 0 750 0 0 100 0 100 -1500 0 -1500 0 0 -750z m1300 0 l0 -550 -550 0 -550 0 0 550 0 550 550 0 550 0 0 -550z"/></g></svg>
  <svg x='485' y='531'><g transform="translate(0.052162597991,11.85902777) scale(0.00978030750568,-0.00975882522503)"><path class="sym-line" fill="black" d="M1031 1156 l-43 -44 28 -78 c33 -96 44 -250 23 -347 -45 -216 -187 -390 -391 -480 -153 -68 -355 -70 -507 -5 l-44 19 -44 -43 c-24 -23 -43 -45 -43 -49 0 -8 113 -63 170 -82 127 -42 327 -48 455 -13 257 71 461 277 537 542 32 111 32 295 0 407 -18 64 -85 217 -95 217 -2 0 -22 -20 -46 -44z"/></g></svg>
  <svg x='476' y='539'><g transform="translate(0.0,4.0) scale(0.01,-0.01)"><path class="sym-line" fill="black" d="M0 200 l0 -200 800 0 800 0 0 200 0 200 -800 0 -800 0 0 -200z"/></g></svg>
  <svg x='501' y='485'><g transform="translate(0.149086073535,4.76137599396) scale(0.00973319632325,-0.00935366836629)"><path class="sym-fill" fill="white" d="M605 383 c-94 -34 -162 -105 -191 -199 -28 -92 -60 -84 337 -84 l352 0 -7 42 c-16 99 -85 191 -175 231 -65 30 -244 35 -316 10z"/><path class="sym-line" fill="black" d="M575 484 c-90 -32 -160 -84 -208 -157 -41 -62 -67 -136 -67 -189 l0 -38 -150 0 -150 0 0 -50 0 -50 750 0 750 0 0 50 0 50 -150 0 -150 0 0 38 c0 141 -122 295 -274 345 -64 22 -291 23 -351 1z m360 -116 c88 -46 149 -130 162 -223 l6 -45 -353 0 -353 0 6 45 c16 112 100 208 217 246 14 5 79 7 145 6 107 -3 125 -6 170 -29z"/></g></svg>
  <svg x='523' y='526'><g transform="translate(0.150230433539,22.9376331902) scale(0.00987129082304,-0.00990834595228)"><path class="sym-fill" fill="white" d="M1336 1366 c-82 -78 -147 -147 -145 -153 2 -6 70 -74 150 -152 l147 -141 706 0 706 0 0 295 0 295 -707 0 -708 -1 -149 -143z"/><path class="sym-line" fill="black" d="M1827 2237 c-37 -34 -67 -66 -67 -72 0 -5 100 -110 222 -232 l223 -223 -405 0 -404 0 -46 -44 -45 -44 -400 229 c-220 126 -402 229 -405 229 -10 -1 -101 -164 -96 -175 2 -6 163 -102 357 -213 195 -111 361 -207 369 -212 12 -8 1 -24 -60 -85 l-74 -75 -498 0 -498 0 0 -105 0 -105 498 0 498 0 74 -75 c49 -49 71 -78 63 -83 -6 -4 -173 -99 -372 -212 -198 -113 -360 -210 -361 -217 0 -13 92 -173 100 -172 3 0 185 102 405 228 l400 229 45 -44 46 -44 104 -1 105 0 -278 -272 c-152 -150 -277 -277 -277 -283 0 -6 32 -42 71 -78 l70 -67 227 220 c125 121 285 278 357 350 l130 131 597 0 598 0 0 495 0 495 -297 0 -296 0 -298 295 c-164 162 -301 295 -306 295 -4 0 -39 -29 -76 -63z m1073 -1022 l0 -295 -712 0 -713 0 -147 147 -148 148 147 147 148 148 712 0 713 0 0 -295z"/></g></svg>
  <svg x='503' y='539'><g transform="translate(0.0,4.0) scale(0.01,-0.01)"><path class="sym-line" fill="black" d="M0 200 l0 -200 800 0 800 0 0 200 0 200 -800 0 -800 0 0 -200z"/></g></svg>
  <svg x='490' y='508'><g transform="translate(0.198426155669,29.7519795905) scale(0.00968892587986,-0.00986784736349)"><path class="sym-line" fill="black" d="M395 2600 l-400 -400 145 0 144 0 252 258 252 257 259 -257 258 -258 150 0 150 0 -400 400 c-220 220 -402 400 -405 400 -3 0 -185 -180 -405 -400z M700 1100 l0 -1100 100 0 100 0 0 1100 0 1100 -100 0 -100 0 0 -1100z"/></g></svg>
</svg>