<svg version='1.1' xmlns='http://www.w3.org/2000/svg' width='49' height='121' viewBox='476 440 49 121'>
  <text font-size='0'>AS14021S15a00S2b700S15a40S15a48S22a04S22a14S2fb04M525x561S2b700489x440S15a00477x466S14021494x471S15a40504x510S15a48477x510S22a04503x542S22a14476x542S2fb04488x555</text>
  <svg x='489' y='440'><g transform="translate(0.200475594973,22.7498041047) scale(0.00976296692944,-0.00983706505647)"><path class="sym-line" fill="black" d="M775 2285 c-92 -34 -160 -86 -208 -158 -50 -76 -67 -137 -67 -239 l0 -88 -252 0 -253 0 278 -277 277 -278 277 278 278 277 -254 0 -254 0 7 79 c3 43 11 94 18 112 28 85 106 160 193 190 22 7 83 13 135 13 79 0 103 -3 142 -22 86 -42 158 -139 189 -253 17 -62 24 -932 9 -1059 -13 -115 -53 -236 -130 -397 -56 -118 -171 -321 -232 -410 -15 -23 -28 -44 -28 -47 0 -3 225 -6 500 -6 275 0 500 3 500 6 0 3 -13 24 -28 47 -94 137 -224 378 -287 533 -80 190 -78 175 -84 789 -6 544 -7 551 -29 607 -50 125 -166 240 -290 289 -49 20 -79 23 -212 26 -117 2 -165 -1 -195 -12z"/></g></svg>
  <svg x='477' y='466'><g transform="translate(0.0,27.0) scale(0.01,-0.01)"><path class="sym-fill" fill="white" d="M397 2212 l-197 -197 0 -908 0 -907 400 0 400 0 0 908 0 907 -198 198 c-108 108 -199 197 -202 197 -3 0 -94 -89 -203 -198z"/><path class="sym-line" fill="black" d="M297 2402 l-297 -297 0 -1053 0 -1052 600 0 600 0 0 1053 0 1052 -298 298 c-163 163 -299 297 -302 297 -3 0 -139 -134 -303 -298z m505 -179 l198 -198 0 -912 0 -913 -400 0 -400 0 0 912 0 913 197 197 c109 109 200 198 203 198 3 0 94 -89 202 -197z"/></g></svg>
  <svg x='494' y='471'><g transform="translate(0.050159582552,24.0802922101) scale(0.00998378843917,-0.0099797606209)"><path class="sym-line" fill="black" d="M86 2331 c-38 -38 -67 -73 -65 -79 2 -6 230 -249 507 -542 l503 -531 -149 -157 c-82 -86 -175 -185 -207 -219 l-57 -63 -298 0 -298 0 -6 -23 c-3 -12 -6 -59 -6 -104 l0 -83 201 -2 200 -3 -160 -170 c-88 -93 -161 -174 -161 -179 0 -11 120 -140 134 -143 6 -2 117 110 246 247 l235 250 470 0 470 0 204 -215 c112 -119 207 -215 211 -213 12 5 1015 1069 1015 1077 0 9 -1007 1079 -1016 1080 -4 1 -202 -206 -442 -460 -240 -253 -438 -460 -442 -460 -4 0 -231 237 -506 528 -274 290 -503 529 -507 531 -4 1 -38 -29 -76 -67z m1313 -1543 l44 -48 -268 0 -267 0 47 53 c26 28 86 93 134 142 l86 90 91 -95 c49 -52 110 -116 133 -142z"/></g></svg>
  <svg x='504' y='510'><g transform="translate(0.0,27.0) scale(0.01,-0.01)"><path class="sym-fill" fill="white" d="M398 2213 l-198 -198 0 -158 0 -157 -100 0 -100 0 0 -150 0 -150 100 0 100 0 0 -600 0 -600 200 0 200 0 0 600 0 600 300 0 300 0 0 150 0 150 -300 0 -300 0 -2 355 -3 355 -197 -197z"/><path class="sym-line" fill="black" d="M297 2402 l-297 -297 0 -203 0 -202 100 0 100 0 0 163 0 162 200 200 200 200 0 -363 0 -362 300 0 300 0 0 203 0 202 -298 298 c-163 163 -299 297 -302 297 -3 0 -139 -134 -303 -298z M0 700 l0 -700 600 0 600 0 0 700 0 700 -300 0 -300 0 0 -600 0 -600 -200 0 -200 0 0 600 0 600 -100 0 -100 0 0 -700z"/></g></svg>
  <svg x='477' y='510'><g transform="translate(0.0,27.0) scale(0.01,-0.01)"><path class="sym-fill" fill="white" d="M600 2057 l0 -357 -300 0 -300 0 0 -150 0 -150 300 0 300 0 0 -600 0 -600 200 0 200 0 0 600 0 600 100 0 100 0 0 150 0 150 -100 0 -100 0 0 158 0 157 -200 200 -200 200 0 -358z"/><path class="sym-line" fill="black" d="M297 2402 l-297 -297 0 -203 0 -202 300 0 300 0 0 362 0 363 200 -200 200 -200 0 -162 0 -163 100 0 100 0 0 203 0 202 -298 298 c-163 163 -299 297 -302 297 -3 0 -139 -134 -303 -298z M0 700 l0 -700 600 0 600 0 0 700 0 700 -100 0 -100 0 0 -600 0 -600 -200 0 -200 0 0 600 0 600 -300 0 -300 0 0 -700z"/></g></svg>
  <svg x='503' y='542'><g transform="translate(0.043463926586,14.7505211307) scale(0.00985915292844,-0.00973472242044)"><path class="sym-fill" fill="white" d="M510 1100 l0 -400 140 0 140 0 0 400 0 400 -140 0 -140 0 0 -400z"/><path class="sym-line" fill="black" d="M330 1100 l0 -400 -159 -2 -160 -3 315 -347 c174 -192 319 -348 324 -348 5 0 150 156 324 348 l315 347 -160 3 -159 2 0 400 0 400 -90 0 -90 0 0 -400 0 -400 -140 0 -140 0 0 400 0 400 -90 0 -90 0 0 -400z"/></g></svg>
  <svg x='476' y='542'><g transform="translate(0.043463926586,14.7505211307) scale(0.00985915292844,-0.00973472242044)"><path class="sym-fill" fill="white" d="M510 1100 l0 -400 140 0 140 0 0 400 0 400 -140 0 -140 0 0 -400z M277 557 c144 -163 368 -407 373 -407 5 0 229 244 373 407 l39 43 -412 0 -412 0 39 -43z"/><path class="sym-line" fill="black" d="M330 1100 l0 -400 -159 -2 -160 -3 315 -347 c174 -192 319 -348 324 -348 5 0 150 156 324 348 l315 347 -160 3 -159 2 0 400 0 400 -90 0 -90 0 0 -400 0 -400 -140 0 -140 0 0 400 0 400 -90 0 -90 0 0 -400z m714 -522 c-82 -96 -388 -428 -394 -428 -6 0 -312 332 -394 428 l-19 22 413 0 413 0 -19 -22z"/></g></svg>
  <svg x='488' y='555'><g transform="translate(0.178125321737,5.7484375) scale(0.00969593203301,-0.00933333333333)"><path class="sym-line" fill="black" d="M4 569 c22 -111 99 -242 206 -349 151 -151 320 -220 540 -220 220 0 389 69 540 220 107 107 184 238 206 349 l7 31 -61 0 -61 0 -42 -82 c-54 -104 -163 -218 -264 -274 -154 -85 -340 -108 -501 -61 -176 51 -331 177 -413 335 l-42 82 -61 0 -61 0 7 -31z"/></g></svg>
</svg>