<svg version='1.1' xmlns='http://www.w3.org/2000/svg' width='132' height='49' viewBox='434 475 132 49'>
  <text font-size='0'>AS14c40S14c48S26602S26616S20340S20344S20500S2fb05M566x524S14c40542x475S14c48434x493S26602514x487S26616452x507S20340496x488S20344484x506S20500483x491S2fb05505x509</text>
  <svg x='542' y='475'><g transform="translate(-0.0476480274918,30.7516384396) scale(0.00989475189514,-0.00987200030311)"><path class="sym-fill" fill="white" d="M1112 1764 l-152 -146 0 -709 0 -709 155 0 155 0 0 855 c0 470 -1 855 -3 855 -2 0 -72 -66 -155 -146z"/><path class="sym-line" fill="black" d="M1160 2670 c0 -236 3 -430 7 -430 4 0 29 21 55 47 l48 47 48 -47 c26 -26 51 -47 55 -47 4 0 7 194 7 430 l0 430 -110 0 -110 0 0 -430z M453 2653 c-46 -26 -83 -50 -83 -55 0 -9 407 -698 421 -713 9 -9 159 130 159 147 0 16 -395 668 -405 668 -5 0 -47 -21 -92 -47z M1786 2371 c-108 -181 -196 -333 -196 -338 0 -17 150 -157 158 -148 12 13 410 687 417 705 3 11 -20 29 -79 63 -46 26 -88 47 -94 47 -5 0 -98 -148 -206 -329z M1003 1952 l-253 -248 0 -852 0 -852 520 0 520 0 0 853 -1 852 -255 248 c-141 136 -261 247 -267 246 -7 0 -126 -111 -264 -247z m267 -892 l0 -860 -155 0 -155 0 0 709 0 709 153 151 c83 83 153 151 155 151 1 0 2 -387 2 -860z M92 1977 l-72 -73 311 -302 c172 -166 316 -302 321 -302 4 0 8 63 8 141 l0 141 -236 231 c-130 128 -242 233 -248 235 -6 1 -44 -30 -84 -71z M2067 1167 l-187 -182 0 -142 c0 -79 4 -143 8 -143 4 0 122 112 262 249 l255 249 -75 75 -75 75 -188 -181z"/></g></svg>
  <svg x='434' y='493'><g transform="translate(0.201198550476,30.7516384396) scale(0.00988990203709,-0.00987200030311)"><path class="sym-fill" fill="white" d="M1130 1057 l0 -857 155 0 155 0 0 708 0 707 -122 120 c-68 66 -138 134 -155 150 l-33 29 0 -857z"/><path class="sym-line" fill="black" d="M1020 2670 c0 -236 3 -430 6 -430 4 0 29 21 56 46 l50 46 47 -46 c26 -25 50 -46 54 -46 4 0 7 194 7 430 l0 430 -110 0 -110 0 0 -430z M313 2652 c-52 -30 -81 -52 -78 -60 5 -14 414 -704 421 -711 9 -10 155 144 151 159 -8 33 -389 660 -400 660 -7 0 -49 -22 -94 -48z M1650 2373 c-107 -180 -196 -331 -198 -337 -4 -18 146 -162 157 -151 16 16 421 703 421 714 0 9 -160 101 -177 101 -5 0 -96 -147 -203 -327z M867 1953 l-256 -248 0 -852 -1 -853 520 0 520 0 0 853 0 853 -254 247 c-140 136 -259 247 -264 247 -5 0 -124 -111 -265 -247z m572 -1040 l1 -713 -155 0 -155 0 0 861 0 861 154 -148 155 -149 0 -712z M1978 1814 l-238 -235 0 -140 c0 -79 4 -139 9 -139 5 0 150 136 321 302 l311 302 -73 73 c-40 40 -77 73 -83 73 -5 0 -117 -106 -247 -236z M69 1273 l-74 -75 255 -249 c140 -137 258 -249 263 -249 4 0 7 65 7 144 l0 143 -188 181 -189 181 -74 -76z"/></g></svg>
  <svg x='514' y='487'><g transform="translate(0.198281300516,15.7010613696) scale(0.00985046527537,-0.00972038991848)"><path class="sym-line" fill="black" d="M395 1200 l-400 -400 403 -403 402 -402 0 353 0 352 1100 0 1100 0 0 100 0 100 -1100 0 -1100 0 -2 350 -3 350 -400 -400z"/></g></svg>
  <svg x='452' y='507'><g transform="translate(0.150646944493,15.6976811299) scale(0.00985046527537,-0.00968799012796)"><path class="sym-fill" fill="white" d="M2300 800 l0 -555 277 278 278 277 -278 277 -277 278 0 -555z"/><path class="sym-line" fill="black" d="M2200 1252 l0 -352 -1100 0 -1100 0 0 -100 0 -100 1100 0 1100 0 0 -352 0 -353 402 403 403 402 -403 402 -402 403 0 -353z m377 -729 l-277 -278 0 555 0 555 277 -278 278 -277 -278 -277z"/></g></svg>
  <svg x='496' y='488'><g transform="translate(0.0,15.0) scale(0.01,-0.01)"><path class="sym-fill" fill="white" d="M200 1200 l0 -100 -100 0 -100 0 0 -150 0 -150 100 0 100 0 0 -300 0 -300 300 0 300 0 0 300 0 300 350 0 350 0 0 150 0 150 -350 0 -350 0 0 100 0 100 -300 0 -300 0 0 -100z"/><path class="sym-line" fill="black" d="M0 1300 l0 -200 100 0 100 0 0 100 0 100 300 0 300 0 0 -100 0 -100 350 0 350 0 0 200 0 200 -750 0 -750 0 0 -200z M0 400 l0 -400 750 0 750 0 0 400 0 400 -350 0 -350 0 0 -300 0 -300 -300 0 -300 0 0 300 0 300 -100 0 -100 0 0 -400z"/></g></svg>
  <svg x='484' y='506'><g transform="translate(0.0,15.0) scale(0.01,-0.01)"><path class="sym-fill" fill="white" d="M700 1000 l0 -300 -350 0 -350 0 0 -150 0 -150 350 0 350 0 0 -100 0 -100 300 0 300 0 0 100 0 100 100 0 100 0 0 150 0 150 -100 0 -100 0 0 300 0 300 -300 0 -300 0 0 -300z"/><path class="sym-line" fill="black" d="M0 1100 l0 -400 350 0 350 0 0 300 0 300 300 0 300 0 0 -300 0 -300 100 0 100 0 0 400 0 400 -750 0 -750 0 0 -400z M0 200 l0 -200 750 0 750 0 0 200 0 200 -100 0 -100 0 0 -100 0 -100 -300 0 -300 0 0 100 0 100 -350 0 -350 0 0 -200z"/></g></svg>
  <svg x='483' y='491'><g transform="translate(-0.221878406359,10.7500002304) scale(0.0103429235226,-0.00963778430032)"><path class="sym-line" fill="black" d="M430 895 l0 -205 -37 23 c-21 13 -95 61 -165 105 l-128 82 -36 -71 c-19 -40 -32 -75 -27 -79 4 -3 74 -48 156 -99 81 -51 147 -97 147 -101 0 -4 -66 -50 -147 -101 -82 -51 -152 -96 -156 -99 -5 -4 8 -39 27 -79 l36 -71 128 82 c70 44 144 92 165 105 l37 23 0 -205 0 -205 70 0 70 0 0 205 0 205 38 -23 c20 -13 94 -61 164 -105 l128 -82 36 71 c19 40 32 75 27 79 -4 3 -74 48 -155 99 -82 51 -148 97 -148 101 0 4 66 50 148 101 81 51 151 96 155 99 5 4 -8 39 -27 79 l-36 71 -128 -82 c-70 -44 -144 -92 -164 -105 l-38 -23 0 205 0 205 -70 0 -70 0 0 -205z"/></g></svg>
  <svg x='505' y='509'><g transform="translate(0.052162597991,11.85902777) scale(0.00978030750568,-0.00975882522503)"><path class="sym-line" fill="black" d="M1031 1156 l-43 -44 28 -78 c33 -96 44 -250 23 -347 -45 -216 -187 -390 -391 -480 -153 -68 -355 -70 -507 -5 l-44 19 -44 -43 c-24 -23 -43 -45 -43 -49 0 -8 113 -63 170 -82 127 -42 327 -48 455 -13 257 71 461 277 537 542 32 111 32 295 0 407 -18 64 -85 217 -95 217 -2 0 -22 -20 -46 -44z"/></g></svg>
</svg>