<svg version='1.1' xmlns='http://www.w3.org/2000/svg' width='122' height='91' viewBox='439 454 122 91'>
  <text font-size='0'>AS14c02S1000aS37b16S37b16S37e5eS2fb05S2fb05S28100S28118S14c50S10058S20500M561x545S37e5e507x525S10058488x459S28118476x503S20500492x492S14c50491x454S1000a439x530S2fb05473x526S37b16463x536S37b16514x536S28100497x502S2fb05474x527S14c02530x522</text>
  <svg x='507' y='525'><g transform="translate(0.161276235583,14.7847043706) scale(0.00972569809795,-0.0104544763361)"><path class="sym-fill" fill="white" d="M202 963 c3 -424 4 -440 24 -484 28 -60 93 -125 153 -153 45 -21 58 -21 583 -24 l538 -3 0 50 0 50 -522 3 c-489 3 -525 4 -558 22 -49 26 -69 45 -94 91 -20 39 -21 53 -24 463 l-3 422 -50 0 -50 0 3 -437z M1 392 l-1 -143 73 -72 c46 -46 97 -86 143 -109 130 -68 126 -68 736 -68 l548 0 0 50 0 50 -528 0 c-574 0 -586 1 -702 58 -30 15 -84 56 -120 92 -69 69 -110 139 -134 230 l-15 55 0 -143z"/><path class="sym-line" fill="black" d="M2 953 c4 -434 4 -450 26 -507 59 -159 159 -258 318 -318 58 -22 68 -23 606 -26 l548 -3 0 100 0 100 -542 3 -543 3 -50 27 c-60 31 -104 77 -136 138 l-24 45 -3 443 -3 442 -100 0 -100 0 3 -447z"/></g></svg>
  <svg x='488' y='459'><g transform="translate(0.0,30.0) scale(0.01,-0.01)"><path class="sym-line" fill="black" d="M1300 2250 l0 -750 100 0 100 0 0 750 0 750 -100 0 -100 0 0 -750z M0 650 l0 -650 750 0 750 0 0 650 0 650 -750 0 -750 0 0 -650z"/></g></svg>
  <svg x='476' y='503'><g transform="translate(-0.258502657517,28.7483836208) scale(0.0100043345122,-0.00986205038648)"><path class="sym-fill" fill="white" d="M735 2540 l-220 -220 433 0 434 0 -213 220 c-117 121 -213 220 -214 220 0 0 -99 -99 -220 -220z M1695 1175 l-197 -205 201 0 201 0 0 205 c0 113 -2 205 -4 205 -2 0 -92 -92 -201 -205z"/><path class="sym-line" fill="black" d="M611 2563 l-331 -338 285 -3 285 -2 0 -314 0 -314 -67 -7 c-140 -15 -310 -80 -448 -170 -33 -22 -113 -91 -177 -155 l-117 -115 34 -40 34 -39 98 95 c119 116 202 178 307 231 73 37 204 77 299 91 l37 6 0 -745 0 -744 100 0 100 0 0 740 0 741 38 -7 c139 -23 341 -121 445 -216 l52 -47 -167 -168 c-93 -92 -168 -172 -168 -176 0 -4 169 -7 375 -7 l375 0 0 388 0 387 -168 -174 -167 -174 -59 52 c-78 67 -148 114 -238 156 -72 34 -233 85 -268 85 -52 0 -50 -11 -50 326 l0 314 286 0 c172 0 284 4 282 9 -5 15 -659 671 -668 671 -5 0 -157 -152 -339 -337z m524 15 c99 -101 196 -200 215 -220 l34 -38 -433 0 -433 0 214 220 c117 121 215 220 218 220 3 0 86 -82 185 -182z m773 -1405 l-3 -208 -207 -3 c-115 -1 -208 1 -208 5 0 10 403 413 413 413 4 0 6 -93 5 -207z"/></g></svg>
  <svg x='492' y='492'><g transform="translate(-0.221878406359,10.7500002304) scale(0.0103429235226,-0.00963778430032)"><path class="sym-line" fill="black" d="M430 895 l0 -205 -37 23 c-21 13 -95 61 -165 105 l-128 82 -36 -71 c-19 -40 -32 -75 -27 -79 4 -3 74 -48 156 -99 81 -51 147 -97 147 -101 0 -4 -66 -50 -147 -101 -82 -51 -152 -96 -156 -99 -5 -4 8 -39 27 -79 l36 -71 128 82 c70 44 144 92 165 105 l37 23 0 -205 0 -205 70 0 70 0 0 205 0 205 38 -23 c20 -13 94 -61 164 -105 l128 -82 36 71 c19 40 32 75 27 79 -4 3 -74 48 -155 99 -82 51 -148 97 -148 101 0 4 66 50 148 101 81 51 151 96 155 99 5 4 -8 39 -27 79 l-36 71 -128 -82 c-70 -44 -144 -92 -164 -105 l-38 -23 0 205 0 205 -70 0 -70 0 0 -205z"/></g></svg>
  <svg x='491' y='454'><g transform="translate(0.201198550476,30.7516384396) scale(0.00988990203709,-0.00987200030311)"><path class="sym-line" fill="black" d="M1020 2670 c0 -236 3 -430 7 -430 4 0 29 21 55 47 l48 47 48 -47 c26 -26 51 -47 55 -47 4 0 7 194 7 430 l0 430 -110 0 -110 0 0 -430z M313 2652 c-52 -29 -81 -52 -78 -60 3 -7 102 -177 221 -378 l216 -365 71 64 c39 35 75 70 80 78 7 11 -44 105 -196 359 -113 190 -211 346 -219 347 -7 2 -50 -19 -95 -45z M1650 2373 c-107 -180 -196 -331 -198 -337 -4 -18 146 -162 157 -151 16 16 421 703 421 714 0 9 -160 101 -177 101 -5 0 -96 -147 -203 -327z M867 1953 l-256 -248 0 -852 -1 -853 520 0 520 0 0 853 0 853 -254 247 c-140 136 -259 247 -264 247 -5 0 -124 -111 -265 -247z M1978 1814 l-238 -235 0 -140 c0 -79 4 -139 9 -139 5 0 150 136 321 302 l311 302 -73 73 c-40 40 -77 73 -83 73 -5 0 -117 -106 -247 -236z M69 1273 l-74 -75 255 -249 c140 -137 258 -249 263 -249 4 0 7 65 7 144 l0 143 -188 181 -189 181 -74 -76z"/></g></svg>
  <svg x='439' y='530'><g transform="translate(0.0,15.0) scale(0.01,-0.01)"><path class="sym-fill" fill="white" d="M200 750 l0 -550 550 0 550 0 0 550 0 550 -550 0 -550 0 0 -550z"/><path class="sym-line" fill="black" d="M0 750 l0 -750 750 0 750 0 0 650 0 650 750 0 750 0 0 100 0 100 -1500 0 -1500 0 0 -750z m1300 0 l0 -550 -550 0 -550 0 0 550 0 550 550 0 550 0 0 -550z"/></g></svg>
  <svg x='473' y='526'><g transform="translate(0.052162597991,11.85902777) scale(0.00978030750568,-0.00975882522503)"><path class="sym-line" fill="black" d="M1031 1156 l-43 -44 28 -78 c33 -96 44 -250 23 -347 -45 -216 -187 -390 -391 -480 -153 -68 -355 -70 -507 -5 l-44 19 -44 -43 c-24 -23 -43 -45 -43 -49 0 -8 113 -63 170 -82 127 -42 327 -48 455 -13 257 71 461 277 537 542 32 111 32 295 0 407 -18 64 -85 217 -95 217 -2 0 -22 -20 -46 -44z"/></g></svg>
  <svg x='463' y='536'><g transform="translate(0.0,4.0) scale(0.01,-0.01)"><path class="sym-line" fill="black" d="M0 200 l0 -200 800 0 800 0 0 200 0 200 -800 0 -800 0 0 -200z"/></g></svg>
  <svg x='514' y='536'><g transform="translate(0.0,4.0) scale(0.01,-0.01)"><path class="sym-line" fill="black" d="M0 200 l0 -200 800 0 800 0 0 200 0 200 -800 0 -800 0 0 -200z"/></g></svg>
  <svg x='497' y='502'><g transform="translate(0.151673087215,28.7518184663) scale(0.00999447063925,-0.00986598293708)"><path class="sym-line" fill="black" d="M708 2566 c-181 -184 -328 -336 -328 -340 0 -3 128 -6 285 -6 l285 0 0 -315 0 -315 -22 -4 c-156 -32 -246 -62 -345 -116 -66 -36 -110 -67 -219 -155 l-31 -25 -167 170 -166 170 0 -385 0 -385 370 0 c234 0 370 4 370 10 0 5 -73 84 -163 176 l-162 167 52 46 c108 97 299 189 446 215 l37 7 0 -741 0 -740 100 0 100 0 0 745 0 745 33 -6 c176 -31 316 -86 432 -168 34 -25 110 -90 167 -145 l105 -100 37 38 37 38 -118 114 c-65 63 -145 132 -178 154 -136 90 -308 155 -447 170 l-68 7 0 314 0 314 284 2 285 3 -330 338 c-182 185 -336 337 -342 336 -7 0 -159 -150 -339 -333z"/></g></svg>
  <svg x='474' y='527'><g transform="translate(0.052162597991,11.85902777) scale(0.00978030750568,-0.00975882522503)"><path class="sym-line" fill="black" d="M1031 1156 l-43 -44 28 -78 c33 -96 44 -250 23 -347 -45 -216 -187 -390 -391 -480 -153 -68 -355 -70 -507 -5 l-44 19 -44 -43 c-24 -23 -43 -45 -43 -49 0 -8 113 -63 170 -82 127 -42 327 -48 455 -13 257 71 461 277 537 542 32 111 32 295 0 407 -18 64 -85 217 -95 217 -2 0 -22 -20 -46 -44z"/></g></svg>
  <svg x='530' y='522'><g transform="translate(0.150230433539,22.9376331902) scale(0.00987129082304,-0.00990834595228)"><path class="sym-fill" fill="white" d="M1336 1366 c-82 -78 -147 -147 -145 -153 2 -6 70 -74 150 -152 l147 -141 706 0 706 0 0 295 0 295 -707 0 -708 -1 -149 -143z"/><path class="sym-line" fill="black" d="M1827 2237 c-37 -34 -67 -66 -67 -72 0 -5 100 -110 222 -232 l223 -223 -405 0 -404 0 -46 -44 -45 -44 -400 229 c-220 126 -402 229 -405 229 -10 -1 -101 -164 -96 -175 2 -6 163 -102 357 -213 195 -111 361 -207 369 -212 12 -8 1 -24 -60 -85 l-74 -75 -498 0 -498 0 0 -105 0 -105 498 0 498 0 74 -75 c49 -49 71 -78 63 -83 -6 -4 -173 -99 -372 -212 -198 -113 -360 -210 -361 -217 0 -13 92 -173 100 -172 3 0 185 102 405 228 l400 229 45 -44 46 -44 104 -1 105 0 -278 -272 c-152 -150 -277 -277 -277 -283 0 -6 32 -42 71 -78 l70 -67 227 220 c125 121 285 278 357 350 l130 131 597 0 598 0 0 495 0 495 -297 0 -296 0 -298 295 c-164 162 -301 295 -306 295 -4 0 -39 -29 -76 -63z m1073 -1022 l0 -295 -712 0 -713 0 -147 147 -148 148 147 147 148 148 712 0 713 0 0 -295z"/></g></svg>
</svg>