<svg version='1.1' xmlns='http://www.w3.org/2000/svg' width='57' height='76' viewBox='471 462 57 76'>
  <text font-size='0'>AS14c20S14c28S26500S26510S26500S26510S22b24S2fb04M528x538S14c20505x462S14c28471x462S26500510x498S26500511x518S26510474x498S26510474x518S22b24491x498S2fb04492x532</text>
  <svg x='505' y='462'><g transform="translate(0.169377282955,30.7516384396) scale(0.00990025187962,-0.00987200030311)"><path class="sym-line" fill="black" d="M980 2602 l0 -498 -75 -74 c-61 -61 -77 -72 -85 -60 -5 8 -101 174 -212 369 -111 194 -207 355 -213 357 -11 5 -174 -86 -175 -96 0 -3 103 -185 229 -405 l229 -400 -44 -45 -44 -46 0 -404 0 -405 -223 223 c-122 122 -227 222 -234 222 -6 0 -39 -31 -73 -70 l-62 -70 60 -67 c34 -38 167 -174 296 -303 l236 -235 0 -297 0 -298 495 0 495 0 0 598 0 597 131 130 c72 72 229 232 350 357 l220 227 -67 70 c-36 39 -72 71 -78 71 -6 0 -133 -125 -283 -277 l-272 -278 0 105 -1 104 -44 46 -44 45 229 400 c126 220 228 402 228 405 1 8 -159 100 -172 100 -7 -1 -104 -163 -217 -361 -113 -199 -208 -366 -212 -372 -5 -8 -34 14 -83 63 l-75 74 0 498 0 498 -105 0 -105 0 0 -498z"/></g></svg>
  <svg x='471' y='462'><g transform="translate(-0.0594657001311,30.7516384396) scale(0.00991707416583,-0.00987200030311)"><path class="sym-line" fill="black" d="M1110 2603 l-1 -498 -74 -78 -74 -77 -213 375 c-117 206 -217 374 -222 375 -12 0 -176 -93 -176 -100 1 -3 104 -185 230 -405 l229 -400 -45 -45 -44 -46 0 -104 -1 -105 -272 278 c-150 152 -277 277 -284 277 -6 0 -41 -32 -77 -72 l-65 -71 269 -276 c148 -152 305 -312 349 -356 l81 -80 0 -597 0 -598 495 0 495 0 0 297 0 298 295 295 c162 163 295 302 295 309 0 16 -119 141 -134 141 -6 0 -111 -100 -233 -222 l-223 -223 0 406 0 405 -44 43 -43 43 223 392 c123 216 226 399 229 407 6 16 -151 113 -170 105 -6 -2 -102 -163 -213 -357 -111 -195 -207 -361 -212 -369 -8 -12 -24 -1 -85 60 l-75 74 0 498 0 498 -105 0 -105 0 0 -497z"/></g></svg>
  <svg x='510' y='498'><g transform="translate(0.199517282911,14.7505211307) scale(0.00964541675618,-0.00973472242044)"><path class="sym-line" fill="black" d="M345 1150 l-350 -350 303 0 302 0 0 -400 0 -400 100 0 100 0 0 400 0 400 302 0 303 0 -350 350 c-192 193 -352 350 -355 350 -3 0 -163 -157 -355 -350z"/></g></svg>
  <svg x='511' y='518'><g transform="translate(0.199517282911,14.7505211307) scale(0.00964541675618,-0.00973472242044)"><path class="sym-line" fill="black" d="M345 1150 l-350 -350 303 0 302 0 0 -400 0 -400 100 0 100 0 0 400 0 400 302 0 303 0 -350 350 c-192 193 -352 350 -355 350 -3 0 -163 -157 -355 -350z"/></g></svg>
  <svg x='474' y='498'><g transform="translate(0.199517282911,14.7505211307) scale(0.00964541675618,-0.00973472242044)"><path class="sym-fill" fill="white" d="M470 1125 l-225 -225 455 0 455 0 -225 225 c-124 124 -227 225 -230 225 -3 0 -106 -101 -230 -225z"/><path class="sym-line" fill="black" d="M345 1150 l-350 -350 303 0 302 0 0 -400 0 -400 100 0 100 0 0 400 0 400 302 0 303 0 -350 350 c-192 193 -352 350 -355 350 -3 0 -163 -157 -355 -350z m585 -25 l225 -225 -455 0 -455 0 225 225 c124 124 227 225 230 225 3 0 106 -101 230 -225z"/></g></svg>
  <svg x='474' y='518'><g transform="translate(0.199517282911,14.7505211307) scale(0.00964541675618,-0.00973472242044)"><path class="sym-fill" fill="white" d="M470 1125 l-225 -225 455 0 455 0 -225 225 c-124 124 -227 225 -230 225 -3 0 -106 -101 -230 -225z"/><path class="sym-line" fill="black" d="M345 1150 l-350 -350 303 0 302 0 0 -400 0 -400 100 0 100 0 0 400 0 400 302 0 303 0 -350 350 c-192 193 -352 350 -355 350 -3 0 -163 -157 -355 -350z m585 -25 l225 -225 -455 0 -455 0 225 225 c124 124 227 225 230 225 3 0 106 -101 230 -225z"/></g></svg>
  <svg x='491' y='498'><g transform="translate(0.198426155669,29.702611239) scale(0.00968892587986,-0.00985139124633)"><path class="sym-fill" fill="white" d="M600 1900 l0 -1100 200 0 200 0 0 1100 0 1100 -200 0 -200 0 0 -1100z"/><path class="sym-line" fill="black" d="M400 1900 l0 -1100 100 0 100 0 0 1100 0 1100 -100 0 -100 0 0 -1100z M1000 1900 l0 -1100 100 0 100 0 0 1100 0 1100 -100 0 -100 0 0 -1100z M398 398 l402 -403 402 403 403 402 -145 0 -144 0 -252 -258 -252 -257 -259 258 -258 257 -150 0 -150 0 403 -402z"/></g></svg>
  <svg x='492' y='532'><g transform="translate(0.178125321737,5.7484375) scale(0.00969593203301,-0.00933333333333)"><path class="sym-line" fill="black" d="M4 569 c22 -111 99 -242 206 -349 151 -151 320 -220 540 -220 220 0 389 69 540 220 107 107 184 238 206 349 l7 31 -61 0 -61 0 -42 -82 c-54 -104 -163 -218 -264 -274 -154 -85 -340 -108 -501 -61 -176 51 -331 177 -413 335 l-42 82 -61 0 -61 0 7 -31z"/></g></svg>
</svg>