<svg version='1.1' xmlns='http://www.w3.org/2000/svg' width='93' height='87' viewBox='453 456 93 87'>
  <text font-size='0'>AS14a20S16d20S17620S20320S20320S20500S23c04S23c1cM546x543S14a20472x458S17620525x458S16d20499x456S20320481x512S20320504x512S20500495x499S23c04523x515S23c1c453x516</text>
  <svg x='472' y='458'><g transform="translate(-0.149900597859,14.7505211307) scale(0.00993234377835,-0.00973472242044)"><path class="sym-fill" fill="white" d="M20 750 l0 -150 445 0 445 0 0 150 0 150 -445 0 -445 0 0 -150z"/><path class="sym-line" fill="black" d="M30 1200 l0 -300 440 0 440 0 0 -150 0 -150 -440 0 -440 0 0 -300 0 -300 735 0 735 0 0 750 0 750 -735 0 -735 0 0 -300z"/></g></svg>
  <svg x='525' y='458'><g transform="translate(0.0996925829584,15.7992338797) scale(0.00981117768656,-0.00980419842474)"><path class="sym-line" fill="black" d="M670 1594 c-235 -45 -460 -214 -578 -434 -73 -135 -87 -195 -87 -360 0 -125 3 -155 23 -215 88 -265 292 -469 557 -557 60 -20 90 -23 215 -23 125 0 155 3 215 23 265 88 469 292 557 557 20 60 23 90 23 215 0 125 -3 155 -23 215 -71 214 -218 389 -413 494 -125 67 -187 83 -334 86 -71 2 -141 1 -155 -1z"/></g></svg>
  <svg x='499' y='456'><g transform="translate(0.180759557901,19.7524059778) scale(0.00975093803673,-0.00984567638089)"><path class="sym-line" fill="black" d="M665 1984 c-138 -28 -274 -87 -370 -161 -102 -79 -200 -219 -246 -350 -26 -76 -49 -184 -49 -234 l0 -39 105 0 105 0 0 29 c0 71 53 160 130 216 102 75 283 130 467 142 l93 6 0 -691 0 -692 -78 0 c-239 0 -482 72 -603 179 -50 44 -109 144 -109 185 0 25 -2 26 -56 26 l-57 0 5 -69 c10 -135 103 -277 240 -364 161 -103 411 -166 660 -167 347 0 578 136 713 421 71 152 78 196 83 559 4 350 -1 411 -45 533 -82 229 -266 388 -528 458 -104 28 -354 35 -460 13z"/></g></svg>
  <svg x='481' y='512'><g transform="translate(0.0,15.0) scale(0.01,-0.01)"><path class="sym-line" fill="black" d="M0 750 l0 -750 750 0 750 0 0 750 0 750 -750 0 -750 0 0 -750z"/></g></svg>
  <svg x='504' y='512'><g transform="translate(0.0,15.0) scale(0.01,-0.01)"><path class="sym-line" fill="black" d="M0 750 l0 -750 750 0 750 0 0 750 0 750 -750 0 -750 0 0 -750z"/></g></svg>
  <svg x='495' y='499'><g transform="translate(-0.221878406359,10.7500002304) scale(0.0103429235226,-0.00963778430032)"><path class="sym-line" fill="black" d="M430 895 l0 -205 -37 23 c-21 13 -95 61 -165 105 l-128 82 -36 -71 c-19 -40 -32 -75 -27 -79 4 -3 74 -48 156 -99 81 -51 147 -97 147 -101 0 -4 -66 -50 -147 -101 -82 -51 -152 -96 -156 -99 -5 -4 8 -39 27 -79 l36 -71 128 82 c70 44 144 92 165 105 l37 23 0 -205 0 -205 70 0 70 0 0 205 0 205 38 -23 c20 -13 94 -61 164 -105 l128 -82 36 71 c19 40 32 75 27 79 -4 3 -74 48 -155 99 -82 51 -148 97 -148 101 0 4 66 50 148 101 81 51 151 96 155 99 5 4 -8 39 -27 79 l-36 71 -128 -82 c-70 -44 -144 -92 -164 -105 l-38 -23 0 205 0 205 -70 0 -70 0 0 -205z"/></g></svg>
  <svg x='523' y='515'><g transform="translate(0.151581254123,26.6999810561) scale(0.00980374979387,-0.00983390502079)"><path class="sym-fill" fill="white" d="M0 2300 l0 -200 650 0 650 0 0 -650 0 -650 200 0 200 0 0 850 0 850 -850 0 -850 0 0 -200z"/><path class="sym-line" fill="black" d="M0 2600 l0 -100 850 0 850 0 0 -850 0 -850 -200 0 -200 0 0 650 0 650 -650 0 -650 0 0 -100 0 -100 550 0 550 0 0 -550 0 -550 -202 0 -203 0 403 -402 402 -403 402 403 403 402 -203 0 -202 0 0 950 0 950 -950 0 -950 0 0 -100z"/></g></svg>
  <svg x='453' y='516'><g transform="translate(0.199410345036,26.6999810561) scale(0.00980544418547,-0.00983390502079)"><path class="sym-fill" fill="white" d="M600 1650 l0 -850 200 0 200 0 0 650 0 650 650 0 650 0 0 200 0 200 -850 0 -850 0 0 -850z M523 423 l277 -278 277 278 278 277 -555 0 -555 0 278 -277z"/><path class="sym-line" fill="black" d="M400 1750 l0 -950 -202 0 -203 0 403 -402 402 -403 402 403 403 402 -203 0 -202 0 0 550 0 550 550 0 550 0 0 100 0 100 -650 0 -650 0 0 -650 0 -650 -200 0 -200 0 0 850 0 850 850 0 850 0 0 100 0 100 -950 0 -950 0 0 -950z m677 -1327 l-277 -278 -277 278 -278 277 555 0 555 0 -278 -277z"/></g></svg>
</svg>