<svg version='1.1' xmlns='http://www.w3.org/2000/svg' width='67' height='83' viewBox='466 458 67 83'>
  <text font-size='0'>AS15d01S15d09S20800S22114S22114S37903S3790bS2fb00M533x541S15d09503x483S15d01475x483S20800495x476S22114507x473S22114466x472S37903493x502S3790b469x500S2fb00492x458</text>
  <svg x='503' y='483'><g transform="translate(0.149415820392,22.899520137) scale(0.00991202148038,-0.00989177505957)"><path class="sym-fill" fill="white" d="M910 1475 l-625 -625 275 -275 275 -275 622 622 623 623 0 277 0 278 -273 0 -272 0 -625 -625z"/><path class="sym-line" fill="black" d="M932 1778 l-522 -523 0 313 0 312 -100 0 -100 0 0 -412 0 -413 -105 -105 -105 -105 415 -415 415 -415 725 725 725 725 0 417 0 418 -413 0 -412 0 -523 -522z m1156 47 l2 -270 -630 -630 -630 -630 -275 275 -275 275 627 628 628 627 275 -2 275 -3 3 -270z"/></g></svg>
  <svg x='475' y='483'><g transform="translate(-0.0476493766782,22.899520137) scale(0.00991202148038,-0.00989177505957)"><path class="sym-fill" fill="white" d="M220 1822 l0 -277 623 -623 622 -622 275 275 275 275 -625 625 -625 625 -272 0 -273 0 0 -278z"/><path class="sym-line" fill="black" d="M20 1882 l0 -417 725 -725 725 -725 415 415 415 415 -105 105 -105 105 0 413 0 412 -100 0 -100 0 0 -312 0 -313 -523 523 -522 522 -413 0 -412 0 0 -418z m1373 -410 l627 -627 -275 -275 -275 -275 -630 630 -630 630 0 266 c0 146 3 269 7 272 3 4 128 7 277 7 l271 0 628 -628z"/></g></svg>
  <svg x='495' y='476'><g transform="translate(0.0,10.0) scale(0.01,-0.01)"><path class="sym-line" fill="black" d="M400 800 l0 -200 -200 0 -200 0 0 -100 0 -100 200 0 200 0 0 -200 0 -200 100 0 100 0 0 200 0 200 200 0 200 0 0 100 0 100 -200 0 -200 0 0 200 0 200 -100 0 -100 0 0 -200z"/></g></svg>
  <svg x='507' y='473'><g transform="translate(0.150751748454,6.94494141144) scale(0.0098452250773,-0.00970929130205)"><path class="sym-line" fill="black" d="M64 638 c-35 -33 -64 -64 -64 -68 0 -10 589 -550 600 -550 11 0 600 540 600 550 0 11 -127 130 -140 130 -6 0 -110 -90 -231 -200 -121 -110 -224 -200 -229 -200 -5 0 -108 90 -229 200 -121 110 -225 200 -231 200 -7 0 -41 -28 -76 -62z M1464 638 c-35 -33 -64 -64 -64 -68 0 -10 589 -550 600 -550 11 0 600 540 600 550 0 11 -127 130 -140 130 -6 0 -110 -90 -231 -200 -121 -110 -224 -200 -229 -200 -5 0 -108 90 -229 200 -121 110 -225 200 -231 200 -7 0 -41 -28 -76 -62z"/></g></svg>
  <svg x='466' y='472'><g transform="translate(0.150751748454,6.94494141144) scale(0.0098452250773,-0.00970929130205)"><path class="sym-line" fill="black" d="M64 638 c-35 -33 -64 -64 -64 -68 0 -10 589 -550 600 -550 11 0 600 540 600 550 0 11 -127 130 -140 130 -6 0 -110 -90 -231 -200 -121 -110 -224 -200 -229 -200 -5 0 -108 90 -229 200 -121 110 -225 200 -231 200 -7 0 -41 -28 -76 -62z M1464 638 c-35 -33 -64 -64 -64 -68 0 -10 589 -550 600 -550 11 0 600 540 600 550 0 11 -127 130 -140 130 -6 0 -110 -90 -231 -200 -121 -110 -224 -200 -229 -200 -5 0 -108 90 -229 200 -121 110 -225 200 -231 200 -7 0 -41 -28 -76 -62z"/></g></svg>
  <svg x='493' y='502'><g transform="translate(-0.0515625159775,38.9525575939) scale(0.0100002045116,-0.00999985525067)"><path class="sym-line" fill="black" d="M107 3792 c-48 -48 -87 -92 -87 -97 0 -13 3662 -3675 3675 -3675 13 0 185 172 185 185 0 13 -3662 3675 -3675 3675 -6 0 -50 -39 -98 -88z"/></g></svg>
  <svg x='469' y='500'><g transform="translate(-0.0515625159775,38.9525575939) scale(0.0100002045116,-0.00999985525067)"><path class="sym-line" fill="black" d="M1852 2047 c-1007 -1007 -1832 -1837 -1832 -1842 0 -13 172 -185 185 -185 13 0 3675 3662 3675 3675 0 13 -172 185 -185 185 -6 0 -835 -825 -1843 -1833z"/></g></svg>
  <svg x='492' y='458'><g transform="translate(0.169849905175,5.76208528494) scale(0.0097007872376,-0.00950858679199)"><path class="sym-line" fill="black" d="M552 580 c-226 -60 -429 -239 -518 -459 -13 -33 -27 -73 -30 -90 l-6 -31 60 0 61 0 42 83 c54 103 163 217 264 273 205 113 445 113 650 0 101 -56 210 -170 264 -273 l42 -83 61 0 61 0 -7 31 c-22 111 -99 242 -206 349 -99 99 -217 167 -346 200 -105 27 -289 27 -392 0z"/></g></svg>
</svg>