<svg version='1.1' xmlns='http://www.w3.org/2000/svg' width='90' height='114' viewBox='455 443 90 114'>
  <text font-size='0'>AS15a49S17d41S20800S22b27S15a40S15a48S22a04S22a14S2fb04M545x557S17d41470x464S20800482x489S15a49455x485S22b27496x443S15a40531x503S15a48501x502S22a04532x538S22a14500x536S2fb04516x551</text>
  <svg x='470' y='464'><g transform="translate(0.130065956798,23.8304501334) scale(0.00989244914712,-0.00986750526392)"><path class="sym-fill" fill="white" d="M1261 1963 l-102 -98 441 -428 440 -429 98 92 c53 51 98 95 100 99 1 4 -136 142 -305 306 -170 165 -367 357 -439 428 l-131 128 -102 -98z"/><path class="sym-line" fill="black" d="M1295 2138 c-149 -143 -270 -266 -270 -273 0 -12 996 -986 1015 -993 9 -3 550 518 550 529 0 6 -933 915 -1001 976 l-25 23 -269 -262z m516 -508 l438 -425 -97 -98 c-53 -53 -103 -96 -109 -95 -7 2 -209 194 -449 427 l-436 424 98 98 c54 55 103 98 107 96 5 -1 206 -194 448 -427z M444 1313 c-241 -234 -440 -431 -442 -438 -2 -7 59 -71 134 -144 l136 -131 237 229 c130 126 330 321 446 434 l210 205 -25 27 c-14 15 -77 76 -141 136 l-116 108 -439 -426z M1395 519 c-203 -198 -371 -366 -373 -373 -2 -7 29 -41 68 -76 l70 -62 246 238 c135 132 305 296 377 366 l132 126 -70 71 c-38 39 -72 71 -75 70 -3 0 -171 -162 -375 -360z"/></g></svg>
  <svg x='482' y='489'><g transform="translate(0.0,10.0) scale(0.01,-0.01)"><path class="sym-line" fill="black" d="M400 800 l0 -200 -200 0 -200 0 0 -100 0 -100 200 0 200 0 0 -200 0 -200 100 0 100 0 0 200 0 200 200 0 200 0 0 100 0 100 -200 0 -200 0 0 200 0 200 -100 0 -100 0 0 -200z"/></g></svg>
  <svg x='455' y='485'><g transform="translate(0.149415820392,22.899520137) scale(0.00991202148038,-0.00989177505957)"><path class="sym-fill" fill="white" d="M1833 1848 l-243 -243 -205 205 -205 205 -102 -103 -103 -102 205 -205 205 -205 -413 -413 -412 -412 137 -138 138 -137 412 412 413 413 67 -68 68 -67 102 102 103 103 -67 67 -68 68 108 108 107 108 -2 272 -3 272 -242 -242z"/><path class="sym-line" fill="black" d="M1315 2160 l-140 -140 208 -207 207 -208 243 243 c133 133 245 242 250 242 4 0 7 -120 7 -267 l0 -268 -112 -112 -113 -113 70 -70 70 -70 137 137 138 138 0 417 0 418 -413 0 -412 0 -140 -140z M482 1327 l-482 -482 415 -415 415 -415 482 482 483 483 -70 70 -70 70 -412 -412 -413 -413 -137 138 -138 137 413 413 412 412 -208 208 -207 207 -483 -483z"/></g></svg>
  <svg x='496' y='443'><g transform="translate(-0.0200436346424,23.9728432032) scale(0.0099044034284,-0.0100483006912)"><path class="sym-fill" fill="white" d="M940 1205 c-420 -415 -766 -758 -767 -762 -2 -5 57 -69 131 -142 l135 -135 73 67 c40 37 387 378 771 759 l698 693 -138 137 -138 137 -765 -754z"/><path class="sym-line" fill="black" d="M1370 2275 l95 -95 367 0 368 0 0 -363 0 -362 100 -100 100 -100 0 558 0 557 -562 0 -563 0 95 -95z M1210 1757 c-190 -188 -536 -531 -769 -762 l-424 -419 73 -69 72 -69 302 299 c165 164 512 507 770 762 l469 462 -69 70 c-37 38 -71 69 -74 69 -3 0 -160 -154 -350 -343z M1216 924 c-421 -416 -766 -759 -766 -763 0 -4 30 -37 67 -73 l68 -67 765 753 c420 415 766 759 768 766 4 12 -64 88 -109 121 l-27 19 -766 -756z"/></g></svg>
  <svg x='531' y='503'><g transform="translate(0.0,27.0) scale(0.01,-0.01)"><path class="sym-fill" fill="white" d="M398 2213 l-198 -198 0 -158 0 -157 -100 0 -100 0 0 -150 0 -150 100 0 100 0 0 -600 0 -600 200 0 200 0 0 600 0 600 300 0 300 0 0 150 0 150 -300 0 -300 0 -2 355 -3 355 -197 -197z"/><path class="sym-line" fill="black" d="M297 2402 l-297 -297 0 -203 0 -202 100 0 100 0 0 163 0 162 200 200 200 200 0 -363 0 -362 300 0 300 0 0 203 0 202 -298 298 c-163 163 -299 297 -302 297 -3 0 -139 -134 -303 -298z M0 700 l0 -700 600 0 600 0 0 700 0 700 -300 0 -300 0 0 -600 0 -600 -200 0 -200 0 0 600 0 600 -100 0 -100 0 0 -700z"/></g></svg>
  <svg x='501' y='502'><g transform="translate(0.0,27.0) scale(0.01,-0.01)"><path class="sym-fill" fill="white" d="M600 2057 l0 -357 -300 0 -300 0 0 -150 0 -150 300 0 300 0 0 -600 0 -600 200 0 200 0 0 600 0 600 100 0 100 0 0 150 0 150 -100 0 -100 0 0 158 0 157 -200 200 -200 200 0 -358z"/><path class="sym-line" fill="black" d="M297 2402 l-297 -297 0 -203 0 -202 300 0 300 0 0 362 0 363 200 -200 200 -200 0 -162 0 -163 100 0 100 0 0 203 0 202 -298 298 c-163 163 -299 297 -302 297 -3 0 -139 -134 -303 -298z M0 700 l0 -700 600 0 600 0 0 700 0 700 -100 0 -100 0 0 -600 0 -600 -200 0 -200 0 0 600 0 600 -300 0 -300 0 0 -700z"/></g></svg>
  <svg x='532' y='538'><g transform="translate(0.043463926586,14.7505211307) scale(0.00985915292844,-0.00973472242044)"><path class="sym-fill" fill="white" d="M510 1100 l0 -400 140 0 140 0 0 400 0 400 -140 0 -140 0 0 -400z"/><path class="sym-line" fill="black" d="M330 1100 l0 -400 -159 -2 -160 -3 315 -347 c174 -192 319 -348 324 -348 5 0 150 156 324 348 l315 347 -160 3 -159 2 0 400 0 400 -90 0 -90 0 0 -400 0 -400 -140 0 -140 0 0 400 0 400 -90 0 -90 0 0 -400z"/></g></svg>
  <svg x='500' y='536'><g transform="translate(0.043463926586,14.7505211307) scale(0.00985915292844,-0.00973472242044)"><path class="sym-fill" fill="white" d="M510 1100 l0 -400 140 0 140 0 0 400 0 400 -140 0 -140 0 0 -400z M277 557 c144 -163 368 -407 373 -407 5 0 229 244 373 407 l39 43 -412 0 -412 0 39 -43z"/><path class="sym-line" fill="black" d="M330 1100 l0 -400 -159 -2 -160 -3 315 -347 c174 -192 319 -348 324 -348 5 0 150 156 324 348 l315 347 -160 3 -159 2 0 400 0 400 -90 0 -90 0 0 -400 0 -400 -140 0 -140 0 0 400 0 400 -90 0 -90 0 0 -400z m714 -522 c-82 -96 -388 -428 -394 -428 -6 0 -312 332 -394 428 l-19 22 413 0 413 0 -19 -22z"/></g></svg>
  <svg x='516' y='551'><g transform="translate(0.178125321737,5.7484375) scale(0.00969593203301,-0.00933333333333)"><path class="sym-line" fill="black" d="M4 569 c22 -111 99 -242 206 -349 151 -151 320 -220 540 -220 220 0 389 69 540 220 107 107 184 238 206 349 l7 31 -61 0 -61 0 -42 -82 c-54 -104 -163 -218 -264 -274 -154 -85 -340 -108 -501 -61 -176 51 -331 177 -413 335 l-42 82 -61 0 -61 0 7 -31z"/></g></svg>
</svg>