<svg version='1.1' xmlns='http://www.w3.org/2000/svg' width='125' height='91' viewBox='438 482 125 91'>
  <text font-size='0'>AS15d10S15d18S28805S2881dS15d57S15d5fS20500S20500S2fb04S2ff00M563x573S2ff00482x482S15d10507x511S15d18474x512S20500517x504S20500471x505S15d57540x547S15d5f438x550S28805511x547S2881d467x547S2fb04494x565</text>
  <svg x='482' y='482'><g transform="translate(0.149874875465,34.7500790925) scale(0.00988906872676,-0.00988956850125)"><path class="sym-line" fill="black" d="M1528 3484 c-592 -92 -1088 -447 -1348 -963 -125 -249 -180 -485 -180 -771 0 -480 183 -911 529 -1242 350 -336 780 -508 1271 -508 451 0 864 150 1193 434 326 281 517 620 591 1051 21 121 21 409 0 530 -43 252 -114 444 -237 639 -282 453 -741 750 -1284 831 -127 19 -413 18 -535 -1z m607 -173 c583 -126 1038 -523 1224 -1069 59 -173 75 -277 75 -492 0 -165 -3 -211 -22 -300 -71 -327 -228 -611 -458 -829 -186 -177 -381 -295 -614 -374 -176 -60 -282 -78 -490 -84 -247 -7 -416 19 -628 97 -549 201 -944 674 -1043 1250 -17 97 -17 383 0 480 99 576 495 1050 1043 1250 105 38 177 58 303 81 143 26 467 21 610 -10z"/></g></svg>
  <svg x='507' y='511'><g transform="translate(0.151880478427,26.7522648112) scale(0.00978878857863,-0.00985915829359)"><path class="sym-fill" fill="white" d="M418 2213 l-208 -197 0 -908 0 -908 210 0 210 0 0 1105 c0 608 -1 1105 -2 1105 -2 -1 -96 -89 -210 -197z"/><path class="sym-line" fill="black" d="M313 2405 l-313 -296 0 -1055 0 -1054 635 0 635 0 0 148 0 147 315 298 c173 164 315 301 315 305 0 4 -33 40 -73 80 l-73 73 -240 -227 -239 -226 -3 754 -2 755 -311 294 c-171 162 -316 295 -322 297 -7 1 -153 -131 -324 -293z m327 -1100 l0 -1105 -215 0 -215 0 0 909 0 910 206 195 c113 108 210 196 215 196 5 0 9 -445 9 -1105z"/></g></svg>
  <svg x='474' y='512'><g transform="translate(0.0,27.0) scale(0.01,-0.01)"><path class="sym-fill" fill="white" d="M1270 1307 l0 -1107 210 0 210 0 0 908 0 908 -152 145 c-84 79 -179 168 -210 198 l-58 54 0 -1106z"/><path class="sym-line" fill="black" d="M945 2405 l-310 -295 -5 -755 -5 -756 -239 226 -240 226 -73 -73 c-40 -40 -73 -76 -73 -80 0 -4 142 -141 315 -305 l315 -298 0 -147 0 -148 635 0 635 0 0 1054 0 1055 -312 295 c-171 163 -316 296 -322 296 -6 -1 -150 -133 -321 -295z m564 -210 l179 -170 1 -912 1 -913 -210 0 -210 0 0 1106 0 1107 30 -24 c16 -13 110 -100 209 -194z"/></g></svg>
  <svg x='517' y='504'><g transform="translate(-0.221878406359,10.7500002304) scale(0.0103429235226,-0.00963778430032)"><path class="sym-line" fill="black" d="M430 895 l0 -205 -37 23 c-21 13 -95 61 -165 105 l-128 82 -36 -71 c-19 -40 -32 -75 -27 -79 4 -3 74 -48 156 -99 81 -51 147 -97 147 -101 0 -4 -66 -50 -147 -101 -82 -51 -152 -96 -156 -99 -5 -4 8 -39 27 -79 l36 -71 128 82 c70 44 144 92 165 105 l37 23 0 -205 0 -205 70 0 70 0 0 205 0 205 38 -23 c20 -13 94 -61 164 -105 l128 -82 36 71 c19 40 32 75 27 79 -4 3 -74 48 -155 99 -82 51 -148 97 -148 101 0 4 66 50 148 101 81 51 151 96 155 99 5 4 -8 39 -27 79 l-36 71 -128 -82 c-70 -44 -144 -92 -164 -105 l-38 -23 0 205 0 205 -70 0 -70 0 0 -205z"/></g></svg>
  <svg x='471' y='505'><g transform="translate(-0.221878406359,10.7500002304) scale(0.0103429235226,-0.00963778430032)"><path class="sym-line" fill="black" d="M430 895 l0 -205 -37 23 c-21 13 -95 61 -165 105 l-128 82 -36 -71 c-19 -40 -32 -75 -27 -79 4 -3 74 -48 156 -99 81 -51 147 -97 147 -101 0 -4 -66 -50 -147 -101 -82 -51 -152 -96 -156 -99 -5 -4 8 -39 27 -79 l36 -71 128 82 c70 44 144 92 165 105 l37 23 0 -205 0 -205 70 0 70 0 0 205 0 205 38 -23 c20 -13 94 -61 164 -105 l128 -82 36 71 c19 40 32 75 27 79 -4 3 -74 48 -155 99 -82 51 -148 97 -148 101 0 4 66 50 148 101 81 51 151 96 155 99 5 4 -8 39 -27 79 l-36 71 -128 -82 c-70 -44 -144 -92 -164 -105 l-38 -23 0 205 0 205 -70 0 -70 0 0 -205z"/></g></svg>
  <svg x='540' y='547'><g transform="translate(0.102420376257,22.8044910805) scale(0.00989015279534,-0.00989169718736)"><path class="sym-fill" fill="white" d="M1082 1907 l-102 -102 413 -413 412 -412 98 98 c53 53 97 102 97 107 0 6 -183 193 -408 418 l-407 407 -103 -103z"/><path class="sym-line" fill="black" d="M1317 2152 l-137 -137 418 -418 417 -417 138 138 137 137 0 418 0 417 -418 0 -417 0 -138 -138z M220 1468 l0 -413 -107 -107 -108 -108 418 -418 417 -417 483 483 482 482 -415 418 -415 417 -277 -275 -278 -275 0 313 0 312 -100 0 -100 0 0 -412z"/></g></svg>
  <svg x='438' y='550'><g transform="translate(0.0510813084209,22.8044910805) scale(0.00989015279534,-0.00989169718736)"><path class="sym-fill" fill="white" d="M707 1602 c-224 -224 -407 -412 -407 -417 0 -6 44 -54 98 -108 l97 -97 413 413 412 412 -103 103 -102 102 -408 -408z"/><path class="sym-line" fill="black" d="M10 1872 l0 -417 138 -138 137 -137 418 418 417 417 -138 138 -137 137 -418 0 -417 0 0 -418z M1880 1568 l0 -313 -275 275 -275 275 -418 -417 -417 -418 482 -482 483 -483 417 417 418 418 -108 108 -107 107 0 413 0 412 -100 0 -100 0 0 -312z"/></g></svg>
  <svg x='511' y='547'><g transform="translate(-0.0476483456381,19.9564720229) scale(0.00989882416815,-0.00999972314421)"><path class="sym-fill" fill="white" d="M192 1588 c4 -380 5 -395 27 -463 96 -288 319 -492 612 -560 48 -11 137 -19 257 -22 l182 -6 0 207 0 206 -158 0 c-167 0 -226 10 -300 52 -51 29 -129 105 -158 154 -51 86 -54 113 -54 482 l0 342 -206 0 -205 0 3 -392z"/><path class="sym-line" fill="black" d="M20 1683 c0 -344 10 -477 46 -600 73 -253 259 -472 506 -595 153 -76 269 -98 509 -98 l179 0 0 -185 c0 -102 3 -185 6 -185 11 0 734 715 734 726 0 11 -723 724 -734 724 -3 0 -6 -81 -6 -180 l0 -180 -152 0 c-174 0 -207 10 -273 75 -74 75 -75 78 -75 458 l0 337 -81 0 -80 0 3 -358 3 -358 38 -76 c60 -122 165 -203 297 -228 29 -5 115 -10 191 -10 l139 0 0 -206 0 -206 -197 4 c-178 5 -207 8 -288 32 -289 87 -499 300 -577 584 -20 71 -22 108 -26 450 l-4 372 -79 0 -79 0 0 -297z"/></g></svg>
  <svg x='467' y='547'><g transform="translate(0.149872906888,19.9803277894) scale(0.00988916715558,-0.0100115333863)"><path class="sym-fill" fill="white" d="M1405 1968 c-3 -7 -6 -170 -7 -363 l-3 -350 -31 -65 c-35 -74 -103 -146 -171 -184 -82 -47 -134 -56 -305 -56 l-158 0 0 -206 0 -207 188 6 c261 8 372 37 529 140 167 108 289 279 344 482 21 75 22 104 23 445 l1 365 -203 3 c-157 2 -204 0 -207 -10z M382 977 l-232 -232 212 -210 c117 -116 225 -221 241 -235 l27 -23 0 466 c0 257 -3 467 -8 467 -4 0 -112 -105 -240 -233z"/><path class="sym-line" fill="black" d="M1240 1642 l0 -338 -26 -52 c-28 -57 -69 -96 -129 -123 -33 -15 -67 -19 -192 -19 l-153 0 0 180 c0 99 -3 180 -6 180 -10 0 -734 -714 -734 -724 0 -10 715 -718 731 -724 5 -2 9 79 9 181 l0 185 218 4 c199 5 224 7 306 32 344 104 591 358 682 701 26 98 27 108 32 478 l4 377 -80 0 -81 0 -3 -377 -4 -378 -28 -90 c-89 -289 -301 -489 -606 -572 -35 -9 -125 -17 -252 -20 l-198 -5 0 205 0 205 173 4 c148 4 180 8 230 27 115 45 219 157 251 272 13 45 16 117 16 392 l0 337 -80 0 -80 0 0 -338z m-610 -899 l0 -476 -238 234 c-130 129 -239 238 -241 242 -2 7 465 474 477 476 1 1 2 -213 2 -476z"/></g></svg>
  <svg x='494' y='565'><g transform="translate(0.178125321737,5.7484375) scale(0.00969593203301,-0.00933333333333)"><path class="sym-line" fill="black" d="M4 569 c22 -111 99 -242 206 -349 151 -151 320 -220 540 -220 220 0 389 69 540 220 107 107 184 238 206 349 l7 31 -61 0 -61 0 -42 -82 c-54 -104 -163 -218 -264 -274 -154 -85 -340 -108 -501 -61 -176 51 -331 177 -413 335 l-42 82 -61 0 -61 0 7 -31z"/></g></svg>
</svg>