<svg version='1.1' xmlns='http://www.w3.org/2000/svg' width='75' height='111' viewBox='463 444 75 111'>
  <text font-size='0'>AS15d12S15d10S20500S26602S1d451S15a39S20e00S26507M538x555S15a39463x524S20e00482x543S1d451494x518S26507493x501S15d10468x459S15d12476x444S20500482x463S26602508x449</text>
  <svg x='463' y='524'><g transform="translate(0.149415820392,22.899520137) scale(0.00991202148038,-0.00989177505957)"><path class="sym-fill" fill="white" d="M1425 1990 l-110 -110 -67 67 -68 68 -103 -103 -102 -102 68 -67 67 -68 -412 -412 -413 -413 275 -275 275 -275 412 412 413 413 67 -68 68 -67 102 102 103 103 -67 67 -68 68 108 108 107 107 0 278 0 277 -273 0 -272 0 -110 -110z"/><path class="sym-line" fill="black" d="M1315 2160 l-140 -140 70 -70 70 -70 110 110 111 110 274 -2 275 -3 3 -270 2 -269 -112 -113 -113 -113 70 -70 70 -70 137 137 138 138 0 417 0 418 -413 0 -412 0 -140 -140z M482 1327 l-482 -482 415 -415 415 -415 482 482 483 483 -70 70 -70 70 -412 -412 -413 -413 -275 275 -275 275 412 412 413 413 -70 70 -70 70 -483 -483z"/></g></svg>
  <svg x='482' y='543'><g transform="translate(0.146427179928,11.7544805477) scale(0.00967082850362,-0.00967852689504)"><path class="sym-fill" fill="white" d="M503 985 c-159 -43 -265 -159 -295 -325 -22 -116 23 -252 112 -340 88 -89 224 -134 340 -112 178 33 299 154 332 332 22 115 -23 252 -110 339 -56 56 -107 85 -189 106 -70 18 -121 18 -190 0z m175 -200 c104 -44 151 -167 103 -270 -71 -153 -291 -153 -362 0 -33 72 -19 166 34 224 52 56 151 76 225 46z"/><path class="sym-line" fill="black" d="M435 1181 c-206 -60 -366 -224 -419 -428 -21 -78 -21 -228 0 -306 54 -208 223 -377 431 -431 78 -21 228 -21 306 0 208 54 377 223 431 431 21 78 21 228 0 306 -26 103 -80 195 -158 273 -78 78 -170 132 -273 158 -82 21 -240 20 -318 -3z m276 -197 c134 -40 234 -140 273 -273 62 -211 -60 -432 -273 -495 -210 -62 -433 61 -495 273 -61 207 56 426 264 492 70 23 161 24 231 3z M509 772 c-43 -22 -59 -38 -81 -81 -36 -68 -36 -114 0 -182 22 -43 38 -59 81 -81 68 -36 114 -36 182 0 43 22 59 38 81 81 36 68 36 114 0 182 -22 43 -38 59 -81 81 -68 36 -114 36 -182 0z"/></g></svg>
  <svg x='494' y='518'><g transform="translate(-0.000532375277607,24.9594133528) scale(0.00995173338717,-0.00993540858038)"><path class="sym-line" fill="black" d="M890 2473 c-41 -14 -77 -27 -79 -29 -5 -5 319 -926 330 -939 10 -10 149 121 149 140 0 5 -66 199 -148 430 -101 287 -152 420 -162 422 -8 1 -49 -10 -90 -24z M1510 2047 l0 -192 88 -88 c48 -48 91 -87 95 -87 4 0 7 126 7 280 l0 280 -95 0 -95 0 0 -193z M84 2115 l-69 -65 240 -235 c132 -129 323 -316 425 -414 l185 -178 70 64 70 64 -330 325 c-181 178 -373 364 -426 414 l-96 89 -69 -64z M1246 1355 l-260 -253 260 -256 259 -255 -380 -1 -380 0 130 130 130 130 -67 67 -67 67 -63 -59 c-169 -159 -788 -769 -786 -774 2 -3 32 -34 68 -68 l65 -62 195 189 195 189 580 1 580 0 105 -106 c58 -58 117 -114 133 -125 l27 -20 260 253 c143 139 259 256 257 259 -4 12 -968 949 -975 948 -4 0 -124 -114 -266 -254z"/></g></svg>
  <svg x='493' y='501'><g transform="translate(-0.0990227783968,12.7676076804) scale(0.00988294432064,-0.00992219549537)"><path class="sym-line" fill="black" d="M420 1035 l235 -235 -315 -315 -315 -315 85 -85 85 -85 315 315 315 315 237 -237 238 -238 0 558 0 557 -557 0 -558 0 235 -235z"/></g></svg>
  <svg x='468' y='459'><g transform="translate(0.151880478427,26.7522648112) scale(0.00978878857863,-0.00985915829359)"><path class="sym-fill" fill="white" d="M418 2213 l-208 -197 0 -908 0 -908 210 0 210 0 0 1105 c0 608 -1 1105 -2 1105 -2 -1 -96 -89 -210 -197z"/><path class="sym-line" fill="black" d="M313 2405 l-313 -296 0 -1055 0 -1054 635 0 635 0 0 148 0 147 315 298 c173 164 315 301 315 305 0 4 -33 40 -73 80 l-73 73 -240 -227 -239 -226 -3 754 -2 755 -311 294 c-171 162 -316 295 -322 297 -7 1 -153 -131 -324 -293z m327 -1100 l0 -1105 -215 0 -215 0 0 909 0 910 206 195 c113 108 210 196 215 196 5 0 9 -445 9 -1105z"/></g></svg>
  <svg x='476' y='444'><g transform="translate(0.130661630485,18.7501235081) scale(0.00985944212031,-0.00979036105688)"><path class="sym-fill" fill="white" d="M341 573 c30 -32 119 -127 198 -210 l145 -153 908 0 908 0 0 210 0 210 -1107 0 -1106 0 54 -57z"/><path class="sym-line" fill="black" d="M1722 1827 l-73 -73 226 -240 226 -239 -754 -3 -753 -2 -295 -311 c-161 -171 -295 -317 -297 -323 -1 -7 130 -152 293 -324 l296 -312 1055 0 1054 0 0 635 0 635 -148 0 -147 0 -298 315 c-164 173 -301 315 -305 315 -4 0 -40 -33 -80 -73z m778 -1407 l0 -210 -912 1 -913 1 -170 179 c-93 99 -181 193 -194 209 l-24 30 1107 0 1106 0 0 -210z"/></g></svg>
  <svg x='482' y='463'><g transform="translate(-0.221878406359,10.7500002304) scale(0.0103429235226,-0.00963778430032)"><path class="sym-line" fill="black" d="M430 895 l0 -205 -37 23 c-21 13 -95 61 -165 105 l-128 82 -36 -71 c-19 -40 -32 -75 -27 -79 4 -3 74 -48 156 -99 81 -51 147 -97 147 -101 0 -4 -66 -50 -147 -101 -82 -51 -152 -96 -156 -99 -5 -4 8 -39 27 -79 l36 -71 128 82 c70 44 144 92 165 105 l37 23 0 -205 0 -205 70 0 70 0 0 205 0 205 38 -23 c20 -13 94 -61 164 -105 l128 -82 36 71 c19 40 32 75 27 79 -4 3 -74 48 -155 99 -82 51 -148 97 -148 101 0 4 66 50 148 101 81 51 151 96 155 99 5 4 -8 39 -27 79 l-36 71 -128 -82 c-70 -44 -144 -92 -164 -105 l-38 -23 0 205 0 205 -70 0 -70 0 0 -205z"/></g></svg>
  <svg x='508' y='449'><g transform="translate(0.198281300516,15.7010613696) scale(0.00985046527537,-0.00972038991848)"><path class="sym-line" fill="black" d="M395 1200 l-400 -400 403 -403 402 -402 0 353 0 352 1100 0 1100 0 0 100 0 100 -1100 0 -1100 0 -2 350 -3 350 -400 -400z"/></g></svg>
</svg>