<svg version='1.1' xmlns='http://www.w3.org/2000/svg' width='42' height='96' viewBox='479 452 42 96'>
  <text font-size='0'>AS15a37S15a3fS26503S26511S26507S26515S2f900S2fb00M521x548S15a37498x509S15a3f479x525S26515481x490S26511481x470S2fb00490x452S26503499x469S2f900492x460S26507498x490</text>
  <svg x='498' y='509'><g transform="translate(-0.000223836172357,22.7560476437) scale(0.00989189550009,-0.00991168243272)"><path class="sym-fill" fill="white" d="M1438 1973 l-108 -108 -68 68 -67 67 -103 -103 -102 -102 67 -68 68 -67 -413 -413 -412 -412 275 -275 275 -275 413 413 412 412 68 -67 67 -68 102 102 103 103 -68 68 -67 67 110 110 110 110 0 272 0 273 -278 0 -277 0 -107 -107z"/><path class="sym-line" fill="black" d="M1327 2142 l-137 -137 70 -70 70 -70 113 113 113 112 269 -2 270 -3 3 -275 2 -274 -110 -111 -110 -110 70 -70 70 -70 140 140 140 140 0 412 0 413 -418 0 -417 0 -138 -138z M495 1310 l-480 -480 415 -415 415 -415 482 482 483 483 -70 70 -70 70 -413 -413 -412 -412 -275 275 -275 275 413 413 412 412 -68 68 c-37 37 -70 67 -72 67 -3 0 -221 -216 -485 -480z"/></g></svg>
  <svg x='479' y='525'><g transform="translate(0.149852532516,22.7560476437) scale(0.00989018587419,-0.00991168243272)"><path class="sym-fill" fill="white" d="M200 1807 l0 -272 110 -110 110 -110 -67 -67 -68 -68 103 -103 102 -102 67 68 68 67 412 -412 413 -413 275 275 275 275 -412 412 -413 413 68 67 67 68 -102 102 -103 103 -67 -67 -68 -68 -108 108 -107 107 -278 0 -277 0 0 -273z"/><path class="sym-line" fill="black" d="M0 1867 l0 -412 140 -140 140 -140 70 70 70 70 -110 110 -110 111 2 274 3 275 270 3 269 2 113 -112 113 -113 70 70 70 70 -137 137 -138 138 -417 0 -418 0 0 -413z M1247 1723 l-67 -68 412 -412 413 -413 -275 -275 -275 -275 -412 412 -413 413 -70 -70 -70 -70 483 -483 482 -482 415 415 415 415 -480 480 c-264 264 -482 480 -485 480 -3 0 -36 -30 -73 -67z"/></g></svg>
  <svg x='481' y='490'><g transform="translate(0.201449840713,12.7676076804) scale(0.00987988174105,-0.00992219549537)"><path class="sym-fill" fill="white" d="M790 475 l-355 -355 358 0 357 0 0 355 c0 195 -1 355 -3 355 -1 0 -162 -160 -357 -355z"/><path class="sym-line" fill="black" d="M75 1190 l-80 -80 318 -318 317 -317 -237 -238 -238 -237 558 0 557 0 0 557 0 558 -235 -235 -235 -235 -313 313 c-171 171 -317 312 -322 312 -6 0 -46 -36 -90 -80z m1085 -710 l0 -360 -362 0 -363 0 360 360 c198 198 361 360 362 360 2 0 3 -162 3 -360z"/></g></svg>
  <svg x='481' y='470'><g transform="translate(-0.146131080007,12.9974802419) scale(0.00991877655743,-0.00988387903225)"><path class="sym-fill" fill="white" d="M140 825 c0 -195 3 -355 8 -355 4 0 167 160 362 355 l355 355 -363 0 -362 0 0 -355z"/><path class="sym-line" fill="black" d="M30 743 l0 -558 235 235 235 235 315 -315 315 -315 85 85 85 85 -315 315 -315 315 237 237 238 238 -558 0 -557 0 0 -557z m830 434 c0 -1 -162 -164 -360 -362 l-360 -360 0 363 0 362 360 0 c198 0 360 -1 360 -3z"/></g></svg>
  <svg x='490' y='452'><g transform="translate(0.169849905175,5.76208528494) scale(0.0097007872376,-0.00950858679199)"><path class="sym-line" fill="black" d="M552 580 c-226 -60 -429 -239 -518 -459 -13 -33 -27 -73 -30 -90 l-6 -31 60 0 61 0 42 83 c54 103 163 217 264 273 205 113 445 113 650 0 101 -56 210 -170 264 -273 l42 -83 61 0 61 0 -7 31 c-22 111 -99 242 -206 349 -99 99 -217 167 -346 200 -105 27 -289 27 -392 0z"/></g></svg>
  <svg x='499' y='469'><g transform="translate(0.149997363587,13.047291644) scale(0.00988294432064,-0.00992219549537)"><path class="sym-line" fill="black" d="M790 985 l-315 -315 -237 237 -238 238 0 -558 0 -557 557 0 558 0 -235 235 -235 235 315 315 315 315 -85 85 -85 85 -315 -315z"/></g></svg>
  <svg x='492' y='460'><g transform="translate(0.180786096011,4.75000053092) scale(0.00958087152387,-0.00920312606184)"><path class="sym-line" fill="black" d="M245 488 c-55 -20 -116 -69 -150 -121 -45 -68 -84 -193 -92 -289 l-6 -78 107 0 106 0 0 40 c0 57 36 145 71 175 37 30 91 33 131 7 15 -10 53 -49 85 -87 82 -98 136 -129 231 -134 87 -4 139 9 200 51 86 59 157 215 169 371 l6 77 -107 0 -106 0 0 -40 c0 -57 -36 -145 -71 -175 -37 -30 -91 -33 -131 -7 -15 10 -53 49 -85 87 -32 38 -81 83 -107 100 -44 27 -59 30 -135 32 -47 1 -99 -3 -116 -9z"/></g></svg>
  <svg x='498' y='490'><g transform="translate(-0.0990227783968,12.7676076804) scale(0.00988294432064,-0.00992219549537)"><path class="sym-line" fill="black" d="M420 1035 l235 -235 -315 -315 -315 -315 85 -85 85 -85 315 315 315 315 237 -237 238 -238 0 558 0 557 -557 0 -558 0 235 -235z"/></g></svg>
</svg>