<svg version='1.1' xmlns='http://www.w3.org/2000/svg' width='83' height='122' viewBox='459 439 83 122'>
  <text font-size='0'>AS15a31S15a39S26c09S26c1bS15a40S15a48S22a04S22a14S2fb04S2fb00M542x561S15a31475x464S15a39502x455S15a40498x511S15a48470x511S22a04498x542S22a14468x543S2fb04481x555S2fb00491x446S26c09524x439S26c1b459x448</text>
  <svg x='475' y='464'><g transform="translate(-0.0476493766782,22.899520137) scale(0.00991202148038,-0.00989177505957)"><path class="sym-fill" fill="white" d="M220 1823 l0 -278 107 -107 108 -108 -68 -68 -67 -67 103 -103 102 -102 68 67 67 68 413 -413 412 -412 275 275 275 275 -413 413 -412 412 67 68 68 67 -102 102 -103 103 -68 -68 -67 -67 -110 110 -110 110 -272 0 -273 0 0 -277z"/><path class="sym-line" fill="black" d="M20 1882 l0 -417 138 -138 137 -137 70 70 70 70 -113 113 -112 113 2 269 3 270 275 3 274 2 111 -110 110 -110 70 70 70 70 -140 140 -140 140 -412 0 -413 0 0 -418z M1265 1740 l-70 -70 413 -413 412 -412 -275 -275 -275 -275 -413 413 -412 412 -70 -70 -70 -70 483 -483 482 -482 415 415 415 415 -483 483 -482 482 -70 -70z"/></g></svg>
  <svg x='502' y='455'><g transform="translate(0.149415820392,22.899520137) scale(0.00991202148038,-0.00989177505957)"><path class="sym-fill" fill="white" d="M1425 1990 l-110 -110 -67 67 -68 68 -103 -103 -102 -102 68 -67 67 -68 -412 -412 -413 -413 275 -275 275 -275 412 412 413 413 67 -68 68 -67 102 102 103 103 -67 67 -68 68 108 108 107 107 0 278 0 277 -273 0 -272 0 -110 -110z"/><path class="sym-line" fill="black" d="M1315 2160 l-140 -140 70 -70 70 -70 110 110 111 110 274 -2 275 -3 3 -270 2 -269 -112 -113 -113 -113 70 -70 70 -70 137 137 138 138 0 417 0 418 -413 0 -412 0 -140 -140z M482 1327 l-482 -482 415 -415 415 -415 482 482 483 483 -70 70 -70 70 -412 -412 -413 -413 -275 275 -275 275 412 412 413 413 -70 70 -70 70 -483 -483z"/></g></svg>
  <svg x='498' y='511'><g transform="translate(0.0,27.0) scale(0.01,-0.01)"><path class="sym-fill" fill="white" d="M398 2213 l-198 -198 0 -158 0 -157 -100 0 -100 0 0 -150 0 -150 100 0 100 0 0 -600 0 -600 200 0 200 0 0 600 0 600 300 0 300 0 0 150 0 150 -300 0 -300 0 -2 355 -3 355 -197 -197z"/><path class="sym-line" fill="black" d="M297 2402 l-297 -297 0 -203 0 -202 100 0 100 0 0 163 0 162 200 200 200 200 0 -363 0 -362 300 0 300 0 0 203 0 202 -298 298 c-163 163 -299 297 -302 297 -3 0 -139 -134 -303 -298z M0 700 l0 -700 600 0 600 0 0 700 0 700 -300 0 -300 0 0 -600 0 -600 -200 0 -200 0 0 600 0 600 -100 0 -100 0 0 -700z"/></g></svg>
  <svg x='470' y='511'><g transform="translate(0.0,27.0) scale(0.01,-0.01)"><path class="sym-fill" fill="white" d="M600 2057 l0 -357 -300 0 -300 0 0 -150 0 -150 300 0 300 0 0 -600 0 -600 200 0 200 0 0 600 0 600 100 0 100 0 0 150 0 150 -100 0 -100 0 0 158 0 157 -200 200 -200 200 0 -358z"/><path class="sym-line" fill="black" d="M297 2402 l-297 -297 0 -203 0 -202 300 0 300 0 0 362 0 363 200 -200 200 -200 0 -162 0 -163 100 0 100 0 0 203 0 202 -298 298 c-163 163 -299 297 -302 297 -3 0 -139 -134 -303 -298z M0 700 l0 -700 600 0 600 0 0 700 0 700 -100 0 -100 0 0 -600 0 -600 -200 0 -200 0 0 600 0 600 -300 0 -300 0 0 -700z"/></g></svg>
  <svg x='498' y='542'><g transform="translate(0.043463926586,14.7505211307) scale(0.00985915292844,-0.00973472242044)"><path class="sym-fill" fill="white" d="M510 1100 l0 -400 140 0 140 0 0 400 0 400 -140 0 -140 0 0 -400z"/><path class="sym-line" fill="black" d="M330 1100 l0 -400 -159 -2 -160 -3 315 -347 c174 -192 319 -348 324 -348 5 0 150 156 324 348 l315 347 -160 3 -159 2 0 400 0 400 -90 0 -90 0 0 -400 0 -400 -140 0 -140 0 0 400 0 400 -90 0 -90 0 0 -400z"/></g></svg>
  <svg x='468' y='543'><g transform="translate(0.043463926586,14.7505211307) scale(0.00985915292844,-0.00973472242044)"><path class="sym-fill" fill="white" d="M510 1100 l0 -400 140 0 140 0 0 400 0 400 -140 0 -140 0 0 -400z M277 557 c144 -163 368 -407 373 -407 5 0 229 244 373 407 l39 43 -412 0 -412 0 39 -43z"/><path class="sym-line" fill="black" d="M330 1100 l0 -400 -159 -2 -160 -3 315 -347 c174 -192 319 -348 324 -348 5 0 150 156 324 348 l315 347 -160 3 -159 2 0 400 0 400 -90 0 -90 0 0 -400 0 -400 -140 0 -140 0 0 400 0 400 -90 0 -90 0 0 -400z m714 -522 c-82 -96 -388 -428 -394 -428 -6 0 -312 332 -394 428 l-19 22 413 0 413 0 -19 -22z"/></g></svg>
  <svg x='481' y='555'><g transform="translate(0.178125321737,5.7484375) scale(0.00969593203301,-0.00933333333333)"><path class="sym-line" fill="black" d="M4 569 c22 -111 99 -242 206 -349 151 -151 320 -220 540 -220 220 0 389 69 540 220 107 107 184 238 206 349 l7 31 -61 0 -61 0 -42 -82 c-54 -104 -163 -218 -264 -274 -154 -85 -340 -108 -501 -61 -176 51 -331 177 -413 335 l-42 82 -61 0 -61 0 7 -31z"/></g></svg>
  <svg x='491' y='446'><g transform="translate(0.169849905175,5.76208528494) scale(0.0097007872376,-0.00950858679199)"><path class="sym-line" fill="black" d="M552 580 c-226 -60 -429 -239 -518 -459 -13 -33 -27 -73 -30 -90 l-6 -31 60 0 61 0 42 83 c54 103 163 217 264 273 205 113 445 113 650 0 101 -56 210 -170 264 -273 l42 -83 61 0 61 0 -7 31 c-22 111 -99 242 -206 349 -99 99 -217 167 -346 200 -105 27 -289 27 -392 0z"/></g></svg>
  <svg x='524' y='439'><g transform="translate(-0.0710392565014,19.751972313) scale(0.0100290631992,-0.009847463879)"><path class="sym-line" fill="black" d="M80 1983 c0 -5 84 -102 186 -217 165 -186 183 -210 171 -225 -8 -9 -105 -119 -216 -245 -111 -125 -201 -232 -199 -238 6 -17 113 -137 124 -137 5 -1 107 108 225 242 l214 243 184 -208 c101 -114 188 -208 192 -208 5 0 9 225 9 500 l0 500 -445 0 c-245 0 -445 -3 -445 -7z M1430 825 c-118 -135 -217 -244 -221 -243 -3 2 -85 93 -183 203 -97 110 -181 202 -186 203 -6 2 -10 -177 -10 -492 l0 -496 447 0 447 0 -35 38 c-76 80 -339 381 -339 387 0 3 96 114 213 246 116 132 213 243 214 247 2 4 -27 40 -65 79 l-67 73 -215 -245z"/></g></svg>
  <svg x='459' y='448'><g transform="translate(0.150680967842,17.9890649095) scale(0.00984876410788,-0.0100176016674)"><path class="sym-fill" fill="white" d="M1558 1216 l-317 -281 316 -3 c174 -1 318 -1 320 1 2 2 2 130 1 284 l-3 279 -317 -280z M100 590 c0 -154 2 -280 5 -280 4 0 462 401 629 551 6 5 -134 9 -312 9 l-322 0 0 -280z"/><path class="sym-line" fill="black" d="M988 1723 c-37 -32 -67 -63 -67 -69 -1 -5 108 -107 242 -225 l243 -214 -208 -184 c-114 -101 -208 -188 -208 -192 0 -5 225 -9 500 -9 l500 0 0 445 c0 245 -3 445 -7 445 -5 0 -102 -84 -217 -186 -186 -165 -210 -183 -225 -171 -9 8 -119 105 -244 216 -125 110 -231 201 -235 201 -4 0 -38 -26 -74 -57z m889 -790 c-2 -2 -147 -2 -322 -1 l-318 3 319 282 319 282 3 -281 c1 -155 1 -283 -1 -285z M0 523 l0 -447 37 35 c81 76 382 339 388 339 3 0 114 -96 246 -212 132 -117 243 -214 247 -215 4 -2 40 27 79 65 l73 67 -245 215 c-135 118 -244 217 -243 221 2 3 93 85 203 183 110 97 202 181 203 186 2 6 -177 10 -492 10 l-496 0 0 -447z m740 349 c0 -6 -160 -150 -597 -535 l-43 -39 0 291 0 291 320 0 c176 0 320 -4 320 -8z"/></g></svg>
</svg>