<svg version='1.1' xmlns='http://www.w3.org/2000/svg' width='112' height='102' viewBox='424 482 112 102'>
  <text font-size='0'>AS15a11S15a1fS22c05S22c15S2f700S2f700S2ff00M536x584S15a11453x493S2ff00482x482S15a1f424x492S22c05495x538S2f700494x577S2f700524x575S22c15466x541S37703479x517S37703474x522S37703449x519S37703444x524</text>
  <svg x='453' y='493'><g transform="translate(-0.0476493766782,22.899520137) scale(0.00991202148038,-0.00989177505957)"><path class="sym-fill" fill="white" d="M220 1820 l0 -275 623 -623 622 -622 138 138 137 137 -760 760 -760 760 0 -275z"/><path class="sym-line" fill="black" d="M20 1882 l0 -417 725 -725 725 -725 415 415 415 415 -727 727 -728 728 -412 0 -413 0 0 -418z m965 -552 l760 -760 -138 -137 -137 -138 -630 630 -630 630 0 267 c0 148 3 268 8 268 4 0 349 -342 767 -760z"/></g></svg>
  <svg x='482' y='482'><g transform="translate(0.149874875465,34.7500790925) scale(0.00988906872676,-0.00988956850125)"><path class="sym-line" fill="black" d="M1528 3484 c-592 -92 -1088 -447 -1348 -963 -125 -249 -180 -485 -180 -771 0 -480 183 -911 529 -1242 350 -336 780 -508 1271 -508 451 0 864 150 1193 434 326 281 517 620 591 1051 21 121 21 409 0 530 -43 252 -114 444 -237 639 -282 453 -741 750 -1284 831 -127 19 -413 18 -535 -1z m607 -173 c583 -126 1038 -523 1224 -1069 59 -173 75 -277 75 -492 0 -165 -3 -211 -22 -300 -71 -327 -228 -611 -458 -829 -186 -177 -381 -295 -614 -374 -176 -60 -282 -78 -490 -84 -247 -7 -416 19 -628 97 -549 201 -944 674 -1043 1250 -17 97 -17 383 0 480 99 576 495 1050 1043 1250 105 38 177 58 303 81 143 26 467 21 610 -10z"/></g></svg>
  <svg x='424' y='492'><g transform="translate(0.149852532516,22.7560476437) scale(0.00989018587419,-0.00991168243272)"><path class="sym-fill" fill="white" d="M965 1320 l760 -760 137 137 138 138 -622 622 -623 623 -275 0 -275 0 760 -760z"/><path class="sym-line" fill="black" d="M0 1867 l0 -412 728 -728 727 -727 415 415 415 415 -725 725 -725 725 -417 0 -418 0 0 -413z m1375 -407 l630 -630 -138 -137 -137 -138 -760 760 c-418 418 -760 763 -760 767 0 5 120 8 268 8 l267 0 630 -630z"/></g></svg>
  <svg x='495' y='538'><g transform="translate(0.0499976837338,32.7518132004) scale(0.0100002353032,-0.00990850150969)"><path class="sym-fill" fill="white" d="M293 3008 l-143 -143 1201 -1212 c660 -667 1204 -1213 1207 -1213 4 0 70 63 146 139 l139 139 -1103 1113 c-606 613 -1148 1160 -1204 1217 l-101 102 -142 -142z"/><path class="sym-line" fill="black" d="M505 3220 l-69 -70 330 -332 c1527 -1542 2069 -2091 2072 -2101 1 -7 -61 -75 -138 -152 l-140 -140 -59 60 c-32 33 -555 562 -1161 1175 -606 613 -1122 1135 -1146 1160 l-44 44 -51 -49 c-28 -28 -59 -62 -70 -77 l-19 -26 1200 -1213 1201 -1213 -143 -143 -143 -143 573 0 572 0 0 577 0 578 -143 -143 -143 -143 -1199 1210 c-659 666 -1201 1211 -1204 1211 -4 0 -38 -31 -76 -70z"/></g></svg>
  <svg x='494' y='577'><g transform="translate(0.0,7.0) scale(0.01,-0.01)"><path class="sym-line" fill="black" d="M463 432 l-463 -267 0 -82 0 -83 600 0 600 0 0 100 0 100 -355 2 -355 3 355 205 355 204 0 43 0 43 -137 0 -138 -1 -462 -267z"/></g></svg>
  <svg x='524' y='575'><g transform="translate(0.0,7.0) scale(0.01,-0.01)"><path class="sym-line" fill="black" d="M463 432 l-463 -267 0 -82 0 -83 600 0 600 0 0 100 0 100 -355 2 -355 3 355 205 355 204 0 43 0 43 -137 0 -138 -1 -462 -267z"/></g></svg>
  <svg x='466' y='541'><g transform="translate(0.0499976837338,32.7518132004) scale(0.0100002353032,-0.00990850150969)"><path class="sym-fill" fill="white" d="M293 3008 l-143 -143 1201 -1212 c660 -667 1204 -1213 1207 -1213 4 0 70 63 146 139 l139 139 -1103 1113 c-606 613 -1148 1160 -1204 1217 l-101 102 -142 -142z M2773 501 c-211 -214 -383 -392 -383 -395 0 -4 174 -5 388 -4 l387 3 3 393 c1 215 -1 392 -5 392 -5 0 -180 -175 -390 -389z"/><path class="sym-line" fill="black" d="M505 3220 l-69 -70 330 -332 c1527 -1542 2069 -2091 2072 -2101 1 -7 -61 -75 -138 -152 l-140 -140 -59 60 c-32 33 -555 562 -1161 1175 -606 613 -1122 1135 -1146 1160 l-44 44 -51 -49 c-28 -28 -59 -62 -70 -77 l-19 -26 1200 -1213 1201 -1213 -143 -143 -143 -143 573 0 572 0 0 577 0 578 -143 -143 -143 -143 -1199 1210 c-659 666 -1201 1211 -1204 1211 -4 0 -38 -31 -76 -70z m2662 -3117 c-2 -2 -180 -2 -396 -1 l-393 3 394 399 393 399 3 -398 c1 -219 1 -400 -1 -402z"/></g></svg>
  <svg x='479' y='517'><g transform="translate(-0.946174107756,22.3050086955) scale(0.0107616505441,-0.0103087417234)"><path class="sym-line" fill="black" d="M167 2075 c-38 -41 -67 -79 -65 -85 7 -21 1842 -1941 1853 -1938 6 2 43 37 82 79 l72 75 -923 970 c-508 533 -930 970 -938 971 -7 1 -44 -32 -81 -72z"/></g></svg>
  <svg x='474' y='522'><g transform="translate(-0.946174107756,22.3050086955) scale(0.0107616505441,-0.0103087417234)"><path class="sym-line" fill="black" d="M167 2075 c-38 -41 -67 -79 -65 -85 7 -21 1842 -1941 1853 -1938 6 2 43 37 82 79 l72 75 -923 970 c-508 533 -930 970 -938 971 -7 1 -44 -32 -81 -72z"/></g></svg>
  <svg x='449' y='519'><g transform="translate(-0.946174107756,22.3050086955) scale(0.0107616505441,-0.0103087417234)"><path class="sym-line" fill="black" d="M167 2075 c-38 -41 -67 -79 -65 -85 7 -21 1842 -1941 1853 -1938 6 2 43 37 82 79 l72 75 -923 970 c-508 533 -930 970 -938 971 -7 1 -44 -32 -81 -72z"/></g></svg>
  <svg x='444' y='524'><g transform="translate(-0.946174107756,22.3050086955) scale(0.0107616505441,-0.0103087417234)"><path class="sym-line" fill="black" d="M167 2075 c-38 -41 -67 -79 -65 -85 7 -21 1842 -1941 1853 -1938 6 2 43 37 82 79 l72 75 -923 970 c-508 533 -930 970 -938 971 -7 1 -44 -32 -81 -72z"/></g></svg>
</svg>