<svg version='1.1' xmlns='http://www.w3.org/2000/svg' width='199' height='46' viewBox='400 477 199 46'>
  <text font-size='0'>AS15a41S15a47S26706S15a49S15a4fS26712S20500S2fb00M599x523S15a41503x498S15a49475x498S15a47576x499S15a4f400x500S20500495x486S2fb00491x477S26706530x502S26712431x501</text>
  <svg x='503' y='498'><g transform="translate(-0.0476493766782,22.899520137) scale(0.00991202148038,-0.00989177505957)"><path class="sym-fill" fill="white" d="M220 1820 l0 -275 107 -107 108 -108 -68 -68 -67 -67 103 -103 102 -102 68 67 67 68 413 -413 412 -412 138 137 137 138 -412 412 -413 413 205 205 205 205 -103 102 -102 103 -205 -205 -205 -205 -245 245 -245 245 0 -275z"/><path class="sym-line" fill="black" d="M20 1882 l0 -417 138 -138 137 -137 70 70 70 70 -113 113 -112 112 0 268 c0 147 3 267 7 267 5 0 117 -109 250 -242 l243 -243 207 208 208 207 -140 140 -140 140 -412 0 -413 0 0 -418z M1127 1603 l-207 -208 412 -412 413 -413 -138 -137 -137 -138 -413 413 -412 412 -70 -70 -70 -70 483 -483 482 -482 415 415 415 415 -483 483 -482 482 -208 -207z"/></g></svg>
  <svg x='475' y='498'><g transform="translate(0.149415820392,22.899520137) scale(0.00991202148038,-0.00989177505957)"><path class="sym-fill" fill="white" d="M1833 1848 l-243 -243 -205 205 -205 205 -102 -103 -103 -102 205 -205 205 -205 -413 -413 -412 -412 137 -138 138 -137 412 412 413 413 67 -68 68 -67 102 102 103 103 -67 67 -68 68 108 108 107 108 -2 272 -3 272 -242 -242z"/><path class="sym-line" fill="black" d="M1315 2160 l-140 -140 208 -207 207 -208 243 243 c133 133 245 242 250 242 4 0 7 -120 7 -267 l0 -268 -112 -112 -113 -113 70 -70 70 -70 137 137 138 138 0 417 0 418 -413 0 -412 0 -140 -140z M482 1327 l-482 -482 415 -415 415 -415 482 482 483 483 -70 70 -70 70 -412 -412 -413 -413 -137 138 -138 137 413 413 412 412 -208 208 -207 207 -483 -483z"/></g></svg>
  <svg x='576' y='499'><g transform="translate(-0.000223836172357,22.7560476437) scale(0.00989189550009,-0.00991168243272)"><path class="sym-fill" fill="white" d="M1438 1973 l-108 -108 -68 68 -67 67 -103 -103 -102 -102 67 -68 68 -67 -413 -413 -412 -412 137 -138 138 -137 412 412 413 413 205 -205 205 -205 102 103 103 102 -205 205 -205 205 245 245 245 245 -275 0 -275 0 -107 -107z"/><path class="sym-line" fill="black" d="M1327 2142 l-137 -137 70 -70 70 -70 113 113 112 112 268 0 c147 0 267 -3 267 -7 0 -5 -109 -117 -242 -250 l-243 -243 208 -207 207 -208 140 140 140 140 0 412 0 413 -418 0 -417 0 -138 -138z M495 1310 l-480 -480 415 -415 415 -415 482 482 483 483 -207 207 -208 208 -412 -412 -413 -413 -137 138 -138 137 413 413 412 412 -68 68 c-37 37 -70 67 -72 67 -3 0 -221 -216 -485 -480z"/></g></svg>
  <svg x='400' y='500'><g transform="translate(0.149852532516,22.7560476437) scale(0.00989018587419,-0.00991168243272)"><path class="sym-fill" fill="white" d="M450 1835 l245 -245 -205 -205 -205 -205 103 -102 102 -103 205 205 205 205 413 -413 412 -412 138 137 137 138 -412 412 -413 413 68 67 67 68 -102 102 -103 103 -67 -67 -68 -68 -108 108 -107 107 -275 0 -275 0 245 -245z"/><path class="sym-line" fill="black" d="M0 1867 l0 -412 140 -140 140 -140 207 208 208 207 -243 243 c-133 133 -242 245 -242 250 0 4 120 7 267 7 l268 0 112 -112 113 -113 70 70 70 70 -137 137 -138 138 -417 0 -418 0 0 -413z M1247 1723 l-67 -68 412 -412 413 -413 -138 -137 -137 -138 -413 413 -412 412 -208 -208 -207 -207 483 -483 482 -482 415 415 415 415 -480 480 c-264 264 -482 480 -485 480 -3 0 -36 -30 -73 -67z"/></g></svg>
  <svg x='495' y='486'><g transform="translate(-0.221878406359,10.7500002304) scale(0.0103429235226,-0.00963778430032)"><path class="sym-line" fill="black" d="M430 895 l0 -205 -37 23 c-21 13 -95 61 -165 105 l-128 82 -36 -71 c-19 -40 -32 -75 -27 -79 4 -3 74 -48 156 -99 81 -51 147 -97 147 -101 0 -4 -66 -50 -147 -101 -82 -51 -152 -96 -156 -99 -5 -4 8 -39 27 -79 l36 -71 128 82 c70 44 144 92 165 105 l37 23 0 -205 0 -205 70 0 70 0 0 205 0 205 38 -23 c20 -13 94 -61 164 -105 l128 -82 36 71 c19 40 32 75 27 79 -4 3 -74 48 -155 99 -82 51 -148 97 -148 101 0 4 66 50 148 101 81 51 151 96 155 99 5 4 -8 39 -27 79 l-36 71 -128 -82 c-70 -44 -144 -92 -164 -105 l-38 -23 0 205 0 205 -70 0 -70 0 0 -205z"/></g></svg>
  <svg x='491' y='477'><g transform="translate(0.169849905175,5.76208528494) scale(0.0097007872376,-0.00950858679199)"><path class="sym-line" fill="black" d="M552 580 c-226 -60 -429 -239 -518 -459 -13 -33 -27 -73 -30 -90 l-6 -31 60 0 61 0 42 83 c54 103 163 217 264 273 205 113 445 113 650 0 101 -56 210 -170 264 -273 l42 -83 61 0 61 0 -7 31 c-22 111 -99 242 -206 349 -99 99 -217 167 -346 200 -105 27 -289 27 -392 0z"/></g></svg>
  <svg x='530' y='502'><g transform="translate(0.149797517876,15.6976811299) scale(0.00989293660622,-0.00968799012796)"><path class="sym-line" fill="black" d="M3400 1252 l0 -352 -1700 0 -1700 0 0 -100 0 -100 1700 0 1700 0 0 -352 0 -353 402 403 403 402 -403 402 -402 403 0 -353z"/></g></svg>
  <svg x='431' y='501'><g transform="translate(0.201122449172,15.7010613696) scale(0.00989293660622,-0.00972038991848)"><path class="sym-fill" fill="white" d="M420 1075 l-275 -275 278 -278 277 -277 0 553 c0 303 -1 552 -3 552 -1 0 -126 -124 -277 -275z"/><path class="sym-line" fill="black" d="M395 1200 l-400 -400 403 -403 402 -402 0 353 0 352 1700 0 1700 0 0 100 0 100 -1700 0 -1700 0 -2 350 -3 350 -400 -400z m305 -402 l0 -553 -277 277 -278 278 275 275 c151 151 276 275 277 275 2 0 3 -249 3 -552z"/></g></svg>
</svg>