<svg version='1.1' xmlns='http://www.w3.org/2000/svg' width='61' height='96' viewBox='469 452 61 96'>
  <text font-size='0'>AS15a00S11820S20500S11800S15a00S20500S21404S21400M530x548S15a00494x452S11800469x521S11820507x471S15a00494x501S20500507x458S20500482x507S21404493x483S21400494x531</text>
  <svg x='494' y='452'><g transform="translate(0.0,27.0) scale(0.01,-0.01)"><path class="sym-fill" fill="white" d="M397 2212 l-197 -197 0 -908 0 -907 400 0 400 0 0 908 0 907 -198 198 c-108 108 -199 197 -202 197 -3 0 -94 -89 -203 -198z"/><path class="sym-line" fill="black" d="M297 2402 l-297 -297 0 -1053 0 -1052 600 0 600 0 0 1053 0 1052 -298 298 c-163 163 -299 297 -302 297 -3 0 -139 -134 -303 -298z m505 -179 l198 -198 0 -912 0 -913 -400 0 -400 0 0 912 0 913 197 197 c109 109 200 198 203 198 3 0 94 -89 202 -197z"/></g></svg>
  <svg x='469' y='521'><g transform="translate(0.149086073535,26.7497147517) scale(0.00973319632325,-0.00984791862272)"><path class="sym-fill" fill="white" d="M200 750 l0 -550 550 0 550 0 0 550 0 550 -550 0 -550 0 0 -550z"/><path class="sym-line" fill="black" d="M300 2601 l0 -100 428 -3 c463 -3 456 -3 508 -60 60 -65 59 -56 62 -515 l3 -423 -100 0 -100 0 -3 303 c-3 275 -5 305 -22 341 -26 53 -73 97 -132 127 l-49 24 -397 3 -398 3 0 -101 0 -100 343 0 c207 0 357 -4 380 -11 69 -19 72 -29 75 -326 l3 -263 -450 0 -451 0 0 -750 0 -750 750 0 750 0 0 1193 c0 1315 3 1245 -63 1343 -39 59 -98 105 -174 136 -57 23 -63 23 -510 26 l-453 3 0 -100z m1000 -1851 l0 -550 -550 0 -550 0 0 550 0 550 550 0 550 0 0 -550z"/></g></svg>
  <svg x='507' y='471'><g transform="translate(0.0,27.0) scale(0.01,-0.01)"><path class="sym-line" fill="black" d="M200 2601 l0 -100 428 -3 c463 -3 456 -3 508 -60 60 -65 59 -56 62 -515 l3 -423 -100 0 -100 0 -3 303 c-3 275 -5 305 -22 341 -26 53 -73 97 -132 127 l-49 24 -397 3 -398 3 0 -100 0 -100 363 -3 c408 -3 406 -3 426 -75 7 -25 11 -372 11 -1030 l0 -993 750 0 750 0 0 750 0 750 -450 0 -449 0 -3 463 -3 462 -26 55 c-49 105 -119 164 -240 201 -56 17 -98 19 -495 19 l-434 0 0 -99z"/></g></svg>
  <svg x='494' y='501'><g transform="translate(0.0,27.0) scale(0.01,-0.01)"><path class="sym-fill" fill="white" d="M397 2212 l-197 -197 0 -908 0 -907 400 0 400 0 0 908 0 907 -198 198 c-108 108 -199 197 -202 197 -3 0 -94 -89 -203 -198z"/><path class="sym-line" fill="black" d="M297 2402 l-297 -297 0 -1053 0 -1052 600 0 600 0 0 1053 0 1052 -298 298 c-163 163 -299 297 -302 297 -3 0 -139 -134 -303 -298z m505 -179 l198 -198 0 -912 0 -913 -400 0 -400 0 0 912 0 913 197 197 c109 109 200 198 203 198 3 0 94 -89 202 -197z"/></g></svg>
  <svg x='507' y='458'><g transform="translate(-0.221878406359,10.7500002304) scale(0.0103429235226,-0.00963778430032)"><path class="sym-line" fill="black" d="M430 895 l0 -205 -37 23 c-21 13 -95 61 -165 105 l-128 82 -36 -71 c-19 -40 -32 -75 -27 -79 4 -3 74 -48 156 -99 81 -51 147 -97 147 -101 0 -4 -66 -50 -147 -101 -82 -51 -152 -96 -156 -99 -5 -4 8 -39 27 -79 l36 -71 128 82 c70 44 144 92 165 105 l37 23 0 -205 0 -205 70 0 70 0 0 205 0 205 38 -23 c20 -13 94 -61 164 -105 l128 -82 36 71 c19 40 32 75 27 79 -4 3 -74 48 -155 99 -82 51 -148 97 -148 101 0 4 66 50 148 101 81 51 151 96 155 99 5 4 -8 39 -27 79 l-36 71 -128 -82 c-70 -44 -144 -92 -164 -105 l-38 -23 0 205 0 205 -70 0 -70 0 0 -205z"/></g></svg>
  <svg x='482' y='507'><g transform="translate(-0.221878406359,10.7500002304) scale(0.0103429235226,-0.00963778430032)"><path class="sym-line" fill="black" d="M430 895 l0 -205 -37 23 c-21 13 -95 61 -165 105 l-128 82 -36 -71 c-19 -40 -32 -75 -27 -79 4 -3 74 -48 156 -99 81 -51 147 -97 147 -101 0 -4 -66 -50 -147 -101 -82 -51 -152 -96 -156 -99 -5 -4 8 -39 27 -79 l36 -71 128 82 c70 44 144 92 165 105 l37 23 0 -205 0 -205 70 0 70 0 0 205 0 205 38 -23 c20 -13 94 -61 164 -105 l128 -82 36 71 c19 40 32 75 27 79 -4 3 -74 48 -155 99 -82 51 -148 97 -148 101 0 4 66 50 148 101 81 51 151 96 155 99 5 4 -8 39 -27 79 l-36 71 -128 -82 c-70 -44 -144 -92 -164 -105 l-38 -23 0 205 0 205 -70 0 -70 0 0 -205z"/></g></svg>
  <svg x='493' y='483'><g transform="translate(0.149086073535,4.73914113996) scale(0.00973319632325,-0.00918140727991)"><path class="sym-fill" fill="white" d="M404 358 c16 -99 85 -190 175 -232 39 -18 64 -21 171 -21 107 0 132 3 171 21 90 42 159 133 175 232 l7 42 -353 0 -353 0 7 -42z"/><path class="sym-line" fill="black" d="M0 450 l0 -50 150 0 150 0 0 -38 c0 -141 121 -294 274 -345 69 -24 283 -24 352 0 153 51 274 204 274 345 l0 38 150 0 150 0 0 50 0 50 -750 0 -750 0 0 -50z m1097 -95 c-13 -92 -74 -177 -162 -223 -47 -25 -58 -27 -185 -27 -127 0 -138 2 -185 27 -88 46 -149 131 -162 223 l-6 45 353 0 353 0 -6 -45z"/></g></svg>
  <svg x='494' y='531'><g transform="translate(0.149086073535,4.76137599396) scale(0.00973319632325,-0.00935366836629)"><path class="sym-fill" fill="white" d="M605 383 c-94 -34 -162 -105 -191 -199 -28 -92 -60 -84 337 -84 l352 0 -7 42 c-16 99 -85 191 -175 231 -65 30 -244 35 -316 10z"/><path class="sym-line" fill="black" d="M575 484 c-90 -32 -160 -84 -208 -157 -41 -62 -67 -136 -67 -189 l0 -38 -150 0 -150 0 0 -50 0 -50 750 0 750 0 0 50 0 50 -150 0 -150 0 0 38 c0 141 -122 295 -274 345 -64 22 -291 23 -351 1z m360 -116 c88 -46 149 -130 162 -223 l6 -45 -353 0 -353 0 6 45 c16 112 100 208 217 246 14 5 79 7 145 6 107 -3 125 -6 170 -29z"/></g></svg>
</svg>