<svg version='1.1' xmlns='http://www.w3.org/2000/svg' width='149' height='109' viewBox='425 445 149 109'>
  <text font-size='0'>AS15a32S15a36S20500S26622S26626S15d02S15d0aS26505S26511S2fb04S15d40S15d48M574x554S15d02525x445S15d0a529x515S15d40555x480S15d48504x480S26505539x467S26511531x499S2fb04534x548S15a32446x488S15a36425x495S20500446x473S26622426x510S26626437x521</text>
  <svg x='525' y='445'><g transform="translate(0.130661630485,18.7501235081) scale(0.00985944212031,-0.00979036105688)"><path class="sym-fill" fill="white" d="M482 844 c-107 -112 -192 -208 -190 -213 2 -6 90 -102 197 -215 l194 -206 908 0 909 0 0 420 0 420 -912 -1 -913 0 -193 -205z"/><path class="sym-line" fill="black" d="M1722 1827 l-73 -73 226 -240 226 -239 -754 -3 -753 -2 -295 -311 c-161 -171 -295 -317 -297 -323 -1 -7 130 -152 293 -324 l296 -312 1055 0 1054 0 0 635 0 635 -148 0 -147 0 -298 315 c-164 173 -301 315 -305 315 -4 0 -40 -33 -80 -73z m778 -1192 l0 -425 -912 1 -913 1 -195 207 c-107 114 -195 210 -195 213 0 3 89 101 199 217 l199 211 908 0 909 0 0 -425z"/></g></svg>
  <svg x='529' y='515'><g transform="translate(0.150467407594,18.7501235081) scale(0.00985944212031,-0.00979036105688)"><path class="sym-fill" fill="white" d="M200 630 l0 -420 909 0 908 0 194 206 c107 113 195 209 197 215 2 5 -83 101 -190 213 l-193 205 -912 0 -913 1 0 -420z"/><path class="sym-line" fill="black" d="M593 1585 l-298 -315 -147 0 -148 0 0 -635 0 -635 1054 0 1055 0 296 312 c163 172 294 317 293 324 -2 6 -136 152 -297 323 l-295 311 -753 2 -754 3 226 239 226 240 -73 73 c-40 40 -76 73 -80 73 -4 0 -141 -142 -305 -315z m1621 -734 c109 -115 198 -213 199 -217 1 -5 -86 -102 -193 -215 l-195 -207 -912 -1 -913 -1 0 425 0 425 909 0 908 0 197 -209z"/></g></svg>
  <svg x='555' y='480'><g transform="translate(0.151880478427,26.7522648112) scale(0.00978878857863,-0.00985915829359)"><path class="sym-fill" fill="white" d="M418 2212 l-208 -196 0 -158 0 -158 -105 0 -105 0 0 -150 0 -150 105 0 105 0 0 -600 0 -600 210 0 210 0 0 600 0 600 320 0 320 0 0 150 0 150 -320 0 -320 0 -2 354 -3 354 -207 -196z"/><path class="sym-line" fill="black" d="M313 2405 l-313 -296 0 -205 0 -204 105 0 105 0 0 159 0 160 206 195 c113 108 210 196 215 196 5 0 9 -147 9 -355 l0 -355 315 0 315 0 0 203 0 204 -311 294 c-171 162 -316 295 -322 297 -7 1 -153 -131 -324 -293z M0 700 l0 -700 635 0 635 0 0 148 0 147 315 298 c173 164 315 301 315 305 0 4 -33 40 -73 80 l-73 73 -240 -227 -239 -226 -3 401 -2 401 -315 0 -315 0 0 -600 0 -600 -215 0 -215 0 0 600 0 600 -105 0 -105 0 0 -700z"/></g></svg>
  <svg x='504' y='480'><g transform="translate(0.0,27.0) scale(0.01,-0.01)"><path class="sym-fill" fill="white" d="M1270 2057 l0 -357 -320 0 -320 0 0 -150 0 -150 320 0 320 0 0 -600 0 -600 210 0 210 0 0 600 0 600 105 0 105 0 0 150 0 150 -105 0 -105 0 0 158 0 158 -152 145 c-84 79 -179 168 -210 198 l-58 54 0 -356z"/><path class="sym-line" fill="black" d="M943 2402 l-313 -296 0 -203 0 -203 320 0 320 0 2 357 3 358 207 -195 206 -195 1 -162 1 -163 105 0 105 0 0 204 0 205 -312 295 c-171 163 -316 296 -322 296 -6 -1 -152 -134 -323 -298z M628 1000 l-3 -401 -239 226 -240 226 -73 -73 c-40 -40 -73 -76 -73 -80 0 -4 142 -141 315 -305 l315 -298 0 -147 0 -148 635 0 635 0 0 700 0 700 -105 0 -105 0 0 -600 0 -600 -210 0 -210 0 0 600 0 600 -320 0 -320 0 -2 -400z"/></g></svg>
  <svg x='539' y='467'><g transform="translate(0.201449840713,12.7676076804) scale(0.00987988174105,-0.00992219549537)"><path class="sym-line" fill="black" d="M75 1190 l-80 -80 318 -318 317 -317 -237 -238 -238 -237 558 0 557 0 0 557 0 558 -235 -235 -235 -235 -313 313 c-171 171 -317 312 -322 312 -6 0 -46 -36 -90 -80z"/></g></svg>
  <svg x='531' y='499'><g transform="translate(-0.146131080007,12.9974802419) scale(0.00991877655743,-0.00988387903225)"><path class="sym-fill" fill="white" d="M140 825 c0 -195 3 -355 8 -355 4 0 167 160 362 355 l355 355 -363 0 -362 0 0 -355z"/><path class="sym-line" fill="black" d="M30 743 l0 -558 235 235 235 235 315 -315 315 -315 85 85 85 85 -315 315 -315 315 237 237 238 238 -558 0 -557 0 0 -557z m830 434 c0 -1 -162 -164 -360 -362 l-360 -360 0 363 0 362 360 0 c198 0 360 -1 360 -3z"/></g></svg>
  <svg x='534' y='548'><g transform="translate(0.178125321737,5.7484375) scale(0.00969593203301,-0.00933333333333)"><path class="sym-line" fill="black" d="M4 569 c22 -111 99 -242 206 -349 151 -151 320 -220 540 -220 220 0 389 69 540 220 107 107 184 238 206 349 l7 31 -61 0 -61 0 -42 -82 c-54 -104 -163 -218 -264 -274 -154 -85 -340 -108 -501 -61 -176 51 -331 177 -413 335 l-42 82 -61 0 -61 0 7 -31z"/></g></svg>
  <svg x='446' y='488'><g transform="translate(0.198694149149,11.7516936221) scale(0.00983400277537,-0.00966938010173)"><path class="sym-fill" fill="white" d="M1000 1100 l0 -100 -158 0 -157 0 -200 -200 -200 -200 200 -200 200 -200 157 0 158 0 0 -100 0 -100 150 0 150 0 0 100 0 100 600 0 600 0 0 400 0 400 -600 0 -600 0 0 100 0 100 -150 0 -150 0 0 -100z"/><path class="sym-line" fill="black" d="M295 900 l-300 -300 300 -300 300 -300 202 0 203 0 0 100 0 100 -163 0 -162 0 -200 200 -200 200 200 200 200 200 162 0 163 0 0 100 0 100 -203 0 -202 0 -300 -300z M1300 1100 l0 -100 600 0 600 0 0 -400 0 -400 -600 0 -600 0 0 -100 0 -100 700 0 700 0 0 600 0 600 -700 0 -700 0 0 -100z"/></g></svg>
  <svg x='425' y='495'><g transform="translate(0.150976194493,11.7516936221) scale(0.00983400277537,-0.00966938010173)"><path class="sym-fill" fill="white" d="M1400 1100 l0 -100 -600 0 -600 0 0 -400 0 -400 600 0 600 0 0 -100 0 -100 150 0 150 0 0 100 0 100 158 0 157 0 200 200 200 200 -200 200 -200 200 -157 0 -158 0 0 100 0 100 -150 0 -150 0 0 -100z"/><path class="sym-line" fill="black" d="M0 600 l0 -600 700 0 700 0 0 100 0 100 -600 0 -600 0 0 400 0 400 600 0 600 0 0 100 0 100 -700 0 -700 0 0 -600z M1700 1100 l0 -100 163 0 162 0 200 -200 200 -200 -200 -200 -200 -200 -162 0 -163 0 0 -100 0 -100 203 0 202 0 300 300 300 300 -300 300 -300 300 -202 0 -203 0 0 -100z"/></g></svg>
  <svg x='446' y='473'><g transform="translate(-0.221878406359,10.7500002304) scale(0.0103429235226,-0.00963778430032)"><path class="sym-line" fill="black" d="M430 895 l0 -205 -37 23 c-21 13 -95 61 -165 105 l-128 82 -36 -71 c-19 -40 -32 -75 -27 -79 4 -3 74 -48 156 -99 81 -51 147 -97 147 -101 0 -4 -66 -50 -147 -101 -82 -51 -152 -96 -156 -99 -5 -4 8 -39 27 -79 l36 -71 128 82 c70 44 144 92 165 105 l37 23 0 -205 0 -205 70 0 70 0 0 205 0 205 38 -23 c20 -13 94 -61 164 -105 l128 -82 36 71 c19 40 32 75 27 79 -4 3 -74 48 -155 99 -82 51 -148 97 -148 101 0 4 66 50 148 101 81 51 151 96 155 99 5 4 -8 39 -27 79 l-36 71 -128 -82 c-70 -44 -144 -92 -164 -105 l-38 -23 0 205 0 205 -70 0 -70 0 0 -205z"/></g></svg>
  <svg x='426' y='510'><g transform="translate(0.198281300516,15.7010613696) scale(0.00985046527537,-0.00972038991848)"><path class="sym-line" fill="black" d="M395 1200 l-400 -400 403 -403 402 -402 0 145 0 144 -258 252 -257 252 258 259 258 259 -3 147 -3 147 -400 -400z M800 800 l0 -100 1100 0 1100 0 0 100 0 100 -1100 0 -1100 0 0 -100z"/></g></svg>
  <svg x='437' y='521'><g transform="translate(0.150646944493,15.6976811299) scale(0.00985046527537,-0.00968799012796)"><path class="sym-line" fill="black" d="M2200 1460 l0 -144 258 -252 257 -252 -257 -259 -258 -258 0 -150 0 -150 402 403 403 402 -403 402 -402 403 0 -145z M0 800 l0 -100 1100 0 1100 0 0 100 0 100 -1100 0 -1100 0 0 -100z"/></g></svg>
</svg>