<svg version='1.1' xmlns='http://www.w3.org/2000/svg' width='86' height='69' viewBox='458 449 86 69'>
  <text font-size='0'>AS15a18S15a10S23108S23118S2fb00S2f900S2f900S2ff00M544x518S2ff00482x483S15a18465x484S15a10523x485S23108518x463S23118458x462S2fb00496x449S2f900527x451S2f900469x450</text>
  <svg x='482' y='483'><g transform="translate(0.149874875465,34.7500790925) scale(0.00988906872676,-0.00988956850125)"><path class="sym-line" fill="black" d="M1528 3484 c-592 -92 -1088 -447 -1348 -963 -125 -249 -180 -485 -180 -771 0 -480 183 -911 529 -1242 350 -336 780 -508 1271 -508 451 0 864 150 1193 434 326 281 517 620 591 1051 21 121 21 409 0 530 -43 252 -114 444 -237 639 -282 453 -741 750 -1284 831 -127 19 -413 18 -535 -1z m607 -173 c583 -126 1038 -523 1224 -1069 59 -173 75 -277 75 -492 0 -165 -3 -211 -22 -300 -71 -327 -228 -611 -458 -829 -186 -177 -381 -295 -614 -374 -176 -60 -282 -78 -490 -84 -247 -7 -416 19 -628 97 -549 201 -944 674 -1043 1250 -17 97 -17 383 0 480 99 576 495 1050 1043 1250 105 38 177 58 303 81 143 26 467 21 610 -10z"/></g></svg>
  <svg x='465' y='484'><g transform="translate(0.0,27.0) scale(0.01,-0.01)"><path class="sym-fill" fill="white" d="M600 1307 l0 -1107 200 0 200 0 0 908 0 907 -200 200 -200 200 0 -1108z"/><path class="sym-line" fill="black" d="M297 2402 l-297 -297 0 -1053 0 -1052 600 0 600 0 0 1053 0 1052 -298 298 c-163 163 -299 297 -302 297 -3 0 -139 -134 -303 -298z m703 -1289 l0 -913 -200 0 -200 0 0 1112 0 1113 200 -200 200 -200 0 -912z"/></g></svg>
  <svg x='523' y='485'><g transform="translate(0.0,27.0) scale(0.01,-0.01)"><path class="sym-fill" fill="white" d="M397 2212 l-197 -197 0 -908 0 -907 200 0 200 0 0 1105 c0 608 -1 1105 -3 1105 -1 0 -91 -89 -200 -198z"/><path class="sym-line" fill="black" d="M297 2402 l-297 -297 0 -1053 0 -1052 600 0 600 0 0 1053 0 1052 -298 298 c-163 163 -299 297 -302 297 -3 0 -139 -134 -303 -298z m303 -1092 l0 -1110 -200 0 -200 0 0 912 0 913 197 197 c109 109 199 198 200 198 2 0 3 -499 3 -1110z"/></g></svg>
  <svg x='518' y='463'><g transform="translate(0.0309296434159,16.7998626814) scale(0.00994158974531,-0.00979968965886)"><path class="sym-fill" fill="white" d="M1780 1050 l0 -350 140 0 140 0 0 350 0 350 -140 0 -140 0 0 -350z M540 650 l0 -350 140 0 140 0 0 350 0 350 -140 0 -140 0 0 -350z"/><path class="sym-line" fill="black" d="M342 1353 l-330 -348 164 -3 164 -2 0 -350 0 -350 100 0 100 0 0 350 0 350 145 0 145 0 0 -350 0 -350 95 0 95 0 0 350 0 350 166 2 165 3 -328 347 c-180 190 -333 347 -339 347 -6 1 -160 -155 -342 -346z M1580 1050 l0 -350 -166 -2 -166 -3 328 -345 c181 -190 335 -345 342 -345 8 0 161 155 342 345 l327 345 -163 3 -164 2 0 350 0 350 -100 0 -100 0 0 -350 0 -350 -145 0 -145 0 0 350 0 350 -95 0 -95 0 0 -350z"/></g></svg>
  <svg x='458' y='462'><g transform="translate(0.0309296434159,16.7998626814) scale(0.00994158974531,-0.00979968965886)"><path class="sym-fill" fill="white" d="M464 1327 l-211 -222 213 -3 c118 -1 311 -1 429 0 l215 3 -211 223 c-116 122 -214 222 -218 222 -3 0 -101 -100 -217 -223z M1780 1050 l0 -350 140 0 140 0 0 350 0 350 -140 0 -140 0 0 -350z M540 650 l0 -350 140 0 140 0 0 350 0 350 -140 0 -140 0 0 -350z M1569 513 c44 -49 141 -151 216 -228 l135 -140 52 57 c29 31 127 133 217 227 l163 171 -432 0 -432 0 81 -87z"/><path class="sym-line" fill="black" d="M342 1353 l-330 -348 164 -3 164 -2 0 -350 0 -350 100 0 100 0 0 350 0 350 145 0 145 0 0 -350 0 -350 95 0 95 0 0 350 0 350 166 2 165 3 -328 347 c-180 190 -333 347 -339 347 -6 1 -160 -155 -342 -346z m653 -123 l120 -125 -217 -3 c-120 -1 -315 -1 -433 0 l-215 3 215 227 215 226 98 -101 c54 -56 152 -158 217 -227z M1580 1050 l0 -350 -166 -2 -166 -3 328 -345 c181 -190 335 -345 342 -345 8 0 161 155 342 345 l327 345 -163 3 -164 2 0 350 0 350 -100 0 -100 0 0 -350 0 -350 -145 0 -145 0 0 350 0 350 -95 0 -95 0 0 -350z m672 -557 c-56 -60 -154 -163 -219 -230 l-118 -122 -200 210 c-110 116 -206 219 -214 230 -13 19 -5 19 419 19 l432 0 -100 -107z"/></g></svg>
  <svg x='496' y='449'><g transform="translate(0.169849905175,5.76208528494) scale(0.0097007872376,-0.00950858679199)"><path class="sym-line" fill="black" d="M552 580 c-226 -60 -429 -239 -518 -459 -13 -33 -27 -73 -30 -90 l-6 -31 60 0 61 0 42 83 c54 103 163 217 264 273 205 113 445 113 650 0 101 -56 210 -170 264 -273 l42 -83 61 0 61 0 -7 31 c-22 111 -99 242 -206 349 -99 99 -217 167 -346 200 -105 27 -289 27 -392 0z"/></g></svg>
  <svg x='527' y='451'><g transform="translate(0.180786096011,4.75000053092) scale(0.00958087152387,-0.00920312606184)"><path class="sym-line" fill="black" d="M245 488 c-55 -20 -116 -69 -150 -121 -45 -68 -84 -193 -92 -289 l-6 -78 107 0 106 0 0 40 c0 57 36 145 71 175 37 30 91 33 131 7 15 -10 53 -49 85 -87 82 -98 136 -129 231 -134 87 -4 139 9 200 51 86 59 157 215 169 371 l6 77 -107 0 -106 0 0 -40 c0 -57 -36 -145 -71 -175 -37 -30 -91 -33 -131 -7 -15 10 -53 49 -85 87 -32 38 -81 83 -107 100 -44 27 -59 30 -135 32 -47 1 -99 -3 -116 -9z"/></g></svg>
  <svg x='469' y='450'><g transform="translate(0.180786096011,4.75000053092) scale(0.00958087152387,-0.00920312606184)"><path class="sym-line" fill="black" d="M245 488 c-55 -20 -116 -69 -150 -121 -45 -68 -84 -193 -92 -289 l-6 -78 107 0 106 0 0 40 c0 57 36 145 71 175 37 30 91 33 131 7 15 -10 53 -49 85 -87 82 -98 136 -129 231 -134 87 -4 139 9 200 51 86 59 157 215 169 371 l6 77 -107 0 -106 0 0 -40 c0 -57 -36 -145 -71 -175 -37 -30 -91 -33 -131 -7 -15 10 -53 49 -85 87 -32 38 -81 83 -107 100 -44 27 -59 30 -135 32 -47 1 -99 -3 -116 -9z"/></g></svg>
</svg>