<svg version='1.1' xmlns='http://www.w3.org/2000/svg' width='114' height='70' viewBox='443 465 114 70'>
  <text font-size='0'>AS15a40S15a48S26500S26510S26526S15a40S15a48S26500S26510M557x535S15a48444x486S15a40471x486S15a40544x486S15a48518x486S26510516x465S26510443x465S26526495x521S26500469x465S26500543x465</text>
  <svg x='444' y='486'><g transform="translate(0.0,27.0) scale(0.01,-0.01)"><path class="sym-fill" fill="white" d="M600 2057 l0 -357 -300 0 -300 0 0 -150 0 -150 300 0 300 0 0 -600 0 -600 200 0 200 0 0 600 0 600 100 0 100 0 0 150 0 150 -100 0 -100 0 0 158 0 157 -200 200 -200 200 0 -358z"/><path class="sym-line" fill="black" d="M297 2402 l-297 -297 0 -203 0 -202 300 0 300 0 0 362 0 363 200 -200 200 -200 0 -162 0 -163 100 0 100 0 0 203 0 202 -298 298 c-163 163 -299 297 -302 297 -3 0 -139 -134 -303 -298z M0 700 l0 -700 600 0 600 0 0 700 0 700 -100 0 -100 0 0 -600 0 -600 -200 0 -200 0 0 600 0 600 -300 0 -300 0 0 -700z"/></g></svg>
  <svg x='471' y='486'><g transform="translate(0.0,27.0) scale(0.01,-0.01)"><path class="sym-fill" fill="white" d="M398 2213 l-198 -198 0 -158 0 -157 -100 0 -100 0 0 -150 0 -150 100 0 100 0 0 -600 0 -600 200 0 200 0 0 600 0 600 300 0 300 0 0 150 0 150 -300 0 -300 0 -2 355 -3 355 -197 -197z"/><path class="sym-line" fill="black" d="M297 2402 l-297 -297 0 -203 0 -202 100 0 100 0 0 163 0 162 200 200 200 200 0 -363 0 -362 300 0 300 0 0 203 0 202 -298 298 c-163 163 -299 297 -302 297 -3 0 -139 -134 -303 -298z M0 700 l0 -700 600 0 600 0 0 700 0 700 -300 0 -300 0 0 -600 0 -600 -200 0 -200 0 0 600 0 600 -100 0 -100 0 0 -700z"/></g></svg>
  <svg x='544' y='486'><g transform="translate(0.0,27.0) scale(0.01,-0.01)"><path class="sym-fill" fill="white" d="M398 2213 l-198 -198 0 -158 0 -157 -100 0 -100 0 0 -150 0 -150 100 0 100 0 0 -600 0 -600 200 0 200 0 0 600 0 600 300 0 300 0 0 150 0 150 -300 0 -300 0 -2 355 -3 355 -197 -197z"/><path class="sym-line" fill="black" d="M297 2402 l-297 -297 0 -203 0 -202 100 0 100 0 0 163 0 162 200 200 200 200 0 -363 0 -362 300 0 300 0 0 203 0 202 -298 298 c-163 163 -299 297 -302 297 -3 0 -139 -134 -303 -298z M0 700 l0 -700 600 0 600 0 0 700 0 700 -300 0 -300 0 0 -600 0 -600 -200 0 -200 0 0 600 0 600 -100 0 -100 0 0 -700z"/></g></svg>
  <svg x='518' y='486'><g transform="translate(0.0,27.0) scale(0.01,-0.01)"><path class="sym-fill" fill="white" d="M600 2057 l0 -357 -300 0 -300 0 0 -150 0 -150 300 0 300 0 0 -600 0 -600 200 0 200 0 0 600 0 600 100 0 100 0 0 150 0 150 -100 0 -100 0 0 158 0 157 -200 200 -200 200 0 -358z"/><path class="sym-line" fill="black" d="M297 2402 l-297 -297 0 -203 0 -202 300 0 300 0 0 362 0 363 200 -200 200 -200 0 -162 0 -163 100 0 100 0 0 203 0 202 -298 298 c-163 163 -299 297 -302 297 -3 0 -139 -134 -303 -298z M0 700 l0 -700 600 0 600 0 0 700 0 700 -100 0 -100 0 0 -600 0 -600 -200 0 -200 0 0 600 0 600 -300 0 -300 0 0 -700z"/></g></svg>
  <svg x='516' y='465'><g transform="translate(0.199517282911,14.7505211307) scale(0.00964541675618,-0.00973472242044)"><path class="sym-fill" fill="white" d="M470 1125 l-225 -225 455 0 455 0 -225 225 c-124 124 -227 225 -230 225 -3 0 -106 -101 -230 -225z"/><path class="sym-line" fill="black" d="M345 1150 l-350 -350 303 0 302 0 0 -400 0 -400 100 0 100 0 0 400 0 400 302 0 303 0 -350 350 c-192 193 -352 350 -355 350 -3 0 -163 -157 -355 -350z m585 -25 l225 -225 -455 0 -455 0 225 225 c124 124 227 225 230 225 3 0 106 -101 230 -225z"/></g></svg>
  <svg x='443' y='465'><g transform="translate(0.199517282911,14.7505211307) scale(0.00964541675618,-0.00973472242044)"><path class="sym-fill" fill="white" d="M470 1125 l-225 -225 455 0 455 0 -225 225 c-124 124 -227 225 -230 225 -3 0 -106 -101 -230 -225z"/><path class="sym-line" fill="black" d="M345 1150 l-350 -350 303 0 302 0 0 -400 0 -400 100 0 100 0 0 400 0 400 302 0 303 0 -350 350 c-192 193 -352 350 -355 350 -3 0 -163 -157 -355 -350z m585 -25 l225 -225 -455 0 -455 0 225 225 c124 124 227 225 230 225 3 0 106 -101 230 -225z"/></g></svg>
  <svg x='495' y='521'><g transform="translate(0.149734255248,13.6974450331) scale(0.0097007872376,-0.00964308576999)"><path class="sym-line" fill="black" d="M800 1260 l0 -144 208 -202 207 -202 -207 -209 -208 -208 0 -150 0 -150 352 353 353 352 -353 352 -352 353 0 -145z M0 700 l0 -100 400 0 400 0 0 100 0 100 -400 0 -400 0 0 -100z"/></g></svg>
  <svg x='469' y='465'><g transform="translate(0.199517282911,14.7505211307) scale(0.00964541675618,-0.00973472242044)"><path class="sym-line" fill="black" d="M345 1150 l-350 -350 303 0 302 0 0 -400 0 -400 100 0 100 0 0 400 0 400 302 0 303 0 -350 350 c-192 193 -352 350 -355 350 -3 0 -163 -157 -355 -350z"/></g></svg>
  <svg x='543' y='465'><g transform="translate(0.199517282911,14.7505211307) scale(0.00964541675618,-0.00973472242044)"><path class="sym-line" fill="black" d="M345 1150 l-350 -350 303 0 302 0 0 -400 0 -400 100 0 100 0 0 400 0 400 302 0 303 0 -350 350 c-192 193 -352 350 -355 350 -3 0 -163 -157 -355 -350z"/></g></svg>
</svg>