<svg version='1.1' xmlns='http://www.w3.org/2000/svg' width='64' height='112' viewBox='468 405 64 112'>
  <text font-size='0'>AS15a10S15a18S2730fS27317S2f900S20500S15a41S15a49S30006S30002M532x517S15a41500x420S15a10520x482S15a18468x482S27317479x452S2730f503x452S30006482x482S2f900493x443S15a49475x420S20500494x405S30002482x482</text>
  <svg x='500' y='420'><g transform="translate(-0.0476493766782,22.899520137) scale(0.00991202148038,-0.00989177505957)"><path class="sym-fill" fill="white" d="M220 1820 l0 -275 107 -107 108 -108 -68 -68 -67 -67 103 -103 102 -102 68 67 67 68 413 -413 412 -412 138 137 137 138 -412 412 -413 413 205 205 205 205 -103 102 -102 103 -205 -205 -205 -205 -245 245 -245 245 0 -275z"/><path class="sym-line" fill="black" d="M20 1882 l0 -417 138 -138 137 -137 70 70 70 70 -113 113 -112 112 0 268 c0 147 3 267 7 267 5 0 117 -109 250 -242 l243 -243 207 208 208 207 -140 140 -140 140 -412 0 -413 0 0 -418z M1127 1603 l-207 -208 412 -412 413 -413 -138 -137 -137 -138 -413 413 -412 412 -70 -70 -70 -70 483 -483 482 -482 415 415 415 415 -483 483 -482 482 -208 -207z"/></g></svg>
  <svg x='520' y='482'><g transform="translate(0.0,27.0) scale(0.01,-0.01)"><path class="sym-fill" fill="white" d="M397 2212 l-197 -197 0 -908 0 -907 200 0 200 0 0 1105 c0 608 -1 1105 -3 1105 -1 0 -91 -89 -200 -198z"/><path class="sym-line" fill="black" d="M297 2402 l-297 -297 0 -1053 0 -1052 600 0 600 0 0 1053 0 1052 -298 298 c-163 163 -299 297 -302 297 -3 0 -139 -134 -303 -298z m303 -1092 l0 -1110 -200 0 -200 0 0 912 0 913 197 197 c109 109 199 198 200 198 2 0 3 -499 3 -1110z"/></g></svg>
  <svg x='468' y='482'><g transform="translate(0.0,27.0) scale(0.01,-0.01)"><path class="sym-fill" fill="white" d="M600 1307 l0 -1107 200 0 200 0 0 908 0 907 -200 200 -200 200 0 -1108z"/><path class="sym-line" fill="black" d="M297 2402 l-297 -297 0 -1053 0 -1052 600 0 600 0 0 1053 0 1052 -298 298 c-163 163 -299 297 -302 297 -3 0 -139 -134 -303 -298z m703 -1289 l0 -913 -200 0 -200 0 0 1112 0 1113 200 -200 200 -200 0 -912z"/></g></svg>
  <svg x='479' y='452'><g transform="translate(-0.0476449578541,24.9547993149) scale(0.0098554605331,-0.00999911428402)"><path class="sym-fill" fill="white" d="M965 2050 c176 -176 321 -320 322 -320 2 0 3 144 3 320 l0 320 -322 0 -323 0 320 -320z"/><path class="sym-line" fill="black" d="M400 2472 c0 -4 95 -102 210 -217 l210 -210 -400 -400 -400 -400 0 -613 0 -612 105 0 105 0 0 568 0 567 370 370 370 370 208 -208 c114 -114 211 -207 215 -207 4 0 7 225 7 500 l0 500 -500 0 c-275 0 -500 -3 -500 -8z m900 -422 c0 -176 -3 -320 -8 -320 -4 0 -151 144 -327 320 l-320 320 328 0 327 0 0 -320z"/></g></svg>
  <svg x='503' y='452'><g transform="translate(0.150547039338,24.9547993149) scale(0.0098554605331,-0.00999911428402)"><path class="sym-line" fill="black" d="M0 1980 c0 -275 3 -500 7 -500 4 0 101 93 215 207 l208 208 370 -370 370 -370 0 -567 0 -568 105 0 105 0 0 612 0 613 -400 400 -400 400 210 210 c115 115 210 213 210 217 0 5 -225 8 -500 8 l-500 0 0 -500z"/></g></svg>
  <svg x='482' y='482'><g transform="translate(0.149874875465,34.7500790925) scale(0.00988906872676,-0.00988956850125)"><path class="sym-line" fill="black" d="M1528 3484 c-592 -92 -1088 -447 -1348 -963 -125 -249 -180 -485 -180 -771 0 -480 183 -911 529 -1242 350 -336 780 -508 1271 -508 451 0 864 150 1193 434 326 281 517 620 591 1051 21 121 21 409 0 530 -43 252 -114 444 -237 639 -282 453 -741 750 -1284 831 -127 19 -413 18 -535 -1z m607 -173 c453 -98 821 -352 1068 -737 48 -76 87 -148 87 -161 0 -5 -25 -23 -56 -42 -139 -83 -271 -246 -321 -395 -25 -73 -27 -95 -27 -226 0 -131 2 -153 27 -226 50 -149 182 -312 321 -395 31 -19 56 -37 56 -42 0 -26 -102 -192 -190 -307 -98 -129 -285 -294 -432 -381 -160 -96 -350 -170 -533 -209 -142 -31 -430 -39 -575 -16 -130 21 -230 46 -338 86 -549 201 -944 674 -1043 1250 -17 97 -17 383 0 480 99 576 495 1050 1043 1250 105 38 177 58 303 81 143 26 467 21 610 -10z m1277 -1266 c19 -84 22 -131 22 -295 0 -202 -7 -253 -54 -429 l-22 -79 -36 21 c-21 11 -71 55 -113 97 -116 117 -162 227 -162 390 0 52 5 115 12 139 36 128 132 260 243 334 l53 35 18 -56 c10 -31 27 -101 39 -157z"/></g></svg>
  <svg x='493' y='443'><g transform="translate(0.180786096011,4.75000053092) scale(0.00958087152387,-0.00920312606184)"><path class="sym-line" fill="black" d="M245 488 c-55 -20 -116 -69 -150 -121 -45 -68 -84 -193 -92 -289 l-6 -78 107 0 106 0 0 40 c0 57 36 145 71 175 37 30 91 33 131 7 15 -10 53 -49 85 -87 82 -98 136 -129 231 -134 87 -4 139 9 200 51 86 59 157 215 169 371 l6 77 -107 0 -106 0 0 -40 c0 -57 -36 -145 -71 -175 -37 -30 -91 -33 -131 -7 -15 10 -53 49 -85 87 -32 38 -81 83 -107 100 -44 27 -59 30 -135 32 -47 1 -99 -3 -116 -9z"/></g></svg>
  <svg x='475' y='420'><g transform="translate(0.149415820392,22.899520137) scale(0.00991202148038,-0.00989177505957)"><path class="sym-fill" fill="white" d="M1833 1848 l-243 -243 -205 205 -205 205 -102 -103 -103 -102 205 -205 205 -205 -413 -413 -412 -412 137 -138 138 -137 412 412 413 413 67 -68 68 -67 102 102 103 103 -67 67 -68 68 108 108 107 108 -2 272 -3 272 -242 -242z"/><path class="sym-line" fill="black" d="M1315 2160 l-140 -140 208 -207 207 -208 243 243 c133 133 245 242 250 242 4 0 7 -120 7 -267 l0 -268 -112 -112 -113 -113 70 -70 70 -70 137 137 138 138 0 417 0 418 -413 0 -412 0 -140 -140z M482 1327 l-482 -482 415 -415 415 -415 482 482 483 483 -70 70 -70 70 -412 -412 -413 -413 -137 138 -138 137 413 413 412 412 -208 208 -207 207 -483 -483z"/></g></svg>
  <svg x='494' y='405'><g transform="translate(-0.221878406359,10.7500002304) scale(0.0103429235226,-0.00963778430032)"><path class="sym-line" fill="black" d="M430 895 l0 -205 -37 23 c-21 13 -95 61 -165 105 l-128 82 -36 -71 c-19 -40 -32 -75 -27 -79 4 -3 74 -48 156 -99 81 -51 147 -97 147 -101 0 -4 -66 -50 -147 -101 -82 -51 -152 -96 -156 -99 -5 -4 8 -39 27 -79 l36 -71 128 82 c70 44 144 92 165 105 l37 23 0 -205 0 -205 70 0 70 0 0 205 0 205 38 -23 c20 -13 94 -61 164 -105 l128 -82 36 71 c19 40 32 75 27 79 -4 3 -74 48 -155 99 -82 51 -148 97 -148 101 0 4 66 50 148 101 81 51 151 96 155 99 5 4 -8 39 -27 79 l-36 71 -128 -82 c-70 -44 -144 -92 -164 -105 l-38 -23 0 205 0 205 -70 0 -70 0 0 -205z"/></g></svg>
  <svg x='482' y='482'><g transform="translate(0.149874875465,34.7500790925) scale(0.00988906872676,-0.00988956850125)"><path class="sym-line" fill="black" d="M1528 3484 c-592 -92 -1088 -447 -1348 -963 -125 -249 -180 -485 -180 -771 0 -480 183 -911 529 -1242 350 -336 780 -508 1271 -508 451 0 864 150 1193 434 326 281 517 620 591 1051 21 121 21 409 0 530 -43 252 -114 444 -237 639 -282 453 -741 750 -1284 831 -127 19 -413 18 -535 -1z m607 -173 c583 -126 1038 -523 1224 -1069 59 -173 75 -277 75 -492 0 -165 -3 -211 -22 -300 -71 -327 -228 -611 -458 -829 -235 -223 -502 -363 -819 -431 -142 -31 -430 -39 -575 -16 -419 67 -771 262 -1028 570 -108 131 -240 345 -216 353 30 10 146 95 187 137 151 153 218 313 218 516 0 203 -67 363 -218 516 -41 42 -157 127 -187 137 -24 8 108 222 216 353 249 299 586 490 993 565 143 26 467 21 610 -10z m-1825 -1096 c74 -54 155 -148 189 -217 34 -69 61 -178 61 -248 0 -70 -27 -179 -61 -250 -45 -92 -230 -272 -254 -248 -9 9 -52 178 -66 258 -28 157 -15 455 26 605 7 28 19 69 25 93 6 23 16 42 22 42 5 0 32 -16 58 -35z"/></g></svg>
</svg>