<svg version='1.1' xmlns='http://www.w3.org/2000/svg' width='72' height='129' viewBox='479 436 72 129'>
  <text font-size='0'>AS15a1eS20500S2a602S15a12S20500S1ed26S22a04S36d00M551x565S2a602534x451S20500507x487S36d00479x436S15a12498x443S15a1e497x472S20500507x456S1ed26511x516S22a04512x550</text>
  <svg x='534' y='451'><g transform="translate(0.0,23.0) scale(0.01,-0.01)"><path class="sym-fill" fill="white" d="M343 2058 l-143 -143 240 -240 c132 -132 243 -248 246 -257 5 -16 24 -18 221 -18 l215 0 -7 28 c-14 59 -54 142 -100 213 -32 48 -132 158 -290 317 l-240 243 -142 -143z M730 1073 c-26 -71 -64 -119 -211 -268 l-159 -160 143 -143 142 -142 141 142 c222 225 282 310 328 472 41 139 58 126 -174 126 l-200 0 -10 -27z"/><path class="sym-line" fill="black" d="M535 2250 l-49 -50 245 -247 c284 -287 325 -340 380 -500 l18 -53 -217 0 -217 0 -22 33 c-12 17 -124 133 -248 257 l-225 225 -50 -50 c-27 -27 -50 -54 -50 -60 0 -5 89 -99 197 -207 l198 -198 -198 0 -197 0 0 -150 0 -150 235 0 c168 0 235 -3 235 -11 0 -7 -72 -84 -160 -173 l-159 -161 -126 125 -125 125 0 -503 0 -502 502 0 503 0 -124 124 -125 125 170 173 c98 101 190 205 218 248 75 113 130 256 151 393 l6 37 199 0 200 0 0 150 0 150 -208 0 -208 0 -14 53 c-21 83 -72 196 -125 277 -33 50 -131 158 -294 323 -134 136 -249 247 -255 247 -7 0 -34 -22 -61 -50z m605 -1179 c0 -42 -37 -155 -75 -231 -49 -97 -108 -169 -274 -335 l-151 -150 -142 142 -142 142 162 164 c121 123 168 177 187 218 13 30 25 60 25 67 0 9 48 12 205 12 l205 0 0 -29z"/></g></svg>
  <svg x='507' y='487'><g transform="translate(-0.221878406359,10.7500002304) scale(0.0103429235226,-0.00963778430032)"><path class="sym-line" fill="black" d="M430 895 l0 -205 -37 23 c-21 13 -95 61 -165 105 l-128 82 -36 -71 c-19 -40 -32 -75 -27 -79 4 -3 74 -48 156 -99 81 -51 147 -97 147 -101 0 -4 -66 -50 -147 -101 -82 -51 -152 -96 -156 -99 -5 -4 8 -39 27 -79 l36 -71 128 82 c70 44 144 92 165 105 l37 23 0 -205 0 -205 70 0 70 0 0 205 0 205 38 -23 c20 -13 94 -61 164 -105 l128 -82 36 71 c19 40 32 75 27 79 -4 3 -74 48 -155 99 -82 51 -148 97 -148 101 0 4 66 50 148 101 81 51 151 96 155 99 5 4 -8 39 -27 79 l-36 71 -128 -82 c-70 -44 -144 -92 -164 -105 l-38 -23 0 205 0 205 -70 0 -70 0 0 -205z"/></g></svg>
  <svg x='479' y='436'><g transform="translate(0.0,4.0) scale(0.01,-0.01)"><path class="sym-line" fill="black" d="M0 200 l0 -200 2100 0 2100 0 0 200 0 200 -2100 0 -2100 0 0 -200z"/></g></svg>
  <svg x='498' y='443'><g transform="translate(0.198694149149,11.7516936221) scale(0.00983400277537,-0.00966938010173)"><path class="sym-fill" fill="white" d="M485 400 l200 -200 907 0 908 0 0 200 0 200 -1107 0 -1108 0 200 -200z"/><path class="sym-line" fill="black" d="M295 900 l-300 -300 300 -300 300 -300 1052 0 1053 0 0 600 0 600 -1053 0 -1052 0 -300 -300z m2205 -500 l0 -200 -913 0 -912 0 -200 200 -200 200 1113 0 1112 0 0 -200z"/></g></svg>
  <svg x='497' y='472'><g transform="translate(0.198694149149,11.7516936221) scale(0.00983400277537,-0.00966938010173)"><path class="sym-fill" fill="white" d="M485 800 l-200 -200 1108 0 1107 0 0 200 0 200 -908 0 -907 0 -200 -200z"/><path class="sym-line" fill="black" d="M295 900 l-300 -300 300 -300 300 -300 1052 0 1053 0 0 600 0 600 -1053 0 -1052 0 -300 -300z m2205 -100 l0 -200 -1112 0 -1113 0 200 200 200 200 912 0 913 0 0 -200z"/></g></svg>
  <svg x='507' y='456'><g transform="translate(-0.221878406359,10.7500002304) scale(0.0103429235226,-0.00963778430032)"><path class="sym-line" fill="black" d="M430 895 l0 -205 -37 23 c-21 13 -95 61 -165 105 l-128 82 -36 -71 c-19 -40 -32 -75 -27 -79 4 -3 74 -48 156 -99 81 -51 147 -97 147 -101 0 -4 -66 -50 -147 -101 -82 -51 -152 -96 -156 -99 -5 -4 8 -39 27 -79 l36 -71 128 82 c70 44 144 92 165 105 l37 23 0 -205 0 -205 70 0 70 0 0 205 0 205 38 -23 c20 -13 94 -61 164 -105 l128 -82 36 71 c19 40 32 75 27 79 -4 3 -74 48 -155 99 -82 51 -148 97 -148 101 0 4 66 50 148 101 81 51 151 96 155 99 5 4 -8 39 -27 79 l-36 71 -128 -82 c-70 -44 -144 -92 -164 -105 l-38 -23 0 205 0 205 -70 0 -70 0 0 -205z"/></g></svg>
  <svg x='511' y='516'><g transform="translate(0.151880478427,25.74905192) scale(0.00978878857863,-0.00984946281951)"><path class="sym-line" fill="black" d="M343 2585 c-162 -44 -281 -171 -328 -350 -13 -52 -15 -199 -15 -1147 l0 -1088 750 0 750 0 2 652 3 652 48 12 c164 42 285 170 332 350 11 44 15 117 15 300 0 264 -7 312 -64 408 -57 97 -188 186 -316 215 -45 10 -36 25 -74 -125 -20 -76 -20 -74 2 -74 81 0 195 -95 229 -192 27 -79 27 -428 -1 -507 -24 -71 -85 -131 -162 -162 l-59 -24 -628 -3 -629 -3 4 333 c5 366 8 387 69 461 34 42 104 81 162 91 20 4 37 10 37 13 0 28 -55 203 -64 202 -6 0 -35 -7 -63 -14z"/></g></svg>
  <svg x='512' y='550'><g transform="translate(0.043463926586,14.7505211307) scale(0.00985915292844,-0.00973472242044)"><path class="sym-fill" fill="white" d="M510 1100 l0 -400 140 0 140 0 0 400 0 400 -140 0 -140 0 0 -400z"/><path class="sym-line" fill="black" d="M330 1100 l0 -400 -159 -2 -160 -3 315 -347 c174 -192 319 -348 324 -348 5 0 150 156 324 348 l315 347 -160 3 -159 2 0 400 0 400 -90 0 -90 0 0 -400 0 -400 -140 0 -140 0 0 400 0 400 -90 0 -90 0 0 -400z"/></g></svg>
</svg>