<svg version='1.1' xmlns='http://www.w3.org/2000/svg' width='104' height='99' viewBox='451 482 104 99'>
  <text font-size='0'>AS15a21S15a27S2d608S2d610S2d608S2d610S30e00S33b00S2fb00M555x581S15a27477x552S15a21505x553S2fb00496x575S2d610451x535S2d610455x513S2d608517x516S2d608526x537S30e00482x482S33b00482x482</text>
  <svg x='477' y='552'><g transform="translate(-0.000223836172357,22.7560476437) scale(0.00989189550009,-0.00991168243272)"><path class="sym-line" fill="black" d="M740 1555 l-725 -725 415 -415 415 -415 727 727 728 728 0 412 0 413 -418 0 -417 0 -725 -725z"/></g></svg>
  <svg x='505' y='553'><g transform="translate(-0.0476493766782,22.899520137) scale(0.00991202148038,-0.00989177505957)"><path class="sym-line" fill="black" d="M20 1882 l0 -417 725 -725 725 -725 415 415 415 415 -727 727 -728 728 -412 0 -413 0 0 -418z"/></g></svg>
  <svg x='496' y='575'><g transform="translate(0.169849905175,5.76208528494) scale(0.0097007872376,-0.00950858679199)"><path class="sym-line" fill="black" d="M552 580 c-226 -60 -429 -239 -518 -459 -13 -33 -27 -73 -30 -90 l-6 -31 60 0 61 0 42 83 c54 103 163 217 264 273 205 113 445 113 650 0 101 -56 210 -170 264 -273 l42 -83 61 0 61 0 -7 31 c-22 111 -99 242 -206 349 -99 99 -217 167 -346 200 -105 27 -289 27 -392 0z"/></g></svg>
  <svg x='451' y='535'><g transform="translate(0.150749190231,11.7548701066) scale(0.00984535298844,-0.00975232896833)"><path class="sym-fill" fill="white" d="M100 475 l0 -375 377 0 378 0 -375 375 c-206 206 -376 375 -377 375 -2 0 -3 -169 -3 -375z"/><path class="sym-line" fill="black" d="M1370 1184 c-148 -27 -311 -87 -434 -161 -104 -63 -176 -122 -319 -262 l-137 -135 -240 239 -240 240 0 -553 0 -552 552 0 553 0 -240 240 -240 241 130 124 c195 186 326 273 500 333 204 69 486 69 690 0 88 -31 209 -92 284 -145 36 -26 168 -147 292 -270 125 -123 231 -223 236 -223 5 0 40 32 78 70 l70 70 -210 211 c-211 212 -319 305 -431 372 -128 77 -285 134 -440 161 -109 19 -348 19 -454 0z m-698 -896 l180 -188 -376 0 -376 0 0 382 0 383 196 -195 c107 -107 277 -279 376 -382z"/></g></svg>
  <svg x='455' y='513'><g transform="translate(0.150749190231,11.7548701066) scale(0.00984535298844,-0.00975232896833)"><path class="sym-fill" fill="white" d="M100 475 l0 -375 377 0 378 0 -375 375 c-206 206 -376 375 -377 375 -2 0 -3 -169 -3 -375z"/><path class="sym-line" fill="black" d="M1370 1184 c-148 -27 -311 -87 -434 -161 -104 -63 -176 -122 -319 -262 l-137 -135 -240 239 -240 240 0 -553 0 -552 552 0 553 0 -240 240 -240 241 130 124 c195 186 326 273 500 333 204 69 486 69 690 0 88 -31 209 -92 284 -145 36 -26 168 -147 292 -270 125 -123 231 -223 236 -223 5 0 40 32 78 70 l70 70 -210 211 c-211 212 -319 305 -431 372 -128 77 -285 134 -440 161 -109 19 -348 19 -454 0z m-698 -896 l180 -188 -376 0 -376 0 0 382 0 383 196 -195 c107 -107 277 -279 376 -382z"/></g></svg>
  <svg x='517' y='516'><g transform="translate(0.198409507087,11.7551245826) scale(0.00984535298844,-0.00974923141752)"><path class="sym-line" fill="black" d="M1070 1184 c-148 -27 -310 -87 -434 -161 -112 -67 -220 -160 -431 -372 l-210 -211 70 -70 c38 -38 73 -70 78 -70 5 0 111 100 236 223 124 123 256 244 292 270 75 53 196 114 284 145 204 69 486 69 690 0 174 -60 305 -147 500 -333 l130 -124 -240 -241 -240 -240 553 0 552 0 0 552 0 553 -240 -240 -240 -239 -137 135 c-76 75 -165 156 -198 180 -169 127 -355 207 -561 243 -109 19 -348 19 -454 0z"/></g></svg>
  <svg x='526' y='537'><g transform="translate(0.198409507087,11.7551245826) scale(0.00984535298844,-0.00974923141752)"><path class="sym-line" fill="black" d="M1070 1184 c-148 -27 -310 -87 -434 -161 -112 -67 -220 -160 -431 -372 l-210 -211 70 -70 c38 -38 73 -70 78 -70 5 0 111 100 236 223 124 123 256 244 292 270 75 53 196 114 284 145 204 69 486 69 690 0 174 -60 305 -147 500 -333 l130 -124 -240 -241 -240 -240 553 0 552 0 0 552 0 553 -240 -240 -240 -239 -137 135 c-76 75 -165 156 -198 180 -169 127 -355 207 -561 243 -109 19 -348 19 -454 0z"/></g></svg>
  <svg x='482' y='482'><g transform="translate(0.149874875465,34.7500790925) scale(0.00988906872676,-0.00988956850125)"><path class="sym-line" fill="black" d="M1528 3484 c-592 -92 -1088 -447 -1348 -963 -125 -249 -180 -485 -180 -771 0 -480 183 -911 529 -1242 350 -336 780 -508 1271 -508 451 0 864 150 1193 434 326 281 517 620 591 1051 21 121 21 409 0 530 -43 252 -114 444 -237 639 -282 453 -741 750 -1284 831 -127 19 -413 18 -535 -1z m607 -173 c583 -126 1038 -523 1224 -1069 59 -173 75 -277 75 -492 0 -165 -3 -211 -22 -300 -71 -327 -228 -611 -458 -829 -186 -177 -381 -295 -614 -374 -176 -60 -282 -78 -490 -84 -247 -7 -416 19 -628 97 -549 201 -944 674 -1043 1250 -17 97 -17 383 0 480 99 576 495 1050 1043 1250 105 38 177 58 303 81 143 26 467 21 610 -10z M720 2650 l0 -50 233 0 232 -1 245 -239 245 -239 40 40 40 41 -255 249 -255 249 -262 0 -263 0 0 -50z M2100 2450 l-255 -249 40 -41 41 -41 246 241 246 240 236 0 236 0 0 50 0 50 -267 0 -268 -1 -255 -249z M510 2350 l0 -50 256 0 256 0 204 -200 c112 -110 210 -200 217 -200 7 0 29 16 47 35 l35 36 -220 214 -220 214 -287 0 -288 1 0 -50z M2343 2229 c-98 -94 -198 -191 -222 -214 l-43 -43 38 -36 c22 -19 43 -36 48 -36 5 0 100 90 212 200 l204 200 255 0 255 0 0 50 0 50 -285 0 -284 0 -178 -171z"/></g></svg>
  <svg x='482' y='482'><g transform="translate(0.149874875465,34.7500790925) scale(0.00988906872676,-0.00988956850125)"><path class="sym-line" fill="black" d="M1528 3484 c-592 -92 -1088 -447 -1348 -963 -125 -249 -180 -485 -180 -771 0 -480 183 -911 529 -1242 350 -336 780 -508 1271 -508 451 0 864 150 1193 434 326 281 517 620 591 1051 21 121 21 409 0 530 -43 252 -114 444 -237 639 -282 453 -741 750 -1284 831 -127 19 -413 18 -535 -1z m607 -173 c583 -126 1038 -523 1224 -1069 59 -173 75 -277 75 -492 0 -165 -3 -211 -22 -300 -71 -327 -228 -611 -458 -829 -186 -177 -381 -295 -614 -374 -176 -60 -282 -78 -490 -84 -247 -7 -416 19 -628 97 -549 201 -944 674 -1043 1250 -17 97 -17 383 0 480 99 576 495 1050 1043 1250 105 38 177 58 303 81 143 26 467 21 610 -10z M1020 875 l0 -75 780 0 780 0 0 75 0 75 -780 0 -780 0 0 -75z"/></g></svg>
</svg>