<svg version='1.1' xmlns='http://www.w3.org/2000/svg' width='66' height='120' viewBox='468 482 66 120'>
  <text font-size='0'>AS15a21S15a29S20e00S20e00S2eb0cS2eb1cS2fb00S2fb00S30004M534x602S15a29468x530S15a21511x529S30004482x482S20e00483x516S20e00506x515S2fb00493x588S2fb00493x596S2eb0c518x562S2eb1c468x562</text>
  <svg x='468' y='530'><g transform="translate(0.149415820392,22.899520137) scale(0.00991202148038,-0.00989177505957)"><path class="sym-line" fill="black" d="M727 1572 l-727 -727 415 -415 415 -415 725 725 725 725 0 417 0 418 -413 0 -412 0 -728 -728z"/></g></svg>
  <svg x='511' y='529'><g transform="translate(-0.0476493766782,22.899520137) scale(0.00991202148038,-0.00989177505957)"><path class="sym-line" fill="black" d="M20 1882 l0 -417 725 -725 725 -725 415 415 415 415 -727 727 -728 728 -412 0 -413 0 0 -418z"/></g></svg>
  <svg x='482' y='482'><g transform="translate(0.149874875465,34.7500790925) scale(0.00988906872676,-0.00988956850125)"><path class="sym-line" fill="black" d="M1528 3484 c-592 -92 -1088 -447 -1348 -963 -125 -249 -180 -485 -180 -771 0 -480 183 -911 529 -1242 350 -336 780 -508 1271 -508 451 0 864 150 1193 434 326 281 517 620 591 1051 21 121 21 409 0 530 -43 252 -114 444 -237 639 -282 453 -741 750 -1284 831 -127 19 -413 18 -535 -1z m607 -173 c583 -126 1038 -523 1224 -1069 59 -173 75 -277 75 -492 0 -165 -3 -211 -22 -300 -107 -494 -416 -893 -866 -1117 -37 -19 -69 -33 -71 -31 -1 2 -18 29 -38 60 -94 149 -268 273 -445 319 -101 26 -279 26 -378 0 -205 -53 -367 -177 -479 -366 -10 -16 -16 -15 -75 15 -473 236 -792 664 -881 1180 -17 97 -17 383 0 480 99 576 495 1050 1043 1250 105 38 177 58 303 81 143 26 467 21 610 -10z m-157 -2796 c80 -25 167 -76 234 -137 50 -45 111 -129 101 -139 -12 -11 -155 -46 -263 -64 -125 -20 -371 -20 -498 1 -92 14 -247 50 -264 60 -23 14 101 152 189 211 136 92 339 119 501 68z"/></g></svg>
  <svg x='483' y='516'><g transform="translate(0.146427179928,11.7544805477) scale(0.00967082850362,-0.00967852689504)"><path class="sym-fill" fill="white" d="M503 985 c-159 -43 -265 -159 -295 -325 -22 -116 23 -252 112 -340 88 -89 224 -134 340 -112 178 33 299 154 332 332 22 115 -23 252 -110 339 -56 56 -107 85 -189 106 -70 18 -121 18 -190 0z m175 -200 c104 -44 151 -167 103 -270 -71 -153 -291 -153 -362 0 -33 72 -19 166 34 224 52 56 151 76 225 46z"/><path class="sym-line" fill="black" d="M435 1181 c-206 -60 -366 -224 -419 -428 -21 -78 -21 -228 0 -306 54 -208 223 -377 431 -431 78 -21 228 -21 306 0 208 54 377 223 431 431 21 78 21 228 0 306 -26 103 -80 195 -158 273 -78 78 -170 132 -273 158 -82 21 -240 20 -318 -3z m276 -197 c134 -40 234 -140 273 -273 62 -211 -60 -432 -273 -495 -210 -62 -433 61 -495 273 -61 207 56 426 264 492 70 23 161 24 231 3z M509 772 c-43 -22 -59 -38 -81 -81 -36 -68 -36 -114 0 -182 22 -43 38 -59 81 -81 68 -36 114 -36 182 0 43 22 59 38 81 81 36 68 36 114 0 182 -22 43 -38 59 -81 81 -68 36 -114 36 -182 0z"/></g></svg>
  <svg x='506' y='515'><g transform="translate(0.146427179928,11.7544805477) scale(0.00967082850362,-0.00967852689504)"><path class="sym-fill" fill="white" d="M503 985 c-159 -43 -265 -159 -295 -325 -22 -116 23 -252 112 -340 88 -89 224 -134 340 -112 178 33 299 154 332 332 22 115 -23 252 -110 339 -56 56 -107 85 -189 106 -70 18 -121 18 -190 0z m175 -200 c104 -44 151 -167 103 -270 -71 -153 -291 -153 -362 0 -33 72 -19 166 34 224 52 56 151 76 225 46z"/><path class="sym-line" fill="black" d="M435 1181 c-206 -60 -366 -224 -419 -428 -21 -78 -21 -228 0 -306 54 -208 223 -377 431 -431 78 -21 228 -21 306 0 208 54 377 223 431 431 21 78 21 228 0 306 -26 103 -80 195 -158 273 -78 78 -170 132 -273 158 -82 21 -240 20 -318 -3z m276 -197 c134 -40 234 -140 273 -273 62 -211 -60 -432 -273 -495 -210 -62 -433 61 -495 273 -61 207 56 426 264 492 70 23 161 24 231 3z M509 772 c-43 -22 -59 -38 -81 -81 -36 -68 -36 -114 0 -182 22 -43 38 -59 81 -81 68 -36 114 -36 182 0 43 22 59 38 81 81 36 68 36 114 0 182 -22 43 -38 59 -81 81 -68 36 -114 36 -182 0z"/></g></svg>
  <svg x='493' y='588'><g transform="translate(0.169849905175,5.76208528494) scale(0.0097007872376,-0.00950858679199)"><path class="sym-line" fill="black" d="M552 580 c-226 -60 -429 -239 -518 -459 -13 -33 -27 -73 -30 -90 l-6 -31 60 0 61 0 42 83 c54 103 163 217 264 273 205 113 445 113 650 0 101 -56 210 -170 264 -273 l42 -83 61 0 61 0 -7 31 c-22 111 -99 242 -206 349 -99 99 -217 167 -346 200 -105 27 -289 27 -392 0z"/></g></svg>
  <svg x='493' y='596'><g transform="translate(0.169849905175,5.76208528494) scale(0.0097007872376,-0.00950858679199)"><path class="sym-line" fill="black" d="M552 580 c-226 -60 -429 -239 -518 -459 -13 -33 -27 -73 -30 -90 l-6 -31 60 0 61 0 42 83 c54 103 163 217 264 273 205 113 445 113 650 0 101 -56 210 -170 264 -273 l42 -83 61 0 61 0 -7 31 c-22 111 -99 242 -206 349 -99 99 -217 167 -346 200 -105 27 -289 27 -392 0z"/></g></svg>
  <svg x='518' y='562'><g transform="translate(0.197879192411,31.7551292282) scale(0.00971073625276,-0.00987709116506)"><path class="sym-line" fill="black" d="M745 3181 c-182 -84 -337 -382 -404 -777 l-18 -104 258 0 258 0 6 48 c43 332 88 513 151 603 57 82 117 33 172 -141 41 -129 71 -308 104 -615 18 -165 18 -1025 0 -1190 -44 -412 -90 -626 -157 -741 -55 -94 -116 -62 -171 90 -32 89 -70 276 -91 449 l-17 147 -264 0 -263 0 6 -37 c73 -441 246 -748 490 -869 67 -33 88 -38 164 -42 78 -4 92 -2 137 21 163 83 290 338 365 737 21 110 22 147 26 819 5 753 1 821 -48 1046 -61 277 -180 495 -302 554 -38 19 -62 21 -203 21 -133 0 -165 -3 -199 -19z M273 1923 l277 -278 277 278 278 277 -555 0 -555 0 278 -277z M273 1323 l277 -278 277 278 278 277 -555 0 -555 0 278 -277z"/></g></svg>
  <svg x='468' y='562'><g transform="translate(0.197879192411,31.7551292282) scale(0.00971073625276,-0.00987709116506)"><path class="sym-fill" fill="white" d="M398 1948 l152 -153 152 153 153 152 -305 0 -305 0 153 -152z M398 1348 l152 -153 152 153 153 152 -305 0 -305 0 153 -152z"/><path class="sym-line" fill="black" d="M745 3181 c-182 -84 -337 -382 -404 -777 l-18 -104 258 0 258 0 6 48 c43 332 88 513 151 603 57 82 117 33 172 -141 41 -129 71 -308 104 -615 18 -165 18 -1025 0 -1190 -44 -412 -90 -626 -157 -741 -55 -94 -116 -62 -171 90 -32 89 -70 276 -91 449 l-17 147 -264 0 -263 0 6 -37 c73 -441 246 -748 490 -869 67 -33 88 -38 164 -42 78 -4 92 -2 137 21 163 83 290 338 365 737 21 110 22 147 26 819 5 753 1 821 -48 1046 -61 277 -180 495 -302 554 -38 19 -62 21 -203 21 -133 0 -165 -3 -199 -19z M273 1923 l277 -278 277 278 278 277 -555 0 -555 0 278 -277z m429 25 l-152 -153 -152 153 -153 152 305 0 305 0 -153 -152z M273 1323 l277 -278 277 278 278 277 -555 0 -555 0 278 -277z m429 25 l-152 -153 -152 153 -153 152 305 0 305 0 -153 -152z"/></g></svg>
</svg>