<svg version='1.1' xmlns='http://www.w3.org/2000/svg' width='72' height='134' viewBox='479 433 72 134'>
  <text font-size='0'>AS15a1eS2a602S15a12S20500S20500S10040S26500S36d00M551x567S10040517x537S26500517x516S36d00479x433S15a12498x440S15a1e497x469S20500507x453S20500507x484S2a602534x448</text>
  <svg x='517' y='537'><g transform="translate(0.0,30.0) scale(0.01,-0.01)"><path class="sym-fill" fill="white" d="M200 650 l0 -450 300 0 300 0 0 450 0 450 -300 0 -300 0 0 -450z"/><path class="sym-line" fill="black" d="M1300 2250 l0 -750 100 0 100 0 0 750 0 750 -100 0 -100 0 0 -750z M0 650 l0 -650 750 0 750 0 0 650 0 650 -750 0 -750 0 0 -650z m800 0 l0 -450 -300 0 -300 0 0 450 0 450 300 0 300 0 0 -450z"/></g></svg>
  <svg x='517' y='516'><g transform="translate(0.199517282911,14.7505211307) scale(0.00964541675618,-0.00973472242044)"><path class="sym-line" fill="black" d="M345 1150 l-350 -350 303 0 302 0 0 -400 0 -400 100 0 100 0 0 400 0 400 302 0 303 0 -350 350 c-192 193 -352 350 -355 350 -3 0 -163 -157 -355 -350z"/></g></svg>
  <svg x='479' y='433'><g transform="translate(0.0,4.0) scale(0.01,-0.01)"><path class="sym-line" fill="black" d="M0 200 l0 -200 2100 0 2100 0 0 200 0 200 -2100 0 -2100 0 0 -200z"/></g></svg>
  <svg x='498' y='440'><g transform="translate(0.198694149149,11.7516936221) scale(0.00983400277537,-0.00966938010173)"><path class="sym-fill" fill="white" d="M485 400 l200 -200 907 0 908 0 0 200 0 200 -1107 0 -1108 0 200 -200z"/><path class="sym-line" fill="black" d="M295 900 l-300 -300 300 -300 300 -300 1052 0 1053 0 0 600 0 600 -1053 0 -1052 0 -300 -300z m2205 -500 l0 -200 -913 0 -912 0 -200 200 -200 200 1113 0 1112 0 0 -200z"/></g></svg>
  <svg x='497' y='469'><g transform="translate(0.198694149149,11.7516936221) scale(0.00983400277537,-0.00966938010173)"><path class="sym-fill" fill="white" d="M485 800 l-200 -200 1108 0 1107 0 0 200 0 200 -908 0 -907 0 -200 -200z"/><path class="sym-line" fill="black" d="M295 900 l-300 -300 300 -300 300 -300 1052 0 1053 0 0 600 0 600 -1053 0 -1052 0 -300 -300z m2205 -100 l0 -200 -1112 0 -1113 0 200 200 200 200 912 0 913 0 0 -200z"/></g></svg>
  <svg x='507' y='453'><g transform="translate(-0.221878406359,10.7500002304) scale(0.0103429235226,-0.00963778430032)"><path class="sym-line" fill="black" d="M430 895 l0 -205 -37 23 c-21 13 -95 61 -165 105 l-128 82 -36 -71 c-19 -40 -32 -75 -27 -79 4 -3 74 -48 156 -99 81 -51 147 -97 147 -101 0 -4 -66 -50 -147 -101 -82 -51 -152 -96 -156 -99 -5 -4 8 -39 27 -79 l36 -71 128 82 c70 44 144 92 165 105 l37 23 0 -205 0 -205 70 0 70 0 0 205 0 205 38 -23 c20 -13 94 -61 164 -105 l128 -82 36 71 c19 40 32 75 27 79 -4 3 -74 48 -155 99 -82 51 -148 97 -148 101 0 4 66 50 148 101 81 51 151 96 155 99 5 4 -8 39 -27 79 l-36 71 -128 -82 c-70 -44 -144 -92 -164 -105 l-38 -23 0 205 0 205 -70 0 -70 0 0 -205z"/></g></svg>
  <svg x='507' y='484'><g transform="translate(-0.221878406359,10.7500002304) scale(0.0103429235226,-0.00963778430032)"><path class="sym-line" fill="black" d="M430 895 l0 -205 -37 23 c-21 13 -95 61 -165 105 l-128 82 -36 -71 c-19 -40 -32 -75 -27 -79 4 -3 74 -48 156 -99 81 -51 147 -97 147 -101 0 -4 -66 -50 -147 -101 -82 -51 -152 -96 -156 -99 -5 -4 8 -39 27 -79 l36 -71 128 82 c70 44 144 92 165 105 l37 23 0 -205 0 -205 70 0 70 0 0 205 0 205 38 -23 c20 -13 94 -61 164 -105 l128 -82 36 71 c19 40 32 75 27 79 -4 3 -74 48 -155 99 -82 51 -148 97 -148 101 0 4 66 50 148 101 81 51 151 96 155 99 5 4 -8 39 -27 79 l-36 71 -128 -82 c-70 -44 -144 -92 -164 -105 l-38 -23 0 205 0 205 -70 0 -70 0 0 -205z"/></g></svg>
  <svg x='534' y='448'><g transform="translate(0.0,23.0) scale(0.01,-0.01)"><path class="sym-fill" fill="white" d="M343 2058 l-143 -143 240 -240 c132 -132 243 -248 246 -257 5 -16 24 -18 221 -18 l215 0 -7 28 c-14 59 -54 142 -100 213 -32 48 -132 158 -290 317 l-240 243 -142 -143z M730 1073 c-26 -71 -64 -119 -211 -268 l-159 -160 143 -143 142 -142 141 142 c222 225 282 310 328 472 41 139 58 126 -174 126 l-200 0 -10 -27z"/><path class="sym-line" fill="black" d="M535 2250 l-49 -50 245 -247 c284 -287 325 -340 380 -500 l18 -53 -217 0 -217 0 -22 33 c-12 17 -124 133 -248 257 l-225 225 -50 -50 c-27 -27 -50 -54 -50 -60 0 -5 89 -99 197 -207 l198 -198 -198 0 -197 0 0 -150 0 -150 235 0 c168 0 235 -3 235 -11 0 -7 -72 -84 -160 -173 l-159 -161 -126 125 -125 125 0 -503 0 -502 502 0 503 0 -124 124 -125 125 170 173 c98 101 190 205 218 248 75 113 130 256 151 393 l6 37 199 0 200 0 0 150 0 150 -208 0 -208 0 -14 53 c-21 83 -72 196 -125 277 -33 50 -131 158 -294 323 -134 136 -249 247 -255 247 -7 0 -34 -22 -61 -50z m605 -1179 c0 -42 -37 -155 -75 -231 -49 -97 -108 -169 -274 -335 l-151 -150 -142 142 -142 142 162 164 c121 123 168 177 187 218 13 30 25 60 25 67 0 9 48 12 205 12 l205 0 0 -29z"/></g></svg>
</svg>