<svg version='1.1' xmlns='http://www.w3.org/2000/svg' width='136' height='92' viewBox='432 454 136 92'>
  <text font-size='0'>AS15a20S15a20S2df04S2df1cS26626S15a20S15a20S2df04S2df1cS2fb04S2fb04S36d00M568x546S36d00479x454S15a20531x480S15a20548x480S15a20457x479S15a20440x479S26626485x485S2df04455x512S2df1c432x512S2df1c522x512S2df04547x512S2fb04537x540S2fb04446x540</text>
  <svg x='479' y='454'><g transform="translate(0.0,4.0) scale(0.01,-0.01)"><path class="sym-line" fill="black" d="M0 200 l0 -200 2100 0 2100 0 0 200 0 200 -2100 0 -2100 0 0 -200z"/></g></svg>
  <svg x='531' y='480'><g transform="translate(0.0,27.0) scale(0.01,-0.01)"><path class="sym-line" fill="black" d="M297 2402 l-297 -297 0 -1053 0 -1052 600 0 600 0 0 1053 0 1052 -298 298 c-163 163 -299 297 -302 297 -3 0 -139 -134 -303 -298z"/></g></svg>
  <svg x='548' y='480'><g transform="translate(0.0,27.0) scale(0.01,-0.01)"><path class="sym-line" fill="black" d="M297 2402 l-297 -297 0 -1053 0 -1052 600 0 600 0 0 1053 0 1052 -298 298 c-163 163 -299 297 -302 297 -3 0 -139 -134 -303 -298z"/></g></svg>
  <svg x='457' y='479'><g transform="translate(0.0,27.0) scale(0.01,-0.01)"><path class="sym-line" fill="black" d="M297 2402 l-297 -297 0 -1053 0 -1052 600 0 600 0 0 1053 0 1052 -298 298 c-163 163 -299 297 -302 297 -3 0 -139 -134 -303 -298z"/></g></svg>
  <svg x='440' y='479'><g transform="translate(0.0,27.0) scale(0.01,-0.01)"><path class="sym-line" fill="black" d="M297 2402 l-297 -297 0 -1053 0 -1052 600 0 600 0 0 1053 0 1052 -298 298 c-163 163 -299 297 -302 297 -3 0 -139 -134 -303 -298z"/></g></svg>
  <svg x='485' y='485'><g transform="translate(0.150646944493,15.6976811299) scale(0.00985046527537,-0.00968799012796)"><path class="sym-line" fill="black" d="M2200 1460 l0 -144 258 -252 257 -252 -257 -259 -258 -258 0 -150 0 -150 402 403 403 402 -403 402 -402 403 0 -145z M0 800 l0 -100 1100 0 1100 0 0 100 0 100 -1100 0 -1100 0 0 -100z"/></g></svg>
  <svg x='455' y='512'><g transform="translate(0.0,21.0) scale(0.01,-0.01)"><path class="sym-fill" fill="white" d="M800 1606 l0 -493 38 -7 c48 -8 176 -8 225 0 l37 7 0 493 0 494 -150 0 -150 0 0 -494z M800 403 l0 -403 150 0 150 0 0 403 0 402 -150 0 -150 0 0 -402z"/><path class="sym-line" fill="black" d="M700 1615 c0 -459 -1 -485 -18 -485 -40 0 -142 33 -220 71 -71 34 -103 60 -216 170 -74 71 -138 129 -143 129 -13 0 -103 -93 -103 -107 0 -19 399 -400 469 -448 36 -25 102 -61 146 -80 l80 -34 3 -416 2 -415 50 0 50 0 0 408 0 408 75 -9 c46 -6 104 -6 150 0 l75 9 0 -408 0 -408 50 0 50 0 2 415 3 416 80 34 c114 50 192 107 340 249 l130 124 173 -171 172 -172 0 403 0 402 -402 0 -403 0 173 -173 174 -174 -64 -57 c-70 -63 -191 -128 -283 -151 -106 -27 -95 -82 -95 470 l0 485 -50 0 -50 0 0 -500 0 -500 -150 0 -150 0 0 500 0 500 -50 0 -50 0 0 -485z"/></g></svg>
  <svg x='432' y='512'><g transform="translate(0.0,21.0) scale(0.01,-0.01)"><path class="sym-fill" fill="white" d="M1000 1606 l0 -493 38 -7 c48 -8 176 -8 225 0 l37 7 0 493 0 494 -150 0 -150 0 0 -494z M100 1373 l0 -228 225 225 c124 124 225 226 225 227 0 2 -101 3 -225 3 l-225 0 0 -227z M1000 403 l0 -403 150 0 150 0 0 403 0 402 -150 0 -150 0 0 -402z"/><path class="sym-line" fill="black" d="M900 1615 c0 -552 11 -497 -95 -470 -92 23 -213 88 -283 151 l-64 57 174 174 173 173 -403 0 -402 0 0 -402 0 -403 173 172 172 171 130 -124 c148 -142 226 -199 340 -249 l80 -34 3 -416 2 -415 50 0 50 0 0 408 0 408 75 -9 c46 -6 104 -6 150 0 l75 9 0 -408 0 -408 50 0 50 0 2 415 3 416 80 34 c44 19 110 55 146 80 71 49 469 429 469 449 0 13 -91 106 -104 106 -5 0 -68 -58 -142 -129 -113 -110 -145 -136 -216 -170 -78 -38 -180 -71 -220 -71 -17 0 -18 26 -18 485 l0 485 -50 0 -50 0 0 -500 0 -500 -150 0 -150 0 0 500 0 500 -50 0 -50 0 0 -485z m-350 -18 c0 -1 -101 -103 -225 -227 l-225 -225 0 228 0 227 225 0 c124 0 225 -1 225 -3z"/></g></svg>
  <svg x='522' y='512'><g transform="translate(0.0,21.0) scale(0.01,-0.01)"><path class="sym-fill" fill="white" d="M1000 1606 l0 -493 38 -7 c48 -8 176 -8 225 0 l37 7 0 493 0 494 -150 0 -150 0 0 -494z M100 1373 l0 -228 225 225 c124 124 225 226 225 227 0 2 -101 3 -225 3 l-225 0 0 -227z M1000 403 l0 -403 150 0 150 0 0 403 0 402 -150 0 -150 0 0 -402z"/><path class="sym-line" fill="black" d="M900 1615 c0 -552 11 -497 -95 -470 -92 23 -213 88 -283 151 l-64 57 174 174 173 173 -403 0 -402 0 0 -402 0 -403 173 172 172 171 130 -124 c148 -142 226 -199 340 -249 l80 -34 3 -416 2 -415 50 0 50 0 0 408 0 408 75 -9 c46 -6 104 -6 150 0 l75 9 0 -408 0 -408 50 0 50 0 2 415 3 416 80 34 c44 19 110 55 146 80 71 49 469 429 469 449 0 13 -91 106 -104 106 -5 0 -68 -58 -142 -129 -113 -110 -145 -136 -216 -170 -78 -38 -180 -71 -220 -71 -17 0 -18 26 -18 485 l0 485 -50 0 -50 0 0 -500 0 -500 -150 0 -150 0 0 500 0 500 -50 0 -50 0 0 -485z m-350 -18 c0 -1 -101 -103 -225 -227 l-225 -225 0 228 0 227 225 0 c124 0 225 -1 225 -3z"/></g></svg>
  <svg x='547' y='512'><g transform="translate(0.0,21.0) scale(0.01,-0.01)"><path class="sym-fill" fill="white" d="M800 1606 l0 -493 38 -7 c48 -8 176 -8 225 0 l37 7 0 493 0 494 -150 0 -150 0 0 -494z M800 403 l0 -403 150 0 150 0 0 403 0 402 -150 0 -150 0 0 -402z"/><path class="sym-line" fill="black" d="M700 1615 c0 -459 -1 -485 -18 -485 -40 0 -142 33 -220 71 -71 34 -103 60 -216 170 -74 71 -138 129 -143 129 -13 0 -103 -93 -103 -107 0 -19 399 -400 469 -448 36 -25 102 -61 146 -80 l80 -34 3 -416 2 -415 50 0 50 0 0 408 0 408 75 -9 c46 -6 104 -6 150 0 l75 9 0 -408 0 -408 50 0 50 0 2 415 3 416 80 34 c114 50 192 107 340 249 l130 124 173 -171 172 -172 0 403 0 402 -402 0 -403 0 173 -173 174 -174 -64 -57 c-70 -63 -191 -128 -283 -151 -106 -27 -95 -82 -95 470 l0 485 -50 0 -50 0 0 -500 0 -500 -150 0 -150 0 0 500 0 500 -50 0 -50 0 0 -485z"/></g></svg>
  <svg x='537' y='540'><g transform="translate(0.178125321737,5.7484375) scale(0.00969593203301,-0.00933333333333)"><path class="sym-line" fill="black" d="M4 569 c22 -111 99 -242 206 -349 151 -151 320 -220 540 -220 220 0 389 69 540 220 107 107 184 238 206 349 l7 31 -61 0 -61 0 -42 -82 c-54 -104 -163 -218 -264 -274 -154 -85 -340 -108 -501 -61 -176 51 -331 177 -413 335 l-42 82 -61 0 -61 0 7 -31z"/></g></svg>
  <svg x='446' y='540'><g transform="translate(0.178125321737,5.7484375) scale(0.00969593203301,-0.00933333333333)"><path class="sym-line" fill="black" d="M4 569 c22 -111 99 -242 206 -349 151 -151 320 -220 540 -220 220 0 389 69 540 220 107 107 184 238 206 349 l7 31 -61 0 -61 0 -42 -82 c-54 -104 -163 -218 -264 -274 -154 -85 -340 -108 -501 -61 -176 51 -331 177 -413 335 l-42 82 -61 0 -61 0 7 -31z"/></g></svg>
</svg>