<svg version='1.1' xmlns='http://www.w3.org/2000/svg' width='60' height='103' viewBox='468 482 60 103'>
  <text font-size='0'>AS15a10S37800S15a1aS37806S32102S28903S2f804S2f800M528x585S15a1a501x573S15a10515x520S37806468x574S37800524x542S2f804473x559S28903479x534S2f800473x525S32102482x482</text>
  <svg x='501' y='573'><g transform="translate(0.150976194493,11.7516936221) scale(0.00983400277537,-0.00966938010173)"><path class="sym-fill" fill="white" d="M200 400 l0 -200 908 0 907 0 200 200 200 200 -1108 0 -1107 0 0 -200z"/><path class="sym-line" fill="black" d="M0 600 l0 -600 1053 0 1052 0 300 300 300 300 -300 300 -300 300 -1052 0 -1053 0 0 -600z m2225 -200 l-200 -200 -912 0 -913 0 0 200 0 200 1112 0 1113 0 -200 -200z"/></g></svg>
  <svg x='515' y='520'><g transform="translate(0.0,27.0) scale(0.01,-0.01)"><path class="sym-fill" fill="white" d="M397 2212 l-197 -197 0 -908 0 -907 200 0 200 0 0 1105 c0 608 -1 1105 -3 1105 -1 0 -91 -89 -200 -198z"/><path class="sym-line" fill="black" d="M297 2402 l-297 -297 0 -1053 0 -1052 600 0 600 0 0 1053 0 1052 -298 298 c-163 163 -299 297 -302 297 -3 0 -139 -134 -303 -298z m303 -1092 l0 -1110 -200 0 -200 0 0 912 0 913 197 197 c109 109 199 198 200 198 2 0 3 -499 3 -1110z"/></g></svg>
  <svg x='468' y='574'><g transform="translate(0.0,2.0) scale(0.01,-0.01)"><path class="sym-line" fill="black" d="M0 100 l0 -100 1600 0 1600 0 0 100 0 100 -1600 0 -1600 0 0 -100z"/></g></svg>
  <svg x='524' y='542'><g transform="translate(0.0,32.0) scale(0.01,-0.01)"><path class="sym-line" fill="black" d="M0 1600 l0 -1600 100 0 100 0 0 1600 0 1600 -100 0 -100 0 0 -1600z"/></g></svg>
  <svg x='473' y='559'><g transform="translate(0.0,11.0) scale(0.01,-0.01)"><path class="sym-line" fill="black" d="M47 1052 c-26 -26 -47 -52 -47 -57 1 -16 398 -415 490 -492 315 -263 730 -441 1150 -493 109 -13 411 -13 520 0 420 52 835 230 1150 493 94 79 489 476 490 492 0 14 -92 105 -106 105 -6 0 -85 -75 -175 -167 -194 -199 -287 -285 -390 -364 -268 -204 -611 -346 -948 -393 -146 -21 -416 -21 -562 0 -337 47 -680 189 -948 393 -103 79 -196 165 -390 364 -90 92 -169 167 -176 167 -6 0 -32 -22 -58 -48z"/></g></svg>
  <svg x='479' y='534'><g transform="translate(0.0393366495508,26.8055192175) scale(0.00988354211854,-0.00994862606901)"><path class="sym-fill" fill="white" d="M1550 2495 c-410 -75 -742 -400 -851 -835 -29 -117 -38 -273 -32 -517 l6 -223 198 0 198 0 3 303 c4 297 4 303 31 382 38 113 90 198 177 286 55 55 96 86 150 113 141 69 137 69 628 73 l442 5 0 214 0 214 -437 -1 c-321 -1 -458 -4 -513 -14z"/><path class="sym-line" fill="black" d="M1589 2669 c-453 -48 -853 -387 -1008 -854 -59 -179 -63 -213 -68 -567 l-5 -328 -249 -2 -248 -3 421 -455 c232 -250 427 -455 435 -455 7 0 203 205 434 455 l421 455 -252 3 -252 2 5 278 c5 299 9 331 64 441 15 30 57 85 93 122 76 77 163 123 260 139 36 5 242 10 463 10 l397 0 0 80 0 80 -432 0 c-489 0 -507 -2 -641 -72 -132 -69 -239 -189 -304 -343 -44 -102 -53 -187 -53 -470 l0 -265 -200 0 -199 0 -7 35 c-12 67 3 574 20 655 50 236 153 428 319 595 139 139 282 223 472 278 65 19 105 21 548 24 l477 4 0 78 0 78 -242 6 c-299 9 -569 7 -669 -4z"/></g></svg>
  <svg x='473' y='525'><g transform="translate(0.149758714638,10.7522867807) scale(0.00989487676809,-0.00965101211298)"><path class="sym-line" fill="black" d="M1630 1089 c-414 -53 -829 -232 -1140 -492 -94 -79 -489 -476 -490 -492 0 -14 92 -105 106 -105 6 0 85 75 175 168 194 198 287 284 390 363 268 204 611 346 948 393 146 21 416 21 562 0 337 -47 680 -189 948 -393 103 -79 196 -165 390 -364 90 -92 169 -167 176 -167 13 0 105 92 105 105 -1 16 -398 415 -490 492 -315 263 -730 441 -1150 493 -98 12 -435 11 -530 -1z"/></g></svg>
  <svg x='482' y='482'><g transform="translate(0.149874875465,34.7500790925) scale(0.00988906872676,-0.00988956850125)"><path class="sym-line" fill="black" d="M1528 3484 c-592 -92 -1088 -447 -1348 -963 -125 -249 -180 -485 -180 -771 0 -480 183 -911 529 -1242 350 -336 780 -508 1271 -508 451 0 864 150 1193 434 326 281 517 620 591 1051 21 121 21 409 0 530 -43 252 -114 444 -237 639 -282 453 -741 750 -1284 831 -127 19 -413 18 -535 -1z m607 -173 c583 -126 1038 -523 1224 -1069 59 -173 75 -277 75 -492 0 -165 -3 -211 -22 -300 -71 -327 -228 -611 -458 -829 -186 -177 -381 -295 -614 -374 -176 -60 -282 -78 -490 -84 -247 -7 -416 19 -628 97 -549 201 -944 674 -1043 1250 -17 97 -17 383 0 480 99 576 495 1050 1043 1250 105 38 177 58 303 81 143 26 467 21 610 -10z M919 2400 l-204 -200 204 -200 c112 -110 209 -200 215 -200 7 0 28 16 47 36 l34 36 -170 164 -170 164 170 164 170 164 -34 36 c-19 20 -40 36 -47 36 -6 0 -103 -90 -215 -200z M2150 2399 l-205 -199 205 -199 c113 -110 210 -200 216 -200 14 -1 77 65 73 76 -2 5 -76 78 -164 163 -88 85 -160 157 -160 160 0 3 72 75 160 160 88 85 162 158 164 163 4 11 -59 77 -73 76 -6 0 -103 -90 -216 -200z M1130 2350 l0 -50 260 0 260 0 0 50 0 50 -260 0 -260 0 0 -50z M2360 2350 l0 -50 265 0 265 0 0 50 0 50 -265 0 -265 0 0 -50z M1130 2050 l0 -50 260 0 260 0 0 50 0 50 -260 0 -260 0 0 -50z M2360 2050 l0 -50 265 0 265 0 0 50 0 50 -265 0 -265 0 0 -50z"/></g></svg>
</svg>