<svg version='1.1' xmlns='http://www.w3.org/2000/svg' width='72' height='89' viewBox='464 456 72 89'>
  <text font-size='0'>AS15a5fS15a57S26706S26712S26706S26712S37713S3770bM536x545S15a57502x456S26712464x529S3770b484x475S15a5f472x457S26706494x501S26712464x505S26706493x525S37713490x475</text>
  <svg x='502' y='456'><g transform="translate(-0.000223836172357,22.7560476437) scale(0.00989189550009,-0.00991168243272)"><path class="sym-fill" fill="white" d="M1092 1897 l-102 -102 410 -410 410 -410 102 103 103 102 -410 410 -410 410 -103 -103z"/><path class="sym-line" fill="black" d="M1327 2142 l-137 -137 415 -415 415 -415 140 140 140 140 0 412 0 413 -418 0 -417 0 -138 -138z M495 1310 l-480 -480 415 -415 415 -415 482 482 483 483 -412 412 c-227 227 -415 413 -418 413 -3 0 -221 -216 -485 -480z"/></g></svg>
  <svg x='464' y='529'><g transform="translate(0.201122449172,15.7010613696) scale(0.00989293660622,-0.00972038991848)"><path class="sym-fill" fill="white" d="M420 1075 l-275 -275 278 -278 277 -277 0 553 c0 303 -1 552 -3 552 -1 0 -126 -124 -277 -275z"/><path class="sym-line" fill="black" d="M395 1200 l-400 -400 403 -403 402 -402 0 353 0 352 1700 0 1700 0 0 100 0 100 -1700 0 -1700 0 -2 350 -3 350 -400 -400z m305 -402 l0 -553 -277 277 -278 278 275 275 c151 151 276 275 277 275 2 0 3 -249 3 -552z"/></g></svg>
  <svg x='484' y='475'><g transform="translate(-0.981442752515,22.333772324) scale(0.0107782670044,-0.0103182059236)"><path class="sym-line" fill="black" d="M1024 1185 c-505 -531 -919 -971 -919 -979 0 -7 31 -46 69 -86 51 -55 72 -71 83 -64 8 5 428 443 933 973 l919 965 -72 75 c-39 42 -76 77 -82 79 -6 1 -425 -432 -931 -963z"/></g></svg>
  <svg x='472' y='457'><g transform="translate(0.149852532516,22.7560476437) scale(0.00989018587419,-0.00991168243272)"><path class="sym-fill" fill="white" d="M695 1590 l-410 -410 103 -102 102 -103 410 410 410 410 -103 103 -102 102 -410 -410z"/><path class="sym-line" fill="black" d="M0 1867 l0 -412 140 -140 140 -140 415 415 415 415 -137 137 -138 138 -417 0 -418 0 0 -413z M902 1377 l-412 -412 483 -483 482 -482 415 415 415 415 -480 480 c-264 264 -482 480 -485 480 -3 0 -191 -186 -418 -413z"/></g></svg>
  <svg x='494' y='501'><g transform="translate(0.149797517876,15.6976811299) scale(0.00989293660622,-0.00968799012796)"><path class="sym-line" fill="black" d="M3400 1252 l0 -352 -1700 0 -1700 0 0 -100 0 -100 1700 0 1700 0 0 -352 0 -353 402 403 403 402 -403 402 -402 403 0 -353z"/></g></svg>
  <svg x='464' y='505'><g transform="translate(0.201122449172,15.7010613696) scale(0.00989293660622,-0.00972038991848)"><path class="sym-fill" fill="white" d="M420 1075 l-275 -275 278 -278 277 -277 0 553 c0 303 -1 552 -3 552 -1 0 -126 -124 -277 -275z"/><path class="sym-line" fill="black" d="M395 1200 l-400 -400 403 -403 402 -402 0 353 0 352 1700 0 1700 0 0 100 0 100 -1700 0 -1700 0 -2 350 -3 350 -400 -400z m305 -402 l0 -553 -277 277 -278 278 275 275 c151 151 276 275 277 275 2 0 3 -249 3 -552z"/></g></svg>
  <svg x='493' y='525'><g transform="translate(0.149797517876,15.6976811299) scale(0.00989293660622,-0.00968799012796)"><path class="sym-line" fill="black" d="M3400 1252 l0 -352 -1700 0 -1700 0 0 -100 0 -100 1700 0 1700 0 0 -352 0 -353 402 403 403 402 -403 402 -402 403 0 -353z"/></g></svg>
  <svg x='490' y='475'><g transform="translate(-0.661073667604,22.5761143013) scale(0.0105463059735,-0.0105677089589)"><path class="sym-line" fill="black" d="M251 1948 l-174 -170 851 -851 852 -852 172 173 173 172 -850 849 -850 850 -174 -171z"/></g></svg>
</svg>