<svg version='1.1' xmlns='http://www.w3.org/2000/svg' width='57' height='110' viewBox='472 445 57 110'>
  <text font-size='0'>AS15d41S15d28S22a03S20700S15a40S15a48S22a04S22a14S2fb04M529x555S15a40505x503S15a48473x503S22a04505x536S22a14472x536S2fb04487x549S20700511x466S22a03515x445S15d28477x459S15d41485x447</text>
  <svg x='505' y='503'><g transform="translate(0.0,27.0) scale(0.01,-0.01)"><path class="sym-fill" fill="white" d="M398 2213 l-198 -198 0 -158 0 -157 -100 0 -100 0 0 -150 0 -150 100 0 100 0 0 -600 0 -600 200 0 200 0 0 600 0 600 300 0 300 0 0 150 0 150 -300 0 -300 0 -2 355 -3 355 -197 -197z"/><path class="sym-line" fill="black" d="M297 2402 l-297 -297 0 -203 0 -202 100 0 100 0 0 163 0 162 200 200 200 200 0 -363 0 -362 300 0 300 0 0 203 0 202 -298 298 c-163 163 -299 297 -302 297 -3 0 -139 -134 -303 -298z M0 700 l0 -700 600 0 600 0 0 700 0 700 -300 0 -300 0 0 -600 0 -600 -200 0 -200 0 0 600 0 600 -100 0 -100 0 0 -700z"/></g></svg>
  <svg x='473' y='503'><g transform="translate(0.0,27.0) scale(0.01,-0.01)"><path class="sym-fill" fill="white" d="M600 2057 l0 -357 -300 0 -300 0 0 -150 0 -150 300 0 300 0 0 -600 0 -600 200 0 200 0 0 600 0 600 100 0 100 0 0 150 0 150 -100 0 -100 0 0 158 0 157 -200 200 -200 200 0 -358z"/><path class="sym-line" fill="black" d="M297 2402 l-297 -297 0 -203 0 -202 300 0 300 0 0 362 0 363 200 -200 200 -200 0 -162 0 -163 100 0 100 0 0 203 0 202 -298 298 c-163 163 -299 297 -302 297 -3 0 -139 -134 -303 -298z M0 700 l0 -700 600 0 600 0 0 700 0 700 -100 0 -100 0 0 -600 0 -600 -200 0 -200 0 0 600 0 600 -300 0 -300 0 0 -700z"/></g></svg>
  <svg x='505' y='536'><g transform="translate(0.043463926586,14.7505211307) scale(0.00985915292844,-0.00973472242044)"><path class="sym-fill" fill="white" d="M510 1100 l0 -400 140 0 140 0 0 400 0 400 -140 0 -140 0 0 -400z"/><path class="sym-line" fill="black" d="M330 1100 l0 -400 -159 -2 -160 -3 315 -347 c174 -192 319 -348 324 -348 5 0 150 156 324 348 l315 347 -160 3 -159 2 0 400 0 400 -90 0 -90 0 0 -400 0 -400 -140 0 -140 0 0 400 0 400 -90 0 -90 0 0 -400z"/></g></svg>
  <svg x='472' y='536'><g transform="translate(0.043463926586,14.7505211307) scale(0.00985915292844,-0.00973472242044)"><path class="sym-fill" fill="white" d="M510 1100 l0 -400 140 0 140 0 0 400 0 400 -140 0 -140 0 0 -400z M277 557 c144 -163 368 -407 373 -407 5 0 229 244 373 407 l39 43 -412 0 -412 0 39 -43z"/><path class="sym-line" fill="black" d="M330 1100 l0 -400 -159 -2 -160 -3 315 -347 c174 -192 319 -348 324 -348 5 0 150 156 324 348 l315 347 -160 3 -159 2 0 400 0 400 -90 0 -90 0 0 -400 0 -400 -140 0 -140 0 0 400 0 400 -90 0 -90 0 0 -400z m714 -522 c-82 -96 -388 -428 -394 -428 -6 0 -312 332 -394 428 l-19 22 413 0 413 0 -19 -22z"/></g></svg>
  <svg x='487' y='549'><g transform="translate(0.178125321737,5.7484375) scale(0.00969593203301,-0.00933333333333)"><path class="sym-line" fill="black" d="M4 569 c22 -111 99 -242 206 -349 151 -151 320 -220 540 -220 220 0 389 69 540 220 107 107 184 238 206 349 l7 31 -61 0 -61 0 -42 -82 c-54 -104 -163 -218 -264 -274 -154 -85 -340 -108 -501 -61 -176 51 -331 177 -413 335 l-42 82 -61 0 -61 0 7 -31z"/></g></svg>
  <svg x='511' y='466'><g transform="translate(-0.0515625354691,14.7505211307) scale(0.0100004540047,-0.00973472242044)"><path class="sym-line" fill="black" d="M20 750 l0 -750 75 0 75 0 0 750 0 750 -75 0 -75 0 0 -750z M1630 750 l0 -750 75 0 75 0 0 750 0 750 -75 0 -75 0 0 -750z M820 1100 c0 -110 -2 -200 -5 -200 -3 0 -76 43 -162 96 -87 53 -161 98 -164 100 -4 2 -23 -28 -44 -67 -30 -57 -35 -73 -24 -80 8 -5 83 -51 166 -101 84 -51 153 -95 153 -98 0 -3 -69 -47 -153 -98 -83 -50 -158 -96 -166 -101 -11 -7 -6 -23 24 -80 21 -39 40 -69 44 -67 3 2 77 47 164 100 86 53 159 96 162 96 3 0 5 -90 5 -200 l0 -200 80 0 80 0 0 200 c0 110 2 200 5 200 3 0 76 -43 162 -96 87 -53 161 -98 164 -100 3 -1 23 29 43 68 31 57 36 72 25 79 -8 5 -83 51 -166 102 -84 50 -153 94 -153 97 0 3 69 47 153 97 83 51 158 97 166 102 11 7 6 22 -25 79 -20 39 -40 69 -43 68 -3 -2 -77 -47 -164 -100 -86 -53 -159 -96 -162 -96 -3 0 -5 90 -5 200 l0 200 -80 0 -80 0 0 -200z"/></g></svg>
  <svg x='515' y='445'><g transform="translate(0.150473191431,14.0633483059) scale(0.00985915292844,-0.0100666588668)"><path class="sym-fill" fill="white" d="M665 944 c-148 -157 -270 -291 -270 -298 0 -8 44 -59 97 -114 l98 -101 276 290 276 289 -21 27 c-11 16 -57 65 -103 110 l-83 82 -270 -285z"/><path class="sym-line" fill="black" d="M520 1091 l-275 -291 -122 128 -122 127 -1 -512 0 -513 486 0 c462 0 486 1 473 18 -7 9 -60 65 -117 124 -71 73 -101 111 -96 120 4 7 125 136 269 286 143 150 261 278 263 285 1 7 -28 43 -66 80 l-68 68 -273 -288 c-150 -159 -276 -289 -280 -291 -4 -1 -53 47 -109 107 l-101 109 274 288 c151 159 275 293 275 298 0 4 -30 40 -67 78 l-68 69 -275 -290z"/></g></svg>
  <svg x='477' y='459'><g transform="translate(0.151880478427,26.7522648112) scale(0.00978878857863,-0.00985915829359)"><path class="sym-line" fill="black" d="M313 2405 l-313 -296 0 -1055 0 -1054 635 0 635 0 0 148 0 147 315 298 c173 164 315 301 315 305 0 4 -33 40 -73 80 l-73 73 -240 -227 -239 -226 -3 754 -2 755 -311 294 c-171 162 -316 295 -322 297 -7 1 -153 -131 -324 -293z"/></g></svg>
  <svg x='485' y='447'><g transform="translate(-0.0476493766782,22.899520137) scale(0.00991202148038,-0.00989177505957)"><path class="sym-fill" fill="white" d="M220 1820 l0 -275 107 -107 108 -108 -68 -68 -67 -67 103 -103 102 -102 68 67 67 68 413 -413 412 -412 138 137 137 138 -412 412 -413 413 205 205 205 205 -103 102 -102 103 -205 -205 -205 -205 -245 245 -245 245 0 -275z"/><path class="sym-line" fill="black" d="M20 1882 l0 -417 138 -138 137 -137 70 70 70 70 -113 113 -112 112 0 268 c0 147 3 267 7 267 5 0 117 -109 250 -242 l243 -243 207 208 208 207 -140 140 -140 140 -412 0 -413 0 0 -418z M1890 1568 l0 -313 -278 278 -277 277 -208 -207 -207 -208 412 -412 413 -413 -138 -137 -137 -138 -413 413 -412 412 -70 -70 -70 -70 483 -483 482 -482 415 415 415 415 -105 105 -105 105 0 413 0 412 -100 0 -100 0 0 -312z"/></g></svg>
</svg>