<svg version='1.1' xmlns='http://www.w3.org/2000/svg' width='93' height='115' viewBox='455 458 93 115'>
  <text font-size='0'>AS15a11S15a19S22b05S22b13S15a40S15a48S22b04S22b04S2ff00M548x573S15a11500x458S15a19478x458S2ff00482x482S22b05519x476S22b13457x477S15a40534x506S15a48458x509S22b04532x538S22b04455x543</text>
  <svg x='500' y='458'><g transform="translate(-0.0476493766782,22.899520137) scale(0.00991202148038,-0.00989177505957)"><path class="sym-fill" fill="white" d="M220 1820 l0 -275 623 -623 622 -622 138 138 137 137 -760 760 -760 760 0 -275z"/><path class="sym-line" fill="black" d="M20 1882 l0 -417 725 -725 725 -725 415 415 415 415 -727 727 -728 728 -412 0 -413 0 0 -418z m965 -552 l760 -760 -138 -137 -137 -138 -630 630 -630 630 0 267 c0 148 3 268 8 268 4 0 349 -342 767 -760z"/></g></svg>
  <svg x='478' y='458'><g transform="translate(0.149415820392,22.899520137) scale(0.00991202148038,-0.00989177505957)"><path class="sym-fill" fill="white" d="M1317 1332 l-757 -757 138 -138 137 -137 623 623 622 622 -2 273 -3 272 -758 -758z"/><path class="sym-line" fill="black" d="M727 1572 l-727 -727 415 -415 415 -415 725 725 725 725 0 417 0 418 -413 0 -412 0 -728 -728z m1363 250 l0 -267 -630 -630 -630 -630 -137 138 -138 137 760 760 c418 418 763 760 767 760 5 0 8 -120 8 -268z"/></g></svg>
  <svg x='482' y='482'><g transform="translate(0.149874875465,34.7500790925) scale(0.00988906872676,-0.00988956850125)"><path class="sym-line" fill="black" d="M1528 3484 c-592 -92 -1088 -447 -1348 -963 -125 -249 -180 -485 -180 -771 0 -480 183 -911 529 -1242 350 -336 780 -508 1271 -508 451 0 864 150 1193 434 326 281 517 620 591 1051 21 121 21 409 0 530 -43 252 -114 444 -237 639 -282 453 -741 750 -1284 831 -127 19 -413 18 -535 -1z m607 -173 c583 -126 1038 -523 1224 -1069 59 -173 75 -277 75 -492 0 -165 -3 -211 -22 -300 -71 -327 -228 -611 -458 -829 -186 -177 -381 -295 -614 -374 -176 -60 -282 -78 -490 -84 -247 -7 -416 19 -628 97 -549 201 -944 674 -1043 1250 -17 97 -17 383 0 480 99 576 495 1050 1043 1250 105 38 177 58 303 81 143 26 467 21 610 -10z"/></g></svg>
  <svg x='519' y='476'><g transform="translate(-0.0593241440395,23.7554522998) scale(0.0100464968782,-0.00992321901409)"><path class="sym-fill" fill="white" d="M300 2095 l-134 -135 34 -37 c19 -20 360 -367 758 -769 l723 -732 132 135 c73 74 132 139 132 143 0 9 -1496 1530 -1505 1530 -3 0 -66 -61 -140 -135z"/><path class="sym-line" fill="black" d="M505 2309 l-67 -72 284 -286 c660 -664 1228 -1244 1228 -1255 0 -6 -60 -72 -134 -145 l-134 -134 -468 474 c-257 261 -600 607 -761 769 l-293 295 -69 -70 -70 -70 347 -352 c191 -194 531 -540 756 -768 l410 -416 -140 -140 -139 -139 558 0 557 0 0 562 0 563 -138 -138 -139 -138 -753 763 c-415 420 -757 764 -761 766 -3 1 -36 -30 -74 -69z"/></g></svg>
  <svg x='457' y='477'><g transform="translate(0.148922017325,24.0580861241) scale(0.00993671163373,-0.0100433737655)"><path class="sym-fill" fill="white" d="M1183 1473 l-764 -756 23 -22 c13 -12 76 -72 140 -135 l118 -113 485 479 c267 263 613 604 768 756 l282 276 -135 136 c-74 75 -139 136 -143 136 -5 0 -353 -341 -774 -757z M100 511 l0 -381 387 0 388 0 -140 141 c-77 77 -251 249 -387 381 l-248 240 0 -381z"/><path class="sym-line" fill="black" d="M1250 1824 c-311 -306 -656 -647 -767 -758 l-203 -201 -140 140 -140 140 0 -558 0 -557 562 0 563 0 -138 138 -138 138 763 755 c420 415 763 758 763 763 0 4 -31 37 -70 71 l-70 63 -770 -759 -769 -760 -140 140 -140 140 495 487 c272 268 618 611 769 761 l275 273 -70 70 -70 70 -565 -556z m-755 -1314 l380 -380 -388 0 -387 0 0 380 c0 209 3 380 8 380 4 0 178 -171 387 -380z"/></g></svg>
  <svg x='534' y='506'><g transform="translate(0.0,27.0) scale(0.01,-0.01)"><path class="sym-fill" fill="white" d="M398 2213 l-198 -198 0 -158 0 -157 -100 0 -100 0 0 -150 0 -150 100 0 100 0 0 -600 0 -600 200 0 200 0 0 600 0 600 300 0 300 0 0 150 0 150 -300 0 -300 0 -2 355 -3 355 -197 -197z"/><path class="sym-line" fill="black" d="M297 2402 l-297 -297 0 -203 0 -202 100 0 100 0 0 163 0 162 200 200 200 200 0 -363 0 -362 300 0 300 0 0 203 0 202 -298 298 c-163 163 -299 297 -302 297 -3 0 -139 -134 -303 -298z M0 700 l0 -700 600 0 600 0 0 700 0 700 -300 0 -300 0 0 -600 0 -600 -200 0 -200 0 0 600 0 600 -100 0 -100 0 0 -700z"/></g></svg>
  <svg x='458' y='509'><g transform="translate(0.0,27.0) scale(0.01,-0.01)"><path class="sym-fill" fill="white" d="M600 2057 l0 -357 -300 0 -300 0 0 -150 0 -150 300 0 300 0 0 -600 0 -600 200 0 200 0 0 600 0 600 100 0 100 0 0 150 0 150 -100 0 -100 0 0 158 0 157 -200 200 -200 200 0 -358z"/><path class="sym-line" fill="black" d="M297 2402 l-297 -297 0 -203 0 -202 300 0 300 0 0 362 0 363 200 -200 200 -200 0 -162 0 -163 100 0 100 0 0 203 0 202 -298 298 c-163 163 -299 297 -302 297 -3 0 -139 -134 -303 -298z M0 700 l0 -700 600 0 600 0 0 700 0 700 -100 0 -100 0 0 -600 0 -600 -200 0 -200 0 0 600 0 600 -300 0 -300 0 0 -700z"/></g></svg>
  <svg x='532' y='538'><g transform="translate(0.198426155669,29.702611239) scale(0.00968892587986,-0.00985139124633)"><path class="sym-fill" fill="white" d="M600 1900 l0 -1100 200 0 200 0 0 1100 0 1100 -200 0 -200 0 0 -1100z"/><path class="sym-line" fill="black" d="M400 1900 l0 -1100 -202 0 -203 0 403 -402 402 -403 402 403 403 402 -203 0 -202 0 0 1100 0 1100 -100 0 -100 0 0 -1100 0 -1100 -200 0 -200 0 0 1100 0 1100 -100 0 -100 0 0 -1100z"/></g></svg>
  <svg x='455' y='543'><g transform="translate(0.198426155669,29.702611239) scale(0.00968892587986,-0.00985139124633)"><path class="sym-fill" fill="white" d="M600 1900 l0 -1100 200 0 200 0 0 1100 0 1100 -200 0 -200 0 0 -1100z"/><path class="sym-line" fill="black" d="M400 1900 l0 -1100 -202 0 -203 0 403 -402 402 -403 402 403 403 402 -203 0 -202 0 0 1100 0 1100 -100 0 -100 0 0 -1100 0 -1100 -200 0 -200 0 0 1100 0 1100 -100 0 -100 0 0 -1100z"/></g></svg>
</svg>