<svg version='1.1' xmlns='http://www.w3.org/2000/svg' width='56' height='107' viewBox='472 446 56 107'>
  <text font-size='0'>AS15a50S15a50S23f0dS23f0dS23f15S23f15S2fb00S2fb00M528x553S15a50516x513S15a50472x526S23f0d504x484S23f0d504x451S23f15475x496S23f15475x467S2fb00482x446S2fb00491x446</text>
  <svg x='516' y='513'><g transform="translate(0.0,27.0) scale(0.01,-0.01)"><path class="sym-fill" fill="white" d="M0 1550 l0 -150 600 0 600 0 0 150 0 150 -600 0 -600 0 0 -150z"/><path class="sym-line" fill="black" d="M297 2402 l-297 -297 0 -203 0 -202 600 0 600 0 0 203 0 202 -298 298 c-163 163 -299 297 -302 297 -3 0 -139 -134 -303 -298z M0 700 l0 -700 600 0 600 0 0 700 0 700 -600 0 -600 0 0 -700z"/></g></svg>
  <svg x='472' y='526'><g transform="translate(0.0,27.0) scale(0.01,-0.01)"><path class="sym-fill" fill="white" d="M0 1550 l0 -150 600 0 600 0 0 150 0 150 -600 0 -600 0 0 -150z"/><path class="sym-line" fill="black" d="M297 2402 l-297 -297 0 -203 0 -202 600 0 600 0 0 203 0 202 -298 298 c-163 163 -299 297 -302 297 -3 0 -139 -134 -303 -298z M0 700 l0 -700 600 0 600 0 0 700 0 700 -600 0 -600 0 0 -700z"/></g></svg>
  <svg x='504' y='484'><g transform="translate(-0.152146540677,22.9553772614) scale(0.0100970874367,-0.00999928704989)"><path class="sym-fill" fill="white" d="M1153 1279 c-378 -308 -688 -564 -688 -568 0 -5 50 -48 110 -98 l110 -90 415 338 c228 186 418 339 423 339 4 0 7 -265 7 -590 l0 -590 160 0 160 0 0 910 c0 501 -2 910 -4 910 -3 0 -314 -252 -693 -561z"/><path class="sym-line" fill="black" d="M1186 1564 c-483 -393 -883 -713 -890 -711 -6 3 -64 48 -129 100 -65 53 -122 99 -127 102 -6 4 -10 -160 -10 -439 l0 -446 540 0 c305 0 540 4 540 9 0 5 -15 20 -33 34 -17 13 -76 61 -130 105 l-97 80 222 181 223 182 3 -371 2 -370 110 0 110 0 0 591 0 591 -77 -65 c-75 -61 -727 -592 -748 -608 -11 -8 -230 164 -230 181 0 6 311 264 690 574 l690 562 3 -913 2 -913 110 0 110 0 0 1130 c0 622 -1 1130 -3 1130 -2 0 -398 -322 -881 -716z"/></g></svg>
  <svg x='504' y='451'><g transform="translate(-0.152146540677,22.9553772614) scale(0.0100970874367,-0.00999928704989)"><path class="sym-fill" fill="white" d="M1153 1279 c-378 -308 -688 -564 -688 -568 0 -5 50 -48 110 -98 l110 -90 415 338 c228 186 418 339 423 339 4 0 7 -265 7 -590 l0 -590 160 0 160 0 0 910 c0 501 -2 910 -4 910 -3 0 -314 -252 -693 -561z"/><path class="sym-line" fill="black" d="M1186 1564 c-483 -393 -883 -713 -890 -711 -6 3 -64 48 -129 100 -65 53 -122 99 -127 102 -6 4 -10 -160 -10 -439 l0 -446 540 0 c305 0 540 4 540 9 0 5 -15 20 -33 34 -17 13 -76 61 -130 105 l-97 80 222 181 223 182 3 -371 2 -370 110 0 110 0 0 591 0 591 -77 -65 c-75 -61 -727 -592 -748 -608 -11 -8 -230 164 -230 181 0 6 311 264 690 574 l690 562 3 -913 2 -913 110 0 110 0 0 1130 c0 622 -1 1130 -3 1130 -2 0 -398 -322 -881 -716z"/></g></svg>
  <svg x='475' y='496'><g transform="translate(-0.152146540677,22.9605105354) scale(0.0100970874367,-0.0100317117627)"><path class="sym-fill" fill="white" d="M250 930 l0 -910 160 0 160 0 0 590 c0 325 3 590 8 590 4 0 191 -151 417 -335 226 -185 415 -334 422 -333 17 4 222 172 220 180 -2 7 -1376 1128 -1383 1128 -2 0 -4 -409 -4 -910z M1601 550 l-343 -280 351 0 351 0 0 280 c0 154 -4 280 -8 280 -4 0 -162 -126 -351 -280z"/><path class="sym-line" fill="black" d="M30 1151 l0 -1131 108 0 107 0 -3 907 c-1 499 1 910 5 913 9 8 1388 -1114 1388 -1129 0 -17 -219 -190 -230 -182 -14 11 -412 334 -637 518 l-188 153 0 -590 0 -590 105 0 105 0 2 374 3 375 215 -175 c118 -97 220 -181 227 -187 9 -9 -19 -36 -118 -116 -71 -58 -129 -108 -129 -113 0 -4 243 -8 540 -8 l540 0 0 446 c0 353 -3 444 -12 438 -7 -5 -61 -47 -119 -95 -58 -48 -115 -93 -126 -99 -18 -11 -102 55 -889 695 -478 389 -875 712 -881 718 -10 7 -13 -218 -13 -1122z m1927 -878 c-2 -2 -160 -2 -350 -1 l-347 3 348 283 347 283 3 -282 c1 -155 1 -284 -1 -286z"/></g></svg>
  <svg x='475' y='467'><g transform="translate(-0.152146540677,22.9605105354) scale(0.0100970874367,-0.0100317117627)"><path class="sym-fill" fill="white" d="M250 930 l0 -910 160 0 160 0 0 590 c0 325 3 590 8 590 4 0 191 -151 417 -335 226 -185 415 -334 422 -333 17 4 222 172 220 180 -2 7 -1376 1128 -1383 1128 -2 0 -4 -409 -4 -910z M1601 550 l-343 -280 351 0 351 0 0 280 c0 154 -4 280 -8 280 -4 0 -162 -126 -351 -280z"/><path class="sym-line" fill="black" d="M30 1151 l0 -1131 108 0 107 0 -3 907 c-1 499 1 910 5 913 9 8 1388 -1114 1388 -1129 0 -17 -219 -190 -230 -182 -14 11 -412 334 -637 518 l-188 153 0 -590 0 -590 105 0 105 0 2 374 3 375 215 -175 c118 -97 220 -181 227 -187 9 -9 -19 -36 -118 -116 -71 -58 -129 -108 -129 -113 0 -4 243 -8 540 -8 l540 0 0 446 c0 353 -3 444 -12 438 -7 -5 -61 -47 -119 -95 -58 -48 -115 -93 -126 -99 -18 -11 -102 55 -889 695 -478 389 -875 712 -881 718 -10 7 -13 -218 -13 -1122z m1927 -878 c-2 -2 -160 -2 -350 -1 l-347 3 348 283 347 283 3 -282 c1 -155 1 -284 -1 -286z"/></g></svg>
  <svg x='482' y='446'><g transform="translate(0.169849905175,5.76208528494) scale(0.0097007872376,-0.00950858679199)"><path class="sym-line" fill="black" d="M552 580 c-226 -60 -429 -239 -518 -459 -13 -33 -27 -73 -30 -90 l-6 -31 60 0 61 0 42 83 c54 103 163 217 264 273 205 113 445 113 650 0 101 -56 210 -170 264 -273 l42 -83 61 0 61 0 -7 31 c-22 111 -99 242 -206 349 -99 99 -217 167 -346 200 -105 27 -289 27 -392 0z"/></g></svg>
  <svg x='491' y='446'><g transform="translate(0.169849905175,5.76208528494) scale(0.0097007872376,-0.00950858679199)"><path class="sym-line" fill="black" d="M552 580 c-226 -60 -429 -239 -518 -459 -13 -33 -27 -73 -30 -90 l-6 -31 60 0 61 0 42 83 c54 103 163 217 264 273 205 113 445 113 650 0 101 -56 210 -170 264 -273 l42 -83 61 0 61 0 -7 31 c-22 111 -99 242 -206 349 -99 99 -217 167 -346 200 -105 27 -289 27 -392 0z"/></g></svg>
</svg>