<svg version='1.1' xmlns='http://www.w3.org/2000/svg' width='171' height='64' viewBox='414 468 171 64'>
  <text font-size='0'>AS15a40S15a48S22a04S22a14S26506S18720S17620S11a20S10120S2f900S2fb04M585x532S2fb04432x516S22a14414x506S2f900415x527S22a04454x507S15a40454x475S15a48414x474S18720499x469S17620523x482S11a20548x468S10120569x468S26506477x483</text>
  <svg x='432' y='516'><g transform="translate(0.178125321737,5.7484375) scale(0.00969593203301,-0.00933333333333)"><path class="sym-line" fill="black" d="M4 569 c22 -111 99 -242 206 -349 151 -151 320 -220 540 -220 220 0 389 69 540 220 107 107 184 238 206 349 l7 31 -61 0 -61 0 -42 -82 c-54 -104 -163 -218 -264 -274 -154 -85 -340 -108 -501 -61 -176 51 -331 177 -413 335 l-42 82 -61 0 -61 0 7 -31z"/></g></svg>
  <svg x='414' y='506'><g transform="translate(0.043463926586,14.7505211307) scale(0.00985915292844,-0.00973472242044)"><path class="sym-fill" fill="white" d="M510 1100 l0 -400 140 0 140 0 0 400 0 400 -140 0 -140 0 0 -400z M277 557 c144 -163 368 -407 373 -407 5 0 229 244 373 407 l39 43 -412 0 -412 0 39 -43z"/><path class="sym-line" fill="black" d="M330 1100 l0 -400 -159 -2 -160 -3 315 -347 c174 -192 319 -348 324 -348 5 0 150 156 324 348 l315 347 -160 3 -159 2 0 400 0 400 -90 0 -90 0 0 -400 0 -400 -140 0 -140 0 0 400 0 400 -90 0 -90 0 0 -400z m714 -522 c-82 -96 -388 -428 -394 -428 -6 0 -312 332 -394 428 l-19 22 413 0 413 0 -19 -22z"/></g></svg>
  <svg x='415' y='527'><g transform="translate(0.180786096011,4.75000053092) scale(0.00958087152387,-0.00920312606184)"><path class="sym-line" fill="black" d="M245 488 c-55 -20 -116 -69 -150 -121 -45 -68 -84 -193 -92 -289 l-6 -78 107 0 106 0 0 40 c0 57 36 145 71 175 37 30 91 33 131 7 15 -10 53 -49 85 -87 82 -98 136 -129 231 -134 87 -4 139 9 200 51 86 59 157 215 169 371 l6 77 -107 0 -106 0 0 -40 c0 -57 -36 -145 -71 -175 -37 -30 -91 -33 -131 -7 -15 10 -53 49 -85 87 -32 38 -81 83 -107 100 -44 27 -59 30 -135 32 -47 1 -99 -3 -116 -9z"/></g></svg>
  <svg x='454' y='507'><g transform="translate(0.043463926586,14.7505211307) scale(0.00985915292844,-0.00973472242044)"><path class="sym-fill" fill="white" d="M510 1100 l0 -400 140 0 140 0 0 400 0 400 -140 0 -140 0 0 -400z"/><path class="sym-line" fill="black" d="M330 1100 l0 -400 -159 -2 -160 -3 315 -347 c174 -192 319 -348 324 -348 5 0 150 156 324 348 l315 347 -160 3 -159 2 0 400 0 400 -90 0 -90 0 0 -400 0 -400 -140 0 -140 0 0 400 0 400 -90 0 -90 0 0 -400z"/></g></svg>
  <svg x='454' y='475'><g transform="translate(0.0,27.0) scale(0.01,-0.01)"><path class="sym-fill" fill="white" d="M398 2213 l-198 -198 0 -158 0 -157 -100 0 -100 0 0 -150 0 -150 100 0 100 0 0 -600 0 -600 200 0 200 0 0 600 0 600 300 0 300 0 0 150 0 150 -300 0 -300 0 -2 355 -3 355 -197 -197z"/><path class="sym-line" fill="black" d="M297 2402 l-297 -297 0 -203 0 -202 100 0 100 0 0 163 0 162 200 200 200 200 0 -363 0 -362 300 0 300 0 0 203 0 202 -298 298 c-163 163 -299 297 -302 297 -3 0 -139 -134 -303 -298z M0 700 l0 -700 600 0 600 0 0 700 0 700 -300 0 -300 0 0 -600 0 -600 -200 0 -200 0 0 600 0 600 -100 0 -100 0 0 -700z"/></g></svg>
  <svg x='414' y='474'><g transform="translate(0.0,27.0) scale(0.01,-0.01)"><path class="sym-fill" fill="white" d="M600 2057 l0 -357 -300 0 -300 0 0 -150 0 -150 300 0 300 0 0 -600 0 -600 200 0 200 0 0 600 0 600 100 0 100 0 0 150 0 150 -100 0 -100 0 0 158 0 157 -200 200 -200 200 0 -358z"/><path class="sym-line" fill="black" d="M297 2402 l-297 -297 0 -203 0 -202 300 0 300 0 0 362 0 363 200 -200 200 -200 0 -162 0 -163 100 0 100 0 0 203 0 202 -298 298 c-163 163 -299 297 -302 297 -3 0 -139 -134 -303 -298z M0 700 l0 -700 600 0 600 0 0 700 0 700 -100 0 -100 0 0 -600 0 -600 -200 0 -200 0 0 600 0 600 -300 0 -300 0 0 -700z"/></g></svg>
  <svg x='499' y='469'><g transform="translate(0.148162968301,28.8094652733) scale(0.00977935158494,-0.00988311302526)"><path class="sym-line" fill="black" d="M798 2278 l-3 -623 -326 318 -327 317 -71 -66 c-39 -36 -71 -71 -71 -78 0 -6 144 -151 320 -320 177 -170 317 -312 313 -316 -4 -4 -23 -12 -42 -19 -151 -50 -322 -203 -405 -360 -68 -130 -81 -188 -81 -361 0 -148 1 -159 31 -243 44 -123 86 -188 184 -288 97 -99 201 -165 325 -206 75 -25 92 -27 255 -27 163 0 180 2 255 27 124 41 228 107 325 206 98 100 140 165 184 288 30 84 31 95 31 243 0 173 -13 231 -81 361 -83 157 -254 310 -405 360 -19 7 -38 15 -42 19 -4 4 136 146 313 316 176 169 320 314 320 320 0 7 -32 42 -71 78 l-71 66 -327 -317 -326 -318 -3 623 -2 622 -100 0 -100 0 -2 -622z"/></g></svg>
  <svg x='523' y='482'><g transform="translate(0.0996925829584,15.7992338797) scale(0.00981117768656,-0.00980419842474)"><path class="sym-line" fill="black" d="M670 1594 c-235 -45 -460 -214 -578 -434 -73 -135 -87 -195 -87 -360 0 -125 3 -155 23 -215 88 -265 292 -469 557 -557 60 -20 90 -23 215 -23 125 0 155 3 215 23 265 88 469 292 557 557 20 60 23 90 23 215 0 125 -3 155 -23 215 -71 214 -218 389 -413 494 -125 67 -187 83 -334 86 -71 2 -141 1 -155 -1z"/></g></svg>
  <svg x='548' y='468'><g transform="translate(0.0,30.0) scale(0.01,-0.01)"><path class="sym-line" fill="black" d="M600 2552 l0 -447 -300 -300 -300 -300 0 -752 0 -753 750 0 750 0 0 750 0 750 -350 0 -350 0 0 253 0 252 255 255 c140 140 255 257 255 260 0 3 -34 36 -76 74 l-76 69 -179 -179 -179 -179 0 348 0 347 -100 0 -100 0 0 -448z m0 -902 l0 -150 -152 0 -153 0 150 150 c82 83 151 150 152 150 2 0 3 -67 3 -150z"/></g></svg>
  <svg x='569' y='468'><g transform="translate(0.148094496523,29.7975477761) scale(0.00978277517384,-0.00988303675869)"><path class="sym-line" fill="black" d="M2 1823 l3 -1178 23 -65 c96 -268 295 -465 557 -552 60 -20 90 -23 215 -23 125 0 155 3 215 23 265 88 469 292 557 557 20 60 23 90 23 215 0 125 -3 155 -23 215 -88 265 -292 469 -557 557 -60 20 -90 23 -215 23 -125 0 -155 -3 -215 -23 -126 -42 -246 -114 -347 -211 l-38 -35 0 837 0 837 -100 0 -100 0 2 -1177z"/></g></svg>
  <svg x='477' y='483'><g transform="translate(0.149734255248,13.6974450331) scale(0.0097007872376,-0.00964308576999)"><path class="sym-line" fill="black" d="M800 1102 l0 -302 -400 0 -400 0 0 -100 0 -100 400 0 400 0 0 -302 0 -303 352 353 353 352 -353 352 -352 353 0 -303z"/></g></svg>
</svg>