<svg version='1.1' xmlns='http://www.w3.org/2000/svg' width='53' height='122' viewBox='482 473 53 122'>
  <text font-size='0'>AS15a11S15a56S20500S2390cS22a10S15a52S15a56S20500S31400M535x595S31400482x482S15a11512x489S15a56488x583S20500514x473S22a10496x565S2390c505x511S15a56489x548S15a52500x540S20500491x534</text>
  <svg x='482' y='482'><g transform="translate(0.149874875465,34.7500790925) scale(0.00988906872676,-0.00988956850125)"><path class="sym-line" fill="black" d="M1528 3484 c-592 -92 -1088 -447 -1348 -963 -125 -249 -180 -485 -180 -771 0 -480 183 -911 529 -1242 350 -336 780 -508 1271 -508 451 0 864 150 1193 434 326 281 517 620 591 1051 21 121 21 409 0 530 -43 252 -114 444 -237 639 -282 453 -741 750 -1284 831 -127 19 -413 18 -535 -1z m607 -173 c583 -126 1038 -523 1224 -1069 59 -173 75 -277 75 -492 0 -165 -3 -211 -22 -300 -71 -327 -228 -611 -458 -829 -186 -177 -381 -295 -614 -374 -176 -60 -282 -78 -490 -84 -247 -7 -416 19 -628 97 -549 201 -944 674 -1043 1250 -17 97 -17 383 0 480 99 576 495 1050 1043 1250 105 38 177 58 303 81 143 26 467 21 610 -10z M1030 2481 c-81 -26 -130 -54 -188 -106 -61 -55 -113 -152 -120 -225 l-5 -50 56 0 c54 0 55 0 61 34 15 78 98 153 211 189 84 26 239 21 310 -11 104 -47 161 -106 179 -184 6 -26 10 -28 61 -28 51 0 55 2 55 24 0 47 -40 152 -77 200 -50 65 -147 130 -232 156 -88 26 -232 27 -311 1z M2247 2475 c-159 -55 -271 -180 -292 -328 l-7 -48 58 3 c57 3 58 4 65 35 13 67 66 121 159 167 62 30 70 31 190 31 113 -1 130 -3 181 -26 94 -44 169 -128 169 -189 0 -18 6 -20 58 -20 l59 0 -8 53 c-20 151 -153 288 -324 333 -82 22 -228 17 -308 -11z"/></g></svg>
  <svg x='512' y='489'><g transform="translate(-0.0476493766782,22.899520137) scale(0.00991202148038,-0.00989177505957)"><path class="sym-fill" fill="white" d="M220 1820 l0 -275 623 -623 622 -622 138 138 137 137 -760 760 -760 760 0 -275z"/><path class="sym-line" fill="black" d="M20 1882 l0 -417 725 -725 725 -725 415 415 415 415 -727 727 -728 728 -412 0 -413 0 0 -418z m965 -552 l760 -760 -138 -137 -137 -138 -630 630 -630 630 0 267 c0 148 3 268 8 268 4 0 349 -342 767 -760z"/></g></svg>
  <svg x='488' y='583'><g transform="translate(0.150976194493,11.7516936221) scale(0.00983400277537,-0.00966938010173)"><path class="sym-fill" fill="white" d="M1400 600 l0 -600 150 0 150 0 0 600 0 600 -150 0 -150 0 0 -600z"/><path class="sym-line" fill="black" d="M0 600 l0 -600 700 0 700 0 0 600 0 600 -700 0 -700 0 0 -600z M1700 600 l0 -600 203 0 202 0 300 300 300 300 -300 300 -300 300 -202 0 -203 0 0 -600z"/></g></svg>
  <svg x='514' y='473'><g transform="translate(-0.221878406359,10.7500002304) scale(0.0103429235226,-0.00963778430032)"><path class="sym-line" fill="black" d="M430 895 l0 -205 -37 23 c-21 13 -95 61 -165 105 l-128 82 -36 -71 c-19 -40 -32 -75 -27 -79 4 -3 74 -48 156 -99 81 -51 147 -97 147 -101 0 -4 -66 -50 -147 -101 -82 -51 -152 -96 -156 -99 -5 -4 8 -39 27 -79 l36 -71 128 82 c70 44 144 92 165 105 l37 23 0 -205 0 -205 70 0 70 0 0 205 0 205 38 -23 c20 -13 94 -61 164 -105 l128 -82 36 71 c19 40 32 75 27 79 -4 3 -74 48 -155 99 -82 51 -148 97 -148 101 0 4 66 50 148 101 81 51 151 96 155 99 5 4 -8 39 -27 79 l-36 71 -128 -82 c-70 -44 -144 -92 -164 -105 l-38 -23 0 205 0 205 -70 0 -70 0 0 -205z"/></g></svg>
  <svg x='496' y='565'><g transform="translate(0.043463926586,14.7505211307) scale(0.00985915292844,-0.00973472242044)"><path class="sym-fill" fill="white" d="M443 1128 l-201 -223 204 -3 c112 -1 296 -1 408 0 l204 3 -198 220 c-110 121 -203 221 -208 223 -4 1 -99 -98 -209 -220z M510 400 l0 -400 140 0 140 0 0 400 0 400 -140 0 -140 0 0 -400z"/><path class="sym-line" fill="black" d="M326 1153 l-315 -348 160 -3 159 -2 0 -400 0 -400 90 0 90 0 0 400 0 400 140 0 140 0 0 -400 0 -400 90 0 90 0 0 400 0 400 159 2 160 3 -315 348 c-174 191 -319 347 -324 347 -5 0 -150 -156 -324 -347z m534 -25 l202 -223 -206 -3 c-113 -1 -299 -1 -412 0 l-206 3 202 223 c111 122 205 222 210 222 5 0 99 -100 210 -222z"/></g></svg>
  <svg x='505' y='511'><g transform="translate(0.20018202228,29.702611239) scale(0.00977467325486,-0.00985139124633)"><path class="sym-fill" fill="white" d="M1087 2372 l-487 -487 0 -543 0 -542 200 0 200 0 0 457 0 458 432 432 433 433 -140 140 c-77 77 -142 140 -145 140 -3 0 -224 -219 -493 -488z"/><path class="sym-line" fill="black" d="M912 2487 l-512 -512 0 -588 0 -587 -202 0 -203 0 403 -402 402 -403 402 403 403 402 -203 0 -202 0 0 413 0 412 400 400 c220 220 400 404 400 410 0 5 -30 40 -67 77 l-68 68 -432 -432 -433 -433 0 -457 0 -458 -200 0 -200 0 0 543 0 542 490 490 490 490 -67 67 c-37 38 -72 68 -78 68 -5 0 -241 -231 -523 -513z"/></g></svg>
  <svg x='489' y='548'><g transform="translate(0.150976194493,11.7516936221) scale(0.00983400277537,-0.00966938010173)"><path class="sym-fill" fill="white" d="M1400 600 l0 -600 150 0 150 0 0 600 0 600 -150 0 -150 0 0 -600z"/><path class="sym-line" fill="black" d="M0 600 l0 -600 700 0 700 0 0 600 0 600 -700 0 -700 0 0 -600z M1700 600 l0 -600 203 0 202 0 300 300 300 300 -300 300 -300 300 -202 0 -203 0 0 -600z"/></g></svg>
  <svg x='500' y='540'><g transform="translate(0.198694149149,11.7516936221) scale(0.00983400277537,-0.00966938010173)"><path class="sym-fill" fill="white" d="M1000 600 l0 -600 150 0 150 0 0 600 0 600 -150 0 -150 0 0 -600z"/><path class="sym-line" fill="black" d="M295 900 l-300 -300 300 -300 300 -300 202 0 203 0 0 600 0 600 -203 0 -202 0 -300 -300z M1300 600 l0 -600 700 0 700 0 0 600 0 600 -700 0 -700 0 0 -600z"/></g></svg>
  <svg x='491' y='534'><g transform="translate(-0.221878406359,10.7500002304) scale(0.0103429235226,-0.00963778430032)"><path class="sym-line" fill="black" d="M430 895 l0 -205 -37 23 c-21 13 -95 61 -165 105 l-128 82 -36 -71 c-19 -40 -32 -75 -27 -79 4 -3 74 -48 156 -99 81 -51 147 -97 147 -101 0 -4 -66 -50 -147 -101 -82 -51 -152 -96 -156 -99 -5 -4 8 -39 27 -79 l36 -71 128 82 c70 44 144 92 165 105 l37 23 0 -205 0 -205 70 0 70 0 0 205 0 205 38 -23 c20 -13 94 -61 164 -105 l128 -82 36 71 c19 40 32 75 27 79 -4 3 -74 48 -155 99 -82 51 -148 97 -148 101 0 4 66 50 148 101 81 51 151 96 155 99 5 4 -8 39 -27 79 l-36 71 -128 -82 c-70 -44 -144 -92 -164 -105 l-38 -23 0 205 0 205 -70 0 -70 0 0 -205z"/></g></svg>
</svg>