<svg version='1.1' xmlns='http://www.w3.org/2000/svg' width='58' height='100' viewBox='471 450 58 100'>
  <text font-size='0'>AS15d40S15d48S2f900S2f900S15d02S15d0aS2f900S2f900M529x550S15d40510x461S15d48471x461S2f900478x451S2f900511x450S15d02499x504S15d0a478x531S2f900500x504S2f900494x530</text>
  <svg x='510' y='461'><g transform="translate(0.151880478427,26.7522648112) scale(0.00978878857863,-0.00985915829359)"><path class="sym-fill" fill="white" d="M418 2212 l-208 -196 0 -158 0 -158 -105 0 -105 0 0 -150 0 -150 105 0 105 0 0 -600 0 -600 210 0 210 0 0 600 0 600 320 0 320 0 0 150 0 150 -320 0 -320 0 -2 354 -3 354 -207 -196z"/><path class="sym-line" fill="black" d="M313 2405 l-313 -296 0 -205 0 -204 105 0 105 0 0 159 0 160 206 195 c113 108 210 196 215 196 5 0 9 -147 9 -355 l0 -355 315 0 315 0 0 203 0 204 -311 294 c-171 162 -316 295 -322 297 -7 1 -153 -131 -324 -293z M0 700 l0 -700 635 0 635 0 0 148 0 147 315 298 c173 164 315 301 315 305 0 4 -33 40 -73 80 l-73 73 -240 -227 -239 -226 -3 401 -2 401 -315 0 -315 0 0 -600 0 -600 -215 0 -215 0 0 600 0 600 -105 0 -105 0 0 -700z"/></g></svg>
  <svg x='471' y='461'><g transform="translate(0.0,27.0) scale(0.01,-0.01)"><path class="sym-fill" fill="white" d="M1270 2057 l0 -357 -320 0 -320 0 0 -150 0 -150 320 0 320 0 0 -600 0 -600 210 0 210 0 0 600 0 600 105 0 105 0 0 150 0 150 -105 0 -105 0 0 158 0 158 -152 145 c-84 79 -179 168 -210 198 l-58 54 0 -356z"/><path class="sym-line" fill="black" d="M943 2402 l-313 -296 0 -203 0 -203 320 0 320 0 2 357 3 358 207 -195 206 -195 1 -162 1 -163 105 0 105 0 0 204 0 205 -312 295 c-171 163 -316 296 -322 296 -6 -1 -152 -134 -323 -298z M628 1000 l-3 -401 -239 226 -240 226 -73 -73 c-40 -40 -73 -76 -73 -80 0 -4 142 -141 315 -305 l315 -298 0 -147 0 -148 635 0 635 0 0 700 0 700 -105 0 -105 0 0 -600 0 -600 -210 0 -210 0 0 600 0 600 -320 0 -320 0 -2 -400z"/></g></svg>
  <svg x='478' y='451'><g transform="translate(0.180786096011,4.75000053092) scale(0.00958087152387,-0.00920312606184)"><path class="sym-line" fill="black" d="M245 488 c-55 -20 -116 -69 -150 -121 -45 -68 -84 -193 -92 -289 l-6 -78 107 0 106 0 0 40 c0 57 36 145 71 175 37 30 91 33 131 7 15 -10 53 -49 85 -87 82 -98 136 -129 231 -134 87 -4 139 9 200 51 86 59 157 215 169 371 l6 77 -107 0 -106 0 0 -40 c0 -57 -36 -145 -71 -175 -37 -30 -91 -33 -131 -7 -15 10 -53 49 -85 87 -32 38 -81 83 -107 100 -44 27 -59 30 -135 32 -47 1 -99 -3 -116 -9z"/></g></svg>
  <svg x='511' y='450'><g transform="translate(0.180786096011,4.75000053092) scale(0.00958087152387,-0.00920312606184)"><path class="sym-line" fill="black" d="M245 488 c-55 -20 -116 -69 -150 -121 -45 -68 -84 -193 -92 -289 l-6 -78 107 0 106 0 0 40 c0 57 36 145 71 175 37 30 91 33 131 7 15 -10 53 -49 85 -87 82 -98 136 -129 231 -134 87 -4 139 9 200 51 86 59 157 215 169 371 l6 77 -107 0 -106 0 0 -40 c0 -57 -36 -145 -71 -175 -37 -30 -91 -33 -131 -7 -15 10 -53 49 -85 87 -32 38 -81 83 -107 100 -44 27 -59 30 -135 32 -47 1 -99 -3 -116 -9z"/></g></svg>
  <svg x='499' y='504'><g transform="translate(0.130661630485,18.7501235081) scale(0.00985944212031,-0.00979036105688)"><path class="sym-fill" fill="white" d="M482 844 c-107 -112 -192 -208 -190 -213 2 -6 90 -102 197 -215 l194 -206 908 0 909 0 0 420 0 420 -912 -1 -913 0 -193 -205z"/><path class="sym-line" fill="black" d="M1722 1827 l-73 -73 226 -240 226 -239 -754 -3 -753 -2 -295 -311 c-161 -171 -295 -317 -297 -323 -1 -7 130 -152 293 -324 l296 -312 1055 0 1054 0 0 635 0 635 -148 0 -147 0 -298 315 c-164 173 -301 315 -305 315 -4 0 -40 -33 -80 -73z m778 -1192 l0 -425 -912 1 -913 1 -195 207 c-107 114 -195 210 -195 213 0 3 89 101 199 217 l199 211 908 0 909 0 0 -425z"/></g></svg>
  <svg x='478' y='531'><g transform="translate(0.150467407594,18.7501235081) scale(0.00985944212031,-0.00979036105688)"><path class="sym-fill" fill="white" d="M200 630 l0 -420 909 0 908 0 194 206 c107 113 195 209 197 215 2 5 -83 101 -190 213 l-193 205 -912 0 -913 1 0 -420z"/><path class="sym-line" fill="black" d="M593 1585 l-298 -315 -147 0 -148 0 0 -635 0 -635 1054 0 1055 0 296 312 c163 172 294 317 293 324 -2 6 -136 152 -297 323 l-295 311 -753 2 -754 3 226 239 226 240 -73 73 c-40 40 -76 73 -80 73 -4 0 -141 -142 -305 -315z m1621 -734 c109 -115 198 -213 199 -217 1 -5 -86 -102 -193 -215 l-195 -207 -912 -1 -913 -1 0 425 0 425 909 0 908 0 197 -209z"/></g></svg>
  <svg x='500' y='504'><g transform="translate(0.180786096011,4.75000053092) scale(0.00958087152387,-0.00920312606184)"><path class="sym-line" fill="black" d="M245 488 c-55 -20 -116 -69 -150 -121 -45 -68 -84 -193 -92 -289 l-6 -78 107 0 106 0 0 40 c0 57 36 145 71 175 37 30 91 33 131 7 15 -10 53 -49 85 -87 82 -98 136 -129 231 -134 87 -4 139 9 200 51 86 59 157 215 169 371 l6 77 -107 0 -106 0 0 -40 c0 -57 -36 -145 -71 -175 -37 -30 -91 -33 -131 -7 -15 10 -53 49 -85 87 -32 38 -81 83 -107 100 -44 27 -59 30 -135 32 -47 1 -99 -3 -116 -9z"/></g></svg>
  <svg x='494' y='530'><g transform="translate(0.180786096011,4.75000053092) scale(0.00958087152387,-0.00920312606184)"><path class="sym-line" fill="black" d="M245 488 c-55 -20 -116 -69 -150 -121 -45 -68 -84 -193 -92 -289 l-6 -78 107 0 106 0 0 40 c0 57 36 145 71 175 37 30 91 33 131 7 15 -10 53 -49 85 -87 82 -98 136 -129 231 -134 87 -4 139 9 200 51 86 59 157 215 169 371 l6 77 -107 0 -106 0 0 -40 c0 -57 -36 -145 -71 -175 -37 -30 -91 -33 -131 -7 -15 10 -53 49 -85 87 -32 38 -81 83 -107 100 -44 27 -59 30 -135 32 -47 1 -99 -3 -116 -9z"/></g></svg>
</svg>