<svg version='1.1' xmlns='http://www.w3.org/2000/svg' width='37' height='104' viewBox='481 448 37 104'>
  <text font-size='0'>AS15030S16d36S26524S21600S21600S37800S20800S2fa00S37800M518x552S21600507x448S15030492x459S21600497x448S26524497x537S37800502x490S16d36495x498S2fa00498x527S20800481x497S37800504x490</text>
  <svg x='507' y='448'><g transform="translate(0.149834234299,7.75047623956) scale(0.00950047578505,-0.00951302738823)"><path class="sym-line" fill="black" d="M280 782 c-174 -65 -280 -209 -280 -382 0 -218 182 -400 400 -400 218 0 400 182 400 400 0 173 -114 326 -284 383 -63 22 -177 21 -236 -1z"/></g></svg>
  <svg x='492' y='459'><g transform="translate(0.051131859375,30.7505836651) scale(0.00988501746032,-0.00987932697753)"><path class="sym-fill" fill="white" d="M1192 1762 l-153 -147 1 -707 0 -708 310 0 310 0 -1 713 -1 712 -149 143 c-82 78 -152 142 -156 142 -4 0 -77 -67 -161 -148z"/><path class="sym-line" fill="black" d="M1014 3084 c-61 -22 -119 -77 -151 -142 -27 -56 -28 -62 -31 -249 l-4 -193 106 0 106 0 0 143 c0 78 5 159 11 180 12 43 47 70 90 69 97 -3 99 -11 99 -362 0 -159 3 -290 7 -290 4 0 29 21 55 47 l48 47 48 -47 c26 -26 51 -47 55 -47 4 0 7 139 7 308 0 345 -5 379 -64 448 -19 22 -60 53 -92 69 -51 25 -73 29 -154 32 -66 2 -107 -2 -136 -13z M1884 2824 c-67 -32 -117 -87 -189 -208 -56 -93 -58 -99 -39 -110 10 -6 53 -30 94 -53 l76 -42 62 103 c70 118 95 136 156 116 48 -16 79 -56 72 -93 -3 -16 -83 -157 -177 -314 l-171 -285 73 -74 c40 -41 78 -74 84 -74 15 0 392 638 404 685 37 139 -35 276 -182 346 -84 39 -186 41 -263 3z M263 2640 c-158 -33 -253 -138 -253 -281 0 -37 7 -85 15 -108 11 -31 110 -212 130 -239 1 -1 45 22 98 51 l97 54 -60 101 c-35 59 -60 113 -60 129 0 35 39 79 79 88 63 14 78 -5 271 -328 100 -166 185 -306 190 -311 10 -10 152 117 158 140 5 19 -340 586 -383 629 -22 22 -58 49 -79 59 -45 21 -142 29 -203 16z M1087 1954 l-257 -246 0 -854 0 -854 525 0 525 0 -1 853 -1 852 -255 245 c-141 135 -261 246 -267 248 -7 1 -128 -108 -269 -244z m583 -1046 l0 -708 -315 0 -315 0 1 713 1 712 154 148 154 148 160 -152 160 -153 0 -708z M263 1740 c-158 -33 -253 -138 -253 -281 0 -37 7 -85 15 -108 11 -31 110 -212 130 -239 1 -1 45 22 98 51 l97 54 -60 101 c-35 59 -60 113 -60 129 0 35 39 79 79 88 62 13 79 -7 253 -297 l163 -272 3 208 2 208 -72 121 c-80 132 -132 192 -192 221 -45 21 -142 29 -203 16z M2080 1201 l0 -101 100 0 c125 0 176 -17 197 -67 12 -31 12 -38 -4 -71 -26 -52 -59 -61 -245 -61 l-158 -1 0 -101 0 -100 208 3 c204 3 208 3 264 31 67 33 130 99 146 155 17 55 15 180 -3 233 -22 64 -64 110 -131 144 -57 29 -65 30 -216 33 l-158 3 0 -100z"/></g></svg>
  <svg x='497' y='448'><g transform="translate(0.149834234299,7.75047623956) scale(0.00950047578505,-0.00951302738823)"><path class="sym-line" fill="black" d="M280 782 c-174 -65 -280 -209 -280 -382 0 -218 182 -400 400 -400 218 0 400 182 400 400 0 173 -114 326 -284 383 -63 22 -177 21 -236 -1z"/></g></svg>
  <svg x='497' y='537'><g transform="translate(0.199517282911,14.7025292494) scale(0.00964541675618,-0.00970272783292)"><path class="sym-line" fill="black" d="M600 1100 l0 -400 100 0 100 0 0 400 0 400 -100 0 -100 0 0 -400z M348 348 l352 -353 352 353 353 352 -145 0 -144 0 -202 -207 -202 -208 -209 208 -208 207 -150 0 -150 0 353 -352z"/></g></svg>
  <svg x='502' y='490'><g transform="translate(0.0,32.0) scale(0.01,-0.01)"><path class="sym-line" fill="black" d="M0 1600 l0 -1600 100 0 100 0 0 1600 0 1600 -100 0 -100 0 0 -1600z"/></g></svg>
  <svg x='495' y='498'><g transform="translate(0.179992462609,17.751042052) scale(0.00978410972503,-0.00977922475114)"><path class="sym-fill" fill="white" d="M116 693 c11 -79 51 -194 89 -258 67 -112 191 -216 316 -265 131 -52 195 -60 492 -60 324 0 387 9 516 72 118 57 205 146 266 271 43 90 85 220 85 264 l0 23 -886 0 -885 0 7 -47z"/><path class="sym-line" fill="black" d="M473 1790 c-121 -28 -251 -141 -322 -278 -53 -103 -94 -221 -115 -332 -9 -47 -19 -95 -22 -108 -5 -23 -4 -23 98 -20 l102 3 13 88 c42 293 162 488 331 538 l42 12 0 54 0 53 -47 -1 c-27 -1 -62 -4 -80 -9z M1200 1691 l0 -108 48 -7 c146 -19 268 -194 315 -452 l13 -69 207 -3 c114 -1 207 0 207 2 0 45 -63 253 -95 317 -79 154 -228 294 -382 360 -71 30 -222 69 -270 69 l-43 0 0 -109z M3 753 c6 -123 35 -234 89 -343 34 -69 58 -102 132 -175 76 -75 107 -99 186 -138 54 -27 137 -58 194 -72 94 -24 112 -25 412 -25 337 0 384 5 513 56 229 90 386 298 450 596 12 54 21 120 21 148 l0 50 -1001 0 -1002 0 6 -97z m1881 -45 c-14 -75 -48 -178 -86 -258 -55 -114 -159 -221 -268 -273 -136 -65 -178 -71 -515 -71 -281 -1 -305 1 -380 22 -201 56 -338 154 -439 313 -27 43 -74 181 -81 242 l-7 57 891 0 891 0 -6 -32z"/></g></svg>
  <svg x='498' y='527'><g transform="translate(0.138663536926,6.72763084313) scale(0.0096549053957,-0.00937478173386)"><path class="sym-fill" fill="white" d="M234 560 c-33 -17 -78 -51 -101 -77 l-43 -47 0 -90 0 -90 52 51 c58 55 113 87 171 98 62 12 131 -30 190 -113 86 -124 169 -182 257 -182 64 0 152 46 208 107 l42 47 0 90 0 90 -52 -51 c-58 -55 -113 -87 -171 -98 -62 -12 -131 30 -190 113 -120 173 -232 219 -363 152z"/><path class="sym-line" fill="black" d="M225 681 c-66 -26 -112 -59 -153 -109 -73 -88 -73 -85 -70 -343 l3 -231 68 85 c106 134 208 211 274 205 35 -3 44 -11 110 -98 119 -156 171 -189 293 -190 116 0 210 44 282 132 69 85 69 83 66 339 l-3 231 -68 -85 c-106 -134 -208 -211 -274 -205 -35 3 -44 11 -110 98 -121 158 -171 190 -298 189 -50 -1 -95 -7 -120 -18z m159 -92 c68 -19 134 -72 205 -165 40 -54 80 -96 101 -106 79 -40 191 -7 274 82 l46 49 0 -93 0 -93 -41 -47 c-43 -48 -117 -93 -179 -107 -84 -20 -182 39 -279 167 -40 54 -80 96 -101 106 -79 40 -191 7 -274 -82 l-46 -49 0 93 0 93 41 47 c50 56 128 99 209 115 3 0 23 -4 44 -10z"/></g></svg>
  <svg x='481' y='497'><g transform="translate(0.0,10.0) scale(0.01,-0.01)"><path class="sym-line" fill="black" d="M400 800 l0 -200 -200 0 -200 0 0 -100 0 -100 200 0 200 0 0 -200 0 -200 100 0 100 0 0 200 0 200 200 0 200 0 0 100 0 100 -200 0 -200 0 0 200 0 200 -100 0 -100 0 0 -200z"/></g></svg>
  <svg x='504' y='490'><g transform="translate(0.0,32.0) scale(0.01,-0.01)"><path class="sym-line" fill="black" d="M0 1600 l0 -1600 100 0 100 0 0 1600 0 1600 -100 0 -100 0 0 -1600z"/></g></svg>
</svg>