<svg version='1.1' xmlns='http://www.w3.org/2000/svg' width='68' height='121' viewBox='466 439 68 121'>
  <text font-size='0'>AS15020S15028S26600S26610S2fb04S20320S20320S2f900M534x560S15020509x515S15028466x515S26600513x477S26610470x476S20320512x448S20320471x449S2f900493x439S2fb04493x554</text>
  <svg x='509' y='515'><g transform="translate(0.0509490741476,30.7530563075) scale(0.00990358611834,-0.00989538958482)"><path class="sym-line" fill="black" d="M985 3087 c-88 -35 -138 -89 -169 -181 -12 -36 -16 -88 -16 -226 l0 -180 99 0 99 0 4 163 c2 132 6 168 20 189 35 53 121 53 155 1 16 -24 18 -64 21 -388 l3 -360 -125 -125 c-69 -68 -127 -122 -129 -120 -2 3 -91 156 -198 340 -215 372 -244 409 -337 436 -103 30 -231 0 -313 -74 -66 -59 -89 -111 -89 -199 0 -86 15 -129 86 -256 54 -94 57 -98 77 -84 12 7 52 31 90 51 37 21 67 41 67 46 0 5 -23 48 -51 97 -58 100 -69 147 -41 179 43 51 89 56 131 17 17 -16 120 -185 231 -377 l200 -349 0 -393 0 -394 -192 0 c-106 0 -210 5 -230 10 -46 13 -68 43 -68 90 0 77 46 100 198 100 l92 0 0 101 0 101 -147 -4 c-131 -3 -154 -6 -197 -28 -59 -28 -105 -73 -132 -126 -15 -32 -19 -60 -19 -154 0 -101 3 -121 24 -163 12 -26 38 -59 57 -73 64 -49 91 -53 362 -54 l252 0 0 -350 0 -350 500 0 500 0 0 348 0 347 321 320 c176 176 332 340 347 365 23 39 27 55 26 125 0 97 -22 153 -88 223 -64 68 -124 96 -208 95 -96 0 -160 -34 -276 -147 l-92 -89 67 -72 c38 -40 72 -73 77 -74 5 0 46 35 91 78 45 44 94 83 110 87 35 9 73 -13 99 -55 15 -26 16 -36 7 -59 -7 -15 -117 -133 -246 -262 l-235 -235 0 346 0 346 202 349 c110 192 212 374 224 404 61 144 -6 304 -158 380 -121 60 -259 34 -347 -66 -37 -43 -141 -214 -141 -233 0 -5 39 -32 87 -60 88 -50 88 -50 101 -28 7 12 34 58 60 102 54 92 83 113 136 95 19 -6 42 -20 52 -31 37 -41 25 -71 -171 -410 -104 -178 -190 -326 -192 -329 -2 -2 -60 52 -128 120 l-124 124 -3 401 c-3 372 -4 403 -22 439 -27 53 -73 98 -132 126 -58 28 -208 38 -259 17z"/></g></svg>
  <svg x='466' y='515'><g transform="translate(0.0904258525453,30.7525470308) scale(0.00990358611834,-0.00989904766916)"><path class="sym-line" fill="black" d="M1291 3084 c-92 -33 -151 -90 -179 -173 -8 -24 -12 -151 -12 -420 l0 -386 -125 -125 c-68 -68 -126 -122 -128 -120 -2 3 -88 151 -192 329 -196 339 -208 369 -171 410 10 11 33 25 52 31 53 18 82 -3 136 -95 26 -44 53 -90 60 -102 13 -22 13 -22 101 28 48 28 87 55 87 60 0 19 -104 190 -141 233 -88 100 -226 126 -347 66 -152 -76 -219 -236 -158 -380 12 -30 114 -212 224 -404 l202 -349 0 -346 0 -346 -235 235 c-129 129 -239 247 -246 262 -22 53 48 128 106 114 16 -4 65 -43 110 -87 45 -43 86 -78 91 -78 5 1 39 34 77 74 l67 72 -92 89 c-116 113 -180 147 -276 147 -84 1 -144 -27 -208 -95 -66 -70 -88 -126 -88 -223 -1 -70 3 -86 26 -125 15 -25 171 -189 347 -365 l321 -320 0 -347 0 -348 500 0 500 0 0 350 0 350 253 0 c270 1 297 5 361 54 19 14 45 47 57 73 21 42 24 62 24 163 0 94 -4 122 -19 154 -27 53 -73 98 -132 126 -43 22 -66 25 -196 28 l-148 4 0 -101 0 -101 93 0 c151 0 197 -23 197 -100 0 -47 -22 -77 -68 -90 -20 -5 -124 -10 -229 -10 l-193 0 0 394 0 393 200 349 c111 192 214 361 231 377 42 39 88 34 131 -17 28 -32 17 -79 -41 -179 -28 -49 -51 -92 -51 -97 0 -5 30 -25 68 -46 37 -20 77 -44 89 -51 20 -14 23 -10 77 84 71 127 86 170 86 256 0 88 -23 140 -89 199 -82 74 -210 104 -313 74 -93 -27 -122 -64 -337 -436 -107 -184 -196 -337 -198 -340 -2 -2 -60 52 -129 120 l-125 125 3 360 c3 324 5 364 21 388 34 52 120 52 155 -1 14 -21 18 -57 20 -189 l4 -163 100 0 100 0 -4 198 c-3 185 -5 200 -27 246 -30 59 -74 106 -127 131 -53 26 -192 31 -253 9z"/></g></svg>
  <svg x='513' y='477'><g transform="translate(0.198426155669,29.7519795905) scale(0.00968892587986,-0.00986784736349)"><path class="sym-line" fill="black" d="M395 2600 l-400 -400 353 0 352 0 0 -1100 0 -1100 100 0 100 0 0 1100 0 1100 352 0 353 0 -400 400 c-220 220 -402 400 -405 400 -3 0 -185 -180 -405 -400z"/></g></svg>
  <svg x='470' y='476'><g transform="translate(0.198426155669,29.7519795905) scale(0.00968892587986,-0.00986784736349)"><path class="sym-fill" fill="white" d="M520 2575 l-275 -275 555 0 555 0 -275 275 c-151 151 -277 275 -280 275 -3 0 -129 -124 -280 -275z"/><path class="sym-line" fill="black" d="M395 2600 l-400 -400 353 0 352 0 0 -1100 0 -1100 100 0 100 0 0 1100 0 1100 352 0 353 0 -400 400 c-220 220 -402 400 -405 400 -3 0 -185 -180 -405 -400z m685 -25 l275 -275 -555 0 -555 0 275 275 c151 151 277 275 280 275 3 0 129 -124 280 -275z"/></g></svg>
  <svg x='512' y='448'><g transform="translate(0.0,15.0) scale(0.01,-0.01)"><path class="sym-line" fill="black" d="M0 750 l0 -750 750 0 750 0 0 750 0 750 -750 0 -750 0 0 -750z"/></g></svg>
  <svg x='471' y='449'><g transform="translate(0.0,15.0) scale(0.01,-0.01)"><path class="sym-line" fill="black" d="M0 750 l0 -750 750 0 750 0 0 750 0 750 -750 0 -750 0 0 -750z"/></g></svg>
  <svg x='493' y='439'><g transform="translate(0.180786096011,4.75000053092) scale(0.00958087152387,-0.00920312606184)"><path class="sym-line" fill="black" d="M245 488 c-55 -20 -116 -69 -150 -121 -45 -68 -84 -193 -92 -289 l-6 -78 107 0 106 0 0 40 c0 57 36 145 71 175 37 30 91 33 131 7 15 -10 53 -49 85 -87 82 -98 136 -129 231 -134 87 -4 139 9 200 51 86 59 157 215 169 371 l6 77 -107 0 -106 0 0 -40 c0 -57 -36 -145 -71 -175 -37 -30 -91 -33 -131 -7 -15 10 -53 49 -85 87 -32 38 -81 83 -107 100 -44 27 -59 30 -135 32 -47 1 -99 -3 -116 -9z"/></g></svg>
  <svg x='493' y='554'><g transform="translate(0.178125321737,5.7484375) scale(0.00969593203301,-0.00933333333333)"><path class="sym-line" fill="black" d="M4 569 c22 -111 99 -242 206 -349 151 -151 320 -220 540 -220 220 0 389 69 540 220 107 107 184 238 206 349 l7 31 -61 0 -61 0 -42 -82 c-54 -104 -163 -218 -264 -274 -154 -85 -340 -108 -501 -61 -176 51 -331 177 -413 335 l-42 82 -61 0 -61 0 7 -31z"/></g></svg>
</svg>