<svg version='1.1' xmlns='http://www.w3.org/2000/svg' width='71' height='115' viewBox='450 482 71 115'>
  <text font-size='0'>AS15a50S15a56S15a04S2c600S20e00S21404S37706S31a00M521x597S31a00482x482S15a56478x552S15a04509x556S15a50479x518S37706450x557S2c600487x571S20e00470x567S21404480x566</text>
  <svg x='482' y='482'><g transform="translate(0.149874875465,34.7500790925) scale(0.00988906872676,-0.00988956850125)"><path class="sym-line" fill="black" d="M1528 3484 c-592 -92 -1088 -447 -1348 -963 -125 -249 -180 -485 -180 -771 0 -480 183 -911 529 -1242 350 -336 780 -508 1271 -508 451 0 864 150 1193 434 326 281 517 620 591 1051 21 121 21 409 0 530 -43 252 -114 444 -237 639 -282 453 -741 750 -1284 831 -127 19 -413 18 -535 -1z m607 -173 c583 -126 1038 -523 1224 -1069 59 -173 75 -277 75 -492 0 -165 -3 -211 -22 -300 -71 -327 -228 -611 -458 -829 -186 -177 -381 -295 -614 -374 -176 -60 -282 -78 -490 -84 -247 -7 -416 19 -628 97 -549 201 -944 674 -1043 1250 -17 97 -17 383 0 480 99 576 495 1050 1043 1250 105 38 177 58 303 81 143 26 467 21 610 -10z M1022 2476 c-191 -71 -302 -228 -302 -426 0 -202 117 -362 315 -430 77 -26 210 -27 293 -2 164 52 289 195 315 361 34 222 -100 435 -315 503 -88 27 -224 24 -306 -6z m309 -173 c203 -113 202 -393 -1 -507 -50 -28 -63 -31 -145 -31 -75 0 -98 4 -135 23 -61 32 -107 77 -138 137 -36 69 -38 178 -3 245 61 118 153 172 287 167 68 -3 89 -8 135 -34z M2285 2485 c-224 -70 -363 -284 -327 -501 53 -319 398 -480 697 -326 50 25 126 98 160 153 90 141 90 337 0 478 -85 136 -229 212 -399 210 -50 -1 -109 -7 -131 -14z m241 -162 c67 -23 154 -110 177 -177 38 -111 13 -211 -72 -297 -72 -71 -132 -94 -235 -87 -82 6 -137 30 -192 85 -151 150 -91 406 113 479 53 18 150 17 209 -3z"/></g></svg>
  <svg x='478' y='552'><g transform="translate(0.150976194493,11.7516936221) scale(0.00983400277537,-0.00966938010173)"><path class="sym-fill" fill="white" d="M1400 600 l0 -600 150 0 150 0 0 600 0 600 -150 0 -150 0 0 -600z"/><path class="sym-line" fill="black" d="M0 600 l0 -600 700 0 700 0 0 600 0 600 -700 0 -700 0 0 -600z M1700 600 l0 -600 203 0 202 0 300 300 300 300 -300 300 -300 300 -202 0 -203 0 0 -600z"/></g></svg>
  <svg x='509' y='556'><g transform="translate(0.150398531432,26.6999810561) scale(0.00966757342839,-0.00983390502079)"><path class="sym-fill" fill="white" d="M200 1592 l0 -907 200 -200 200 -200 200 200 200 200 0 907 0 908 -400 0 -400 0 0 -908z"/><path class="sym-line" fill="black" d="M0 1647 l0 -1052 300 -300 300 -300 300 300 300 300 0 1052 0 1053 -600 0 -600 0 0 -1053z m1000 -60 l0 -912 -200 -200 -200 -200 -200 200 -200 200 0 912 0 913 400 0 400 0 0 -913z"/></g></svg>
  <svg x='479' y='518'><g transform="translate(0.0,27.0) scale(0.01,-0.01)"><path class="sym-fill" fill="white" d="M0 1550 l0 -150 600 0 600 0 0 150 0 150 -600 0 -600 0 0 -150z"/><path class="sym-line" fill="black" d="M297 2402 l-297 -297 0 -203 0 -202 600 0 600 0 0 203 0 202 -298 298 c-163 163 -299 297 -302 297 -3 0 -139 -134 -303 -298z M0 700 l0 -700 600 0 600 0 0 700 0 700 -600 0 -600 0 0 -700z"/></g></svg>
  <svg x='450' y='557'><g transform="translate(0.0,2.0) scale(0.01,-0.01)"><path class="sym-line" fill="black" d="M0 100 l0 -100 1250 0 1250 0 0 100 0 100 -1250 0 -1250 0 0 -100z"/></g></svg>
  <svg x='487' y='571'><g transform="translate(0.200475594973,25.7384612022) scale(0.00976296692944,-0.00984231680855)"><path class="sym-line" fill="black" d="M345 2250 l-350 -350 303 0 302 0 0 -788 c0 -875 -3 -832 67 -939 48 -73 119 -127 207 -156 77 -26 414 -24 522 3 197 50 369 178 448 335 33 65 56 146 56 203 l0 42 -355 0 -355 0 0 -50 c0 -113 -52 -254 -115 -309 -29 -25 -45 -31 -81 -31 -74 0 -131 37 -170 110 -18 33 -19 75 -22 808 l-3 772 303 0 303 0 -350 350 c-192 193 -352 350 -355 350 -3 0 -163 -157 -355 -350z"/></g></svg>
  <svg x='470' y='567'><g transform="translate(0.146427179928,11.7544805477) scale(0.00967082850362,-0.00967852689504)"><path class="sym-fill" fill="white" d="M503 985 c-159 -43 -265 -159 -295 -325 -22 -116 23 -252 112 -340 88 -89 224 -134 340 -112 178 33 299 154 332 332 22 115 -23 252 -110 339 -56 56 -107 85 -189 106 -70 18 -121 18 -190 0z m175 -200 c104 -44 151 -167 103 -270 -71 -153 -291 -153 -362 0 -33 72 -19 166 34 224 52 56 151 76 225 46z"/><path class="sym-line" fill="black" d="M435 1181 c-206 -60 -366 -224 -419 -428 -21 -78 -21 -228 0 -306 54 -208 223 -377 431 -431 78 -21 228 -21 306 0 208 54 377 223 431 431 21 78 21 228 0 306 -26 103 -80 195 -158 273 -78 78 -170 132 -273 158 -82 21 -240 20 -318 -3z m276 -197 c134 -40 234 -140 273 -273 62 -211 -60 -432 -273 -495 -210 -62 -433 61 -495 273 -61 207 56 426 264 492 70 23 161 24 231 3z M509 772 c-43 -22 -59 -38 -81 -81 -36 -68 -36 -114 0 -182 22 -43 38 -59 81 -81 68 -36 114 -36 182 0 43 22 59 38 81 81 36 68 36 114 0 182 -22 43 -38 59 -81 81 -68 36 -114 36 -182 0z"/></g></svg>
  <svg x='480' y='566'><g transform="translate(0.149086073535,4.73914113996) scale(0.00973319632325,-0.00918140727991)"><path class="sym-fill" fill="white" d="M404 358 c16 -99 85 -190 175 -232 39 -18 64 -21 171 -21 107 0 132 3 171 21 90 42 159 133 175 232 l7 42 -353 0 -353 0 7 -42z"/><path class="sym-line" fill="black" d="M0 450 l0 -50 150 0 150 0 0 -38 c0 -141 121 -294 274 -345 69 -24 283 -24 352 0 153 51 274 204 274 345 l0 38 150 0 150 0 0 50 0 50 -750 0 -750 0 0 -50z m1097 -95 c-13 -92 -74 -177 -162 -223 -47 -25 -58 -27 -185 -27 -127 0 -138 2 -185 27 -88 46 -149 131 -162 223 l-6 45 353 0 353 0 -6 -45z"/></g></svg>
</svg>