<svg version='1.1' xmlns='http://www.w3.org/2000/svg' width='90' height='64' viewBox='455 468 90 64'>
  <text font-size='0'>AS15a52S15a52S15a36S15a36S26516S26506S22a04S22a04M545x532S15a36472x509S15a52468x480S15a52514x480S15a36518x508S26516500x518S26506497x468S22a04455x493S22a04503x493</text>
  <svg x='472' y='509'><g transform="translate(0.150976194493,11.7516936221) scale(0.00983400277537,-0.00966938010173)"><path class="sym-fill" fill="white" d="M1400 1100 l0 -100 -600 0 -600 0 0 -400 0 -400 600 0 600 0 0 -100 0 -100 150 0 150 0 0 100 0 100 158 0 157 0 200 200 200 200 -200 200 -200 200 -157 0 -158 0 0 100 0 100 -150 0 -150 0 0 -100z"/><path class="sym-line" fill="black" d="M0 600 l0 -600 700 0 700 0 0 100 0 100 -600 0 -600 0 0 400 0 400 600 0 600 0 0 100 0 100 -700 0 -700 0 0 -600z M1700 1100 l0 -100 163 0 162 0 200 -200 200 -200 -200 -200 -200 -200 -162 0 -163 0 0 -100 0 -100 203 0 202 0 300 300 300 300 -300 300 -300 300 -202 0 -203 0 0 -100z"/></g></svg>
  <svg x='468' y='480'><g transform="translate(0.198694149149,11.7516936221) scale(0.00983400277537,-0.00966938010173)"><path class="sym-fill" fill="white" d="M1000 600 l0 -600 150 0 150 0 0 600 0 600 -150 0 -150 0 0 -600z"/><path class="sym-line" fill="black" d="M295 900 l-300 -300 300 -300 300 -300 202 0 203 0 0 600 0 600 -203 0 -202 0 -300 -300z M1300 600 l0 -600 700 0 700 0 0 600 0 600 -700 0 -700 0 0 -600z"/></g></svg>
  <svg x='514' y='480'><g transform="translate(0.198694149149,11.7516936221) scale(0.00983400277537,-0.00966938010173)"><path class="sym-fill" fill="white" d="M1000 600 l0 -600 150 0 150 0 0 600 0 600 -150 0 -150 0 0 -600z"/><path class="sym-line" fill="black" d="M295 900 l-300 -300 300 -300 300 -300 202 0 203 0 0 600 0 600 -203 0 -202 0 -300 -300z M1300 600 l0 -600 700 0 700 0 0 600 0 600 -700 0 -700 0 0 -600z"/></g></svg>
  <svg x='518' y='508'><g transform="translate(0.150976194493,11.7516936221) scale(0.00983400277537,-0.00966938010173)"><path class="sym-fill" fill="white" d="M1400 1100 l0 -100 -600 0 -600 0 0 -400 0 -400 600 0 600 0 0 -100 0 -100 150 0 150 0 0 100 0 100 158 0 157 0 200 200 200 200 -200 200 -200 200 -157 0 -158 0 0 100 0 100 -150 0 -150 0 0 -100z"/><path class="sym-line" fill="black" d="M0 600 l0 -600 700 0 700 0 0 100 0 100 -600 0 -600 0 0 400 0 400 600 0 600 0 0 100 0 100 -700 0 -700 0 0 -600z M1700 1100 l0 -100 163 0 162 0 200 -200 200 -200 -200 -200 -200 -200 -162 0 -163 0 0 -100 0 -100 203 0 202 0 300 300 300 300 -300 300 -300 300 -202 0 -203 0 0 -100z"/></g></svg>
  <svg x='500' y='518'><g transform="translate(0.149734255248,13.6974450331) scale(0.0097007872376,-0.00964308576999)"><path class="sym-fill" fill="white" d="M900 700 l0 -455 227 228 228 227 -228 227 -227 228 0 -455z"/><path class="sym-line" fill="black" d="M800 1102 l0 -302 -400 0 -400 0 0 -100 0 -100 400 0 400 0 0 -302 0 -303 352 353 353 352 -353 352 -352 353 0 -303z m327 -629 l-227 -228 0 455 0 455 227 -228 228 -227 -228 -227z"/></g></svg>
  <svg x='497' y='468'><g transform="translate(0.149734255248,13.6974450331) scale(0.0097007872376,-0.00964308576999)"><path class="sym-line" fill="black" d="M800 1102 l0 -302 -400 0 -400 0 0 -100 0 -100 400 0 400 0 0 -302 0 -303 352 353 353 352 -353 352 -352 353 0 -303z"/></g></svg>
  <svg x='455' y='493'><g transform="translate(0.043463926586,14.7505211307) scale(0.00985915292844,-0.00973472242044)"><path class="sym-fill" fill="white" d="M510 1100 l0 -400 140 0 140 0 0 400 0 400 -140 0 -140 0 0 -400z"/><path class="sym-line" fill="black" d="M330 1100 l0 -400 -159 -2 -160 -3 315 -347 c174 -192 319 -348 324 -348 5 0 150 156 324 348 l315 347 -160 3 -159 2 0 400 0 400 -90 0 -90 0 0 -400 0 -400 -140 0 -140 0 0 400 0 400 -90 0 -90 0 0 -400z"/></g></svg>
  <svg x='503' y='493'><g transform="translate(0.043463926586,14.7505211307) scale(0.00985915292844,-0.00973472242044)"><path class="sym-fill" fill="white" d="M510 1100 l0 -400 140 0 140 0 0 400 0 400 -140 0 -140 0 0 -400z"/><path class="sym-line" fill="black" d="M330 1100 l0 -400 -159 -2 -160 -3 315 -347 c174 -192 319 -348 324 -348 5 0 150 156 324 348 l315 347 -160 3 -159 2 0 400 0 400 -90 0 -90 0 0 -400 0 -400 -140 0 -140 0 0 400 0 400 -90 0 -90 0 0 -400z"/></g></svg>
</svg>