<svg version='1.1' xmlns='http://www.w3.org/2000/svg' width='169' height='25' viewBox='416 487 169 25'>
  <text font-size='0'>AS15a52S15a36S20500S15a02S15a36S15a52S15a36S20500S15a02S15a36M585x512S15a36419x499S15a52416x492S20500446x493S15a02463x487S15a36467x500S15a36511x499S15a52508x492S15a36558x500S15a02555x487S20500539x492</text>
  <svg x='419' y='499'><g transform="translate(0.150976194493,11.7516936221) scale(0.00983400277537,-0.00966938010173)"><path class="sym-fill" fill="white" d="M1400 1100 l0 -100 -600 0 -600 0 0 -400 0 -400 600 0 600 0 0 -100 0 -100 150 0 150 0 0 100 0 100 158 0 157 0 200 200 200 200 -200 200 -200 200 -157 0 -158 0 0 100 0 100 -150 0 -150 0 0 -100z"/><path class="sym-line" fill="black" d="M0 600 l0 -600 700 0 700 0 0 100 0 100 -600 0 -600 0 0 400 0 400 600 0 600 0 0 100 0 100 -700 0 -700 0 0 -600z M1700 1100 l0 -100 163 0 162 0 200 -200 200 -200 -200 -200 -200 -200 -162 0 -163 0 0 -100 0 -100 203 0 202 0 300 300 300 300 -300 300 -300 300 -202 0 -203 0 0 -100z"/></g></svg>
  <svg x='416' y='492'><g transform="translate(0.198694149149,11.7516936221) scale(0.00983400277537,-0.00966938010173)"><path class="sym-fill" fill="white" d="M1000 600 l0 -600 150 0 150 0 0 600 0 600 -150 0 -150 0 0 -600z"/><path class="sym-line" fill="black" d="M295 900 l-300 -300 300 -300 300 -300 202 0 203 0 0 600 0 600 -203 0 -202 0 -300 -300z M1300 600 l0 -600 700 0 700 0 0 600 0 600 -700 0 -700 0 0 -600z"/></g></svg>
  <svg x='446' y='493'><g transform="translate(-0.221878406359,10.7500002304) scale(0.0103429235226,-0.00963778430032)"><path class="sym-line" fill="black" d="M430 895 l0 -205 -37 23 c-21 13 -95 61 -165 105 l-128 82 -36 -71 c-19 -40 -32 -75 -27 -79 4 -3 74 -48 156 -99 81 -51 147 -97 147 -101 0 -4 -66 -50 -147 -101 -82 -51 -152 -96 -156 -99 -5 -4 8 -39 27 -79 l36 -71 128 82 c70 44 144 92 165 105 l37 23 0 -205 0 -205 70 0 70 0 0 205 0 205 38 -23 c20 -13 94 -61 164 -105 l128 -82 36 71 c19 40 32 75 27 79 -4 3 -74 48 -155 99 -82 51 -148 97 -148 101 0 4 66 50 148 101 81 51 151 96 155 99 5 4 -8 39 -27 79 l-36 71 -128 -82 c-70 -44 -144 -92 -164 -105 l-38 -23 0 205 0 205 -70 0 -70 0 0 -205z"/></g></svg>
  <svg x='463' y='487'><g transform="translate(0.198694149149,11.7516936221) scale(0.00983400277537,-0.00966938010173)"><path class="sym-fill" fill="white" d="M485 800 l-200 -200 200 -200 200 -200 907 0 908 0 0 400 0 400 -908 0 -907 0 -200 -200z"/><path class="sym-line" fill="black" d="M295 900 l-300 -300 300 -300 300 -300 1052 0 1053 0 0 600 0 600 -1053 0 -1052 0 -300 -300z m2205 -300 l0 -400 -913 0 -912 0 -200 200 -200 200 200 200 200 200 912 0 913 0 0 -400z"/></g></svg>
  <svg x='467' y='500'><g transform="translate(0.150976194493,11.7516936221) scale(0.00983400277537,-0.00966938010173)"><path class="sym-fill" fill="white" d="M1400 1100 l0 -100 -600 0 -600 0 0 -400 0 -400 600 0 600 0 0 -100 0 -100 150 0 150 0 0 100 0 100 158 0 157 0 200 200 200 200 -200 200 -200 200 -157 0 -158 0 0 100 0 100 -150 0 -150 0 0 -100z"/><path class="sym-line" fill="black" d="M0 600 l0 -600 700 0 700 0 0 100 0 100 -600 0 -600 0 0 400 0 400 600 0 600 0 0 100 0 100 -700 0 -700 0 0 -600z M1700 1100 l0 -100 163 0 162 0 200 -200 200 -200 -200 -200 -200 -200 -162 0 -163 0 0 -100 0 -100 203 0 202 0 300 300 300 300 -300 300 -300 300 -202 0 -203 0 0 -100z"/></g></svg>
  <svg x='511' y='499'><g transform="translate(0.150976194493,11.7516936221) scale(0.00983400277537,-0.00966938010173)"><path class="sym-fill" fill="white" d="M1400 1100 l0 -100 -600 0 -600 0 0 -400 0 -400 600 0 600 0 0 -100 0 -100 150 0 150 0 0 100 0 100 158 0 157 0 200 200 200 200 -200 200 -200 200 -157 0 -158 0 0 100 0 100 -150 0 -150 0 0 -100z"/><path class="sym-line" fill="black" d="M0 600 l0 -600 700 0 700 0 0 100 0 100 -600 0 -600 0 0 400 0 400 600 0 600 0 0 100 0 100 -700 0 -700 0 0 -600z M1700 1100 l0 -100 163 0 162 0 200 -200 200 -200 -200 -200 -200 -200 -162 0 -163 0 0 -100 0 -100 203 0 202 0 300 300 300 300 -300 300 -300 300 -202 0 -203 0 0 -100z"/></g></svg>
  <svg x='508' y='492'><g transform="translate(0.198694149149,11.7516936221) scale(0.00983400277537,-0.00966938010173)"><path class="sym-fill" fill="white" d="M1000 600 l0 -600 150 0 150 0 0 600 0 600 -150 0 -150 0 0 -600z"/><path class="sym-line" fill="black" d="M295 900 l-300 -300 300 -300 300 -300 202 0 203 0 0 600 0 600 -203 0 -202 0 -300 -300z M1300 600 l0 -600 700 0 700 0 0 600 0 600 -700 0 -700 0 0 -600z"/></g></svg>
  <svg x='558' y='500'><g transform="translate(0.150976194493,11.7516936221) scale(0.00983400277537,-0.00966938010173)"><path class="sym-fill" fill="white" d="M1400 1100 l0 -100 -600 0 -600 0 0 -400 0 -400 600 0 600 0 0 -100 0 -100 150 0 150 0 0 100 0 100 158 0 157 0 200 200 200 200 -200 200 -200 200 -157 0 -158 0 0 100 0 100 -150 0 -150 0 0 -100z"/><path class="sym-line" fill="black" d="M0 600 l0 -600 700 0 700 0 0 100 0 100 -600 0 -600 0 0 400 0 400 600 0 600 0 0 100 0 100 -700 0 -700 0 0 -600z M1700 1100 l0 -100 163 0 162 0 200 -200 200 -200 -200 -200 -200 -200 -162 0 -163 0 0 -100 0 -100 203 0 202 0 300 300 300 300 -300 300 -300 300 -202 0 -203 0 0 -100z"/></g></svg>
  <svg x='555' y='487'><g transform="translate(0.198694149149,11.7516936221) scale(0.00983400277537,-0.00966938010173)"><path class="sym-fill" fill="white" d="M485 800 l-200 -200 200 -200 200 -200 907 0 908 0 0 400 0 400 -908 0 -907 0 -200 -200z"/><path class="sym-line" fill="black" d="M295 900 l-300 -300 300 -300 300 -300 1052 0 1053 0 0 600 0 600 -1053 0 -1052 0 -300 -300z m2205 -300 l0 -400 -913 0 -912 0 -200 200 -200 200 200 200 200 200 912 0 913 0 0 -400z"/></g></svg>
  <svg x='539' y='492'><g transform="translate(-0.221878406359,10.7500002304) scale(0.0103429235226,-0.00963778430032)"><path class="sym-line" fill="black" d="M430 895 l0 -205 -37 23 c-21 13 -95 61 -165 105 l-128 82 -36 -71 c-19 -40 -32 -75 -27 -79 4 -3 74 -48 156 -99 81 -51 147 -97 147 -101 0 -4 -66 -50 -147 -101 -82 -51 -152 -96 -156 -99 -5 -4 8 -39 27 -79 l36 -71 128 82 c70 44 144 92 165 105 l37 23 0 -205 0 -205 70 0 70 0 0 205 0 205 38 -23 c20 -13 94 -61 164 -105 l128 -82 36 71 c19 40 32 75 27 79 -4 3 -74 48 -155 99 -82 51 -148 97 -148 101 0 4 66 50 148 101 81 51 151 96 155 99 5 4 -8 39 -27 79 l-36 71 -128 -82 c-70 -44 -144 -92 -164 -105 l-38 -23 0 205 0 205 -70 0 -70 0 0 -205z"/></g></svg>
</svg>