<svg version='1.1' xmlns='http://www.w3.org/2000/svg' width='91' height='71' viewBox='454 464 91 71'>
  <text font-size='0'>AS15a32S15a36S37906S37906S26722S26726S20500S20500M545x535S37906485x469S37906469x485S15a36510x479S15a32460x464S20500535x467S20500454x480S26722479x512S26726494x519</text>
  <svg x='485' y='469'><g transform="translate(0.0,2.0) scale(0.01,-0.01)"><path class="sym-line" fill="black" d="M0 100 l0 -100 2000 0 2000 0 0 100 0 100 -2000 0 -2000 0 0 -100z"/></g></svg>
  <svg x='469' y='485'><g transform="translate(0.0,2.0) scale(0.01,-0.01)"><path class="sym-line" fill="black" d="M0 100 l0 -100 2000 0 2000 0 0 100 0 100 -2000 0 -2000 0 0 -100z"/></g></svg>
  <svg x='510' y='479'><g transform="translate(0.150976194493,11.7516936221) scale(0.00983400277537,-0.00966938010173)"><path class="sym-fill" fill="white" d="M1400 1100 l0 -100 -600 0 -600 0 0 -400 0 -400 600 0 600 0 0 -100 0 -100 150 0 150 0 0 100 0 100 158 0 157 0 200 200 200 200 -200 200 -200 200 -157 0 -158 0 0 100 0 100 -150 0 -150 0 0 -100z"/><path class="sym-line" fill="black" d="M0 600 l0 -600 700 0 700 0 0 100 0 100 -600 0 -600 0 0 400 0 400 600 0 600 0 0 100 0 100 -700 0 -700 0 0 -600z M1700 1100 l0 -100 163 0 162 0 200 -200 200 -200 -200 -200 -200 -200 -162 0 -163 0 0 -100 0 -100 203 0 202 0 300 300 300 300 -300 300 -300 300 -202 0 -203 0 0 -100z"/></g></svg>
  <svg x='460' y='464'><g transform="translate(0.198694149149,11.7516936221) scale(0.00983400277537,-0.00966938010173)"><path class="sym-fill" fill="white" d="M1000 1100 l0 -100 -158 0 -157 0 -200 -200 -200 -200 200 -200 200 -200 157 0 158 0 0 -100 0 -100 150 0 150 0 0 100 0 100 600 0 600 0 0 400 0 400 -600 0 -600 0 0 100 0 100 -150 0 -150 0 0 -100z"/><path class="sym-line" fill="black" d="M295 900 l-300 -300 300 -300 300 -300 202 0 203 0 0 100 0 100 -163 0 -162 0 -200 200 -200 200 200 200 200 200 162 0 163 0 0 100 0 100 -203 0 -202 0 -300 -300z M1300 1100 l0 -100 600 0 600 0 0 -400 0 -400 -600 0 -600 0 0 -100 0 -100 700 0 700 0 0 600 0 600 -700 0 -700 0 0 -100z"/></g></svg>
  <svg x='535' y='467'><g transform="translate(-0.221878406359,10.7500002304) scale(0.0103429235226,-0.00963778430032)"><path class="sym-line" fill="black" d="M430 895 l0 -205 -37 23 c-21 13 -95 61 -165 105 l-128 82 -36 -71 c-19 -40 -32 -75 -27 -79 4 -3 74 -48 156 -99 81 -51 147 -97 147 -101 0 -4 -66 -50 -147 -101 -82 -51 -152 -96 -156 -99 -5 -4 8 -39 27 -79 l36 -71 128 82 c70 44 144 92 165 105 l37 23 0 -205 0 -205 70 0 70 0 0 205 0 205 38 -23 c20 -13 94 -61 164 -105 l128 -82 36 71 c19 40 32 75 27 79 -4 3 -74 48 -155 99 -82 51 -148 97 -148 101 0 4 66 50 148 101 81 51 151 96 155 99 5 4 -8 39 -27 79 l-36 71 -128 -82 c-70 -44 -144 -92 -164 -105 l-38 -23 0 205 0 205 -70 0 -70 0 0 -205z"/></g></svg>
  <svg x='454' y='480'><g transform="translate(-0.221878406359,10.7500002304) scale(0.0103429235226,-0.00963778430032)"><path class="sym-line" fill="black" d="M430 895 l0 -205 -37 23 c-21 13 -95 61 -165 105 l-128 82 -36 -71 c-19 -40 -32 -75 -27 -79 4 -3 74 -48 156 -99 81 -51 147 -97 147 -101 0 -4 -66 -50 -147 -101 -82 -51 -152 -96 -156 -99 -5 -4 8 -39 27 -79 l36 -71 128 82 c70 44 144 92 165 105 l37 23 0 -205 0 -205 70 0 70 0 0 205 0 205 38 -23 c20 -13 94 -61 164 -105 l128 -82 36 71 c19 40 32 75 27 79 -4 3 -74 48 -155 99 -82 51 -148 97 -148 101 0 4 66 50 148 101 81 51 151 96 155 99 5 4 -8 39 -27 79 l-36 71 -128 -82 c-70 -44 -144 -92 -164 -105 l-38 -23 0 205 0 205 -70 0 -70 0 0 -205z"/></g></svg>
  <svg x='479' y='512'><g transform="translate(0.201122449172,15.7010613696) scale(0.00989293660622,-0.00972038991848)"><path class="sym-line" fill="black" d="M395 1200 l-400 -400 403 -403 402 -402 0 145 0 144 -258 252 -257 252 258 259 258 259 -3 147 -3 147 -400 -400z M800 800 l0 -100 1700 0 1700 0 0 100 0 100 -1700 0 -1700 0 0 -100z"/></g></svg>
  <svg x='494' y='519'><g transform="translate(0.149797517876,15.6976811299) scale(0.00989293660622,-0.00968799012796)"><path class="sym-line" fill="black" d="M3400 1460 l0 -144 258 -252 257 -252 -257 -259 -258 -258 0 -150 0 -150 402 403 403 402 -403 402 -402 403 0 -145z M0 800 l0 -100 1700 0 1700 0 0 100 0 100 -1700 0 -1700 0 0 -100z"/></g></svg>
</svg>