<svg version='1.1' xmlns='http://www.w3.org/2000/svg' width='64' height='150' viewBox='468 425 64 150'>
  <text font-size='0'>AS16d10S16d18S2df06S2df1eS2fb00S15a40S15a48S26501S26515S15a42S15a4aS2fb05M532x575S15a40520x525S15a48468x528S15a42484x510S15a4a480x563S26501502x527S26515483x544S2fb05514x560S16d10506x465S16d18477x466S2df06506x436S2df1e476x436S2fb00494x425</text>
  <svg x='520' y='525'><g transform="translate(0.0,27.0) scale(0.01,-0.01)"><path class="sym-fill" fill="white" d="M398 2213 l-198 -198 0 -158 0 -157 -100 0 -100 0 0 -150 0 -150 100 0 100 0 0 -600 0 -600 200 0 200 0 0 600 0 600 300 0 300 0 0 150 0 150 -300 0 -300 0 -2 355 -3 355 -197 -197z"/><path class="sym-line" fill="black" d="M297 2402 l-297 -297 0 -203 0 -202 100 0 100 0 0 163 0 162 200 200 200 200 0 -363 0 -362 300 0 300 0 0 203 0 202 -298 298 c-163 163 -299 297 -302 297 -3 0 -139 -134 -303 -298z M0 700 l0 -700 600 0 600 0 0 700 0 700 -300 0 -300 0 0 -600 0 -600 -200 0 -200 0 0 600 0 600 -100 0 -100 0 0 -700z"/></g></svg>
  <svg x='468' y='528'><g transform="translate(0.0,27.0) scale(0.01,-0.01)"><path class="sym-fill" fill="white" d="M600 2057 l0 -357 -300 0 -300 0 0 -150 0 -150 300 0 300 0 0 -600 0 -600 200 0 200 0 0 600 0 600 100 0 100 0 0 150 0 150 -100 0 -100 0 0 158 0 157 -200 200 -200 200 0 -358z"/><path class="sym-line" fill="black" d="M297 2402 l-297 -297 0 -203 0 -202 300 0 300 0 0 362 0 363 200 -200 200 -200 0 -162 0 -163 100 0 100 0 0 203 0 202 -298 298 c-163 163 -299 297 -302 297 -3 0 -139 -134 -303 -298z M0 700 l0 -700 600 0 600 0 0 700 0 700 -100 0 -100 0 0 -600 0 -600 -200 0 -200 0 0 600 0 600 -300 0 -300 0 0 -700z"/></g></svg>
  <svg x='484' y='510'><g transform="translate(0.198694149149,11.7516936221) scale(0.00983400277537,-0.00966938010173)"><path class="sym-fill" fill="white" d="M1000 900 l0 -300 -357 0 -358 0 200 -200 200 -200 157 0 158 0 0 -100 0 -100 150 0 150 0 0 100 0 100 600 0 600 0 0 200 0 200 -600 0 -600 0 0 300 0 300 -150 0 -150 0 0 -300z"/><path class="sym-line" fill="black" d="M295 900 l-300 -300 300 -300 300 -300 202 0 203 0 0 100 0 100 -163 0 -162 0 -200 200 -200 200 363 0 362 0 0 300 0 300 -203 0 -202 0 -300 -300z M1300 900 l0 -300 600 0 600 0 0 -200 0 -200 -600 0 -600 0 0 -100 0 -100 700 0 700 0 0 600 0 600 -700 0 -700 0 0 -300z"/></g></svg>
  <svg x='480' y='563'><g transform="translate(0.150976194493,11.7516936221) scale(0.00983400277537,-0.00966938010173)"><path class="sym-fill" fill="white" d="M1400 900 l0 -300 -600 0 -600 0 0 -200 0 -200 600 0 600 0 0 -100 0 -100 150 0 150 0 0 100 0 100 158 0 157 0 200 200 200 200 -358 0 -357 0 0 300 0 300 -150 0 -150 0 0 -300z"/><path class="sym-line" fill="black" d="M0 600 l0 -600 700 0 700 0 0 100 0 100 -600 0 -600 0 0 200 0 200 600 0 600 0 0 300 0 300 -700 0 -700 0 0 -600z M1700 900 l0 -300 362 0 363 0 -200 -200 -200 -200 -162 0 -163 0 0 -100 0 -100 203 0 202 0 300 300 300 300 -300 300 -300 300 -202 0 -203 0 0 -300z"/></g></svg>
  <svg x='502' y='527'><g transform="translate(-0.146131080007,12.9974802419) scale(0.00991877655743,-0.00988387903225)"><path class="sym-line" fill="black" d="M30 743 l0 -558 235 235 235 235 315 -315 315 -315 85 85 85 85 -315 315 -315 315 237 237 238 238 -558 0 -557 0 0 -557z"/></g></svg>
  <svg x='483' y='544'><g transform="translate(0.201449840713,12.7676076804) scale(0.00987988174105,-0.00992219549537)"><path class="sym-fill" fill="white" d="M790 475 l-355 -355 358 0 357 0 0 355 c0 195 -1 355 -3 355 -1 0 -162 -160 -357 -355z"/><path class="sym-line" fill="black" d="M75 1190 l-80 -80 318 -318 317 -317 -237 -238 -238 -237 558 0 557 0 0 557 0 558 -235 -235 -235 -235 -313 313 c-171 171 -317 312 -322 312 -6 0 -46 -36 -90 -80z m1085 -710 l0 -360 -362 0 -363 0 360 360 c198 198 361 360 362 360 2 0 3 -162 3 -360z"/></g></svg>
  <svg x='514' y='560'><g transform="translate(0.052162597991,11.85902777) scale(0.00978030750568,-0.00975882522503)"><path class="sym-line" fill="black" d="M1031 1156 l-43 -44 28 -78 c33 -96 44 -250 23 -347 -45 -216 -187 -390 -391 -480 -153 -68 -355 -70 -507 -5 l-44 19 -44 -43 c-24 -23 -43 -45 -43 -49 0 -8 113 -63 170 -82 127 -42 327 -48 455 -13 257 71 461 277 537 542 32 111 32 295 0 407 -18 64 -85 217 -95 217 -2 0 -22 -20 -46 -44z"/></g></svg>
  <svg x='506' y='465'><g transform="translate(0.180759557901,19.7524059778) scale(0.00975093803673,-0.00984567638089)"><path class="sym-fill" fill="white" d="M1000 994 l0 -886 43 7 c69 11 138 34 197 64 l55 28 3 787 2 786 -32 20 c-40 25 -209 80 -243 80 l-25 0 0 -886z"/><path class="sym-line" fill="black" d="M665 1984 c-138 -28 -274 -87 -370 -161 -102 -79 -200 -219 -246 -350 -26 -76 -49 -184 -49 -234 l0 -39 105 0 105 0 0 29 c0 71 53 160 130 216 102 75 283 130 467 142 l93 6 0 -691 0 -692 -78 0 c-239 0 -482 72 -603 179 -50 44 -109 144 -109 185 0 25 -2 26 -56 26 l-57 0 5 -69 c10 -135 103 -277 240 -364 161 -103 411 -166 660 -167 347 0 578 136 713 421 71 152 78 196 83 559 4 350 -1 411 -45 533 -82 229 -266 388 -528 458 -104 28 -354 35 -460 13z m425 -114 c30 -7 90 -28 133 -48 l77 -35 0 -791 0 -792 -67 -32 c-69 -33 -169 -62 -210 -62 l-23 0 0 891 c0 843 1 890 18 886 9 -3 42 -11 72 -17z"/></g></svg>
  <svg x='477' y='466'><g transform="translate(0.140680065291,19.7447764976) scale(0.00975323237509,-0.00980219165214)"><path class="sym-fill" fill="white" d="M555 1850 c-49 -16 -105 -39 -123 -50 l-32 -20 2 -786 3 -787 55 -28 c59 -30 128 -53 198 -64 l42 -7 0 886 0 886 -27 0 c-16 -1 -68 -14 -118 -30z"/><path class="sym-line" fill="black" d="M620 1981 c-101 -24 -144 -38 -215 -74 -177 -88 -294 -216 -358 -394 -44 -122 -49 -183 -45 -533 4 -296 6 -332 26 -405 71 -259 227 -442 447 -524 222 -83 575 -64 844 46 227 93 366 252 379 434 l5 69 -57 0 c-54 0 -56 -1 -56 -26 0 -41 -59 -141 -109 -185 -121 -107 -364 -179 -603 -179 l-78 0 0 692 0 691 93 -6 c184 -12 365 -67 467 -142 77 -56 130 -145 130 -216 l0 -29 105 0 105 0 0 39 c0 89 -46 248 -101 352 -110 206 -311 344 -574 394 -108 20 -308 18 -405 -4z m80 -981 l0 -890 -23 0 c-41 0 -141 29 -209 62 l-68 32 0 791 0 792 73 34 c58 26 179 64 220 68 4 1 7 -399 7 -889z"/></g></svg>
  <svg x='506' y='436'><g transform="translate(-0.304173723996,23.7506512493) scale(0.0100519634259,-0.00983425572888)"><path class="sym-fill" fill="white" d="M1000 1650 l0 -750 150 0 150 0 0 750 0 750 -150 0 -150 0 0 -750z M1000 300 l0 -300 150 0 150 0 0 300 0 300 -150 0 -150 0 0 -300z"/><path class="sym-line" fill="black" d="M900 2100 l0 -300 -150 0 -150 0 0 252 0 253 -277 -278 -278 -277 278 -277 277 -278 0 253 0 252 150 0 150 0 0 -400 0 -400 -300 0 -300 0 0 -150 0 -150 300 0 300 0 0 -300 0 -300 50 0 50 0 0 300 0 300 150 0 150 0 0 -300 0 -300 50 0 50 0 0 299 0 299 113 4 c84 4 126 10 169 27 124 48 239 163 290 289 22 54 23 70 23 282 0 212 -1 228 -23 282 -51 126 -166 241 -290 289 -43 17 -85 23 -169 27 l-113 4 0 299 0 299 -50 0 -50 0 0 -750 0 -750 -150 0 -150 0 0 750 0 750 -50 0 -50 0 0 -300z m691 -422 c54 -18 116 -65 147 -111 49 -71 57 -109 57 -267 0 -158 -8 -196 -57 -267 -31 -46 -93 -93 -147 -111 -18 -7 -69 -15 -112 -18 l-79 -7 0 403 0 403 79 -7 c43 -3 94 -11 112 -18z"/></g></svg>
  <svg x='476' y='436'><g transform="translate(0.100005858255,23.7506512493) scale(0.0100519634259,-0.00983425572888)"><path class="sym-fill" fill="white" d="M700 1650 l0 -750 150 0 150 0 0 750 0 750 -150 0 -150 0 0 -750z M1500 1750 l0 -305 152 153 153 152 -153 152 -152 153 0 -305z M700 300 l0 -300 150 0 150 0 0 300 0 300 -150 0 -150 0 0 -300z"/><path class="sym-line" fill="black" d="M600 2101 l0 -299 -112 -4 c-85 -4 -127 -10 -170 -27 -124 -48 -239 -163 -290 -289 -22 -54 -23 -70 -23 -282 0 -212 1 -228 23 -282 51 -126 166 -241 290 -289 43 -17 85 -23 170 -27 l112 -4 0 -299 0 -299 50 0 50 0 0 300 0 300 150 0 150 0 0 -300 0 -300 50 0 50 0 0 300 0 300 300 0 300 0 0 150 0 150 -300 0 -300 0 0 400 0 400 150 0 150 0 0 -252 0 -253 277 278 278 277 -278 277 -277 278 0 -253 0 -252 -150 0 -150 0 0 300 0 300 -50 0 -50 0 0 -750 0 -750 -150 0 -150 0 0 750 0 750 -50 0 -50 0 0 -299z m1052 -503 l-152 -153 0 305 0 305 152 -153 153 -152 -153 -152z m-1052 -299 l0 -402 -79 7 c-43 3 -94 11 -112 18 -82 28 -159 105 -188 188 -18 51 -25 234 -13 312 13 84 36 132 87 183 64 64 137 91 258 94 l47 1 0 -401z"/></g></svg>
  <svg x='494' y='425'><g transform="translate(0.169849905175,5.76208528494) scale(0.0097007872376,-0.00950858679199)"><path class="sym-line" fill="black" d="M552 580 c-226 -60 -429 -239 -518 -459 -13 -33 -27 -73 -30 -90 l-6 -31 60 0 61 0 42 83 c54 103 163 217 264 273 205 113 445 113 650 0 101 -56 210 -170 264 -273 l42 -83 61 0 61 0 -7 31 c-22 111 -99 242 -206 349 -99 99 -217 167 -346 200 -105 27 -289 27 -392 0z"/></g></svg>
</svg>