<svg version='1.1' xmlns='http://www.w3.org/2000/svg' width='67' height='83' viewBox='482 473 67 83'>
  <text font-size='0'>AS16d10S37700S15a1aS20500S2ea06S33e00S31400M549x556S31400482x482S16d10524x494S2ea06519x473S37700532x514S15a1a520x544S20500539x527S33e00482x482S37808531x512</text>
  <svg x='482' y='482'><g transform="translate(0.149874875465,34.7500790925) scale(0.00988906872676,-0.00988956850125)"><path class="sym-line" fill="black" d="M1528 3484 c-592 -92 -1088 -447 -1348 -963 -125 -249 -180 -485 -180 -771 0 -480 183 -911 529 -1242 350 -336 780 -508 1271 -508 451 0 864 150 1193 434 326 281 517 620 591 1051 21 121 21 409 0 530 -43 252 -114 444 -237 639 -282 453 -741 750 -1284 831 -127 19 -413 18 -535 -1z m607 -173 c583 -126 1038 -523 1224 -1069 59 -173 75 -277 75 -492 0 -165 -3 -211 -22 -300 -71 -327 -228 -611 -458 -829 -186 -177 -381 -295 -614 -374 -176 -60 -282 -78 -490 -84 -247 -7 -416 19 -628 97 -549 201 -944 674 -1043 1250 -17 97 -17 383 0 480 99 576 495 1050 1043 1250 105 38 177 58 303 81 143 26 467 21 610 -10z M1030 2481 c-81 -26 -130 -54 -188 -106 -61 -55 -113 -152 -120 -225 l-5 -50 56 0 c54 0 55 0 61 34 15 78 98 153 211 189 84 26 239 21 310 -11 104 -47 161 -106 179 -184 6 -26 10 -28 61 -28 51 0 55 2 55 24 0 47 -40 152 -77 200 -50 65 -147 130 -232 156 -88 26 -232 27 -311 1z M2247 2475 c-159 -55 -271 -180 -292 -328 l-7 -48 58 3 c57 3 58 4 65 35 13 67 66 121 159 167 62 30 70 31 190 31 113 -1 130 -3 181 -26 94 -44 169 -128 169 -189 0 -18 6 -20 58 -20 l59 0 -8 53 c-20 151 -153 288 -324 333 -82 22 -228 17 -308 -11z"/></g></svg>
  <svg x='524' y='494'><g transform="translate(0.180759557901,19.7524059778) scale(0.00975093803673,-0.00984567638089)"><path class="sym-fill" fill="white" d="M1000 994 l0 -886 43 7 c69 11 138 34 197 64 l55 28 3 787 2 786 -32 20 c-40 25 -209 80 -243 80 l-25 0 0 -886z"/><path class="sym-line" fill="black" d="M665 1984 c-138 -28 -274 -87 -370 -161 -102 -79 -200 -219 -246 -350 -26 -76 -49 -184 -49 -234 l0 -39 105 0 105 0 0 29 c0 71 53 160 130 216 102 75 283 130 467 142 l93 6 0 -691 0 -692 -78 0 c-239 0 -482 72 -603 179 -50 44 -109 144 -109 185 0 25 -2 26 -56 26 l-57 0 5 -69 c10 -135 103 -277 240 -364 161 -103 411 -166 660 -167 347 0 578 136 713 421 71 152 78 196 83 559 4 350 -1 411 -45 533 -82 229 -266 388 -528 458 -104 28 -354 35 -460 13z m425 -114 c30 -7 90 -28 133 -48 l77 -35 0 -791 0 -792 -67 -32 c-69 -33 -169 -62 -210 -62 l-23 0 0 891 c0 843 1 890 18 886 9 -3 42 -11 72 -17z"/></g></svg>
  <svg x='519' y='473'><g transform="translate(0.150874599095,14.7014206045) scale(0.00983908254523,-0.00970742564338)"><path class="sym-line" fill="black" d="M580 1480 c-289 -54 -490 -170 -561 -325 -16 -34 -19 -66 -19 -205 0 -141 3 -171 20 -207 42 -94 168 -195 315 -253 66 -27 221 -70 253 -70 9 0 12 47 12 200 0 110 -2 200 -4 200 -24 0 -226 44 -268 59 -344 118 -274 294 151 381 136 28 372 40 771 40 607 0 829 -26 1018 -118 122 -59 156 -136 90 -202 -45 -45 -155 -95 -265 -122 l-93 -23 0 -197 c0 -159 3 -198 13 -198 26 0 143 42 222 80 100 48 203 139 239 212 25 50 26 59 26 217 0 140 -3 172 -19 206 -72 157 -271 271 -565 325 -102 19 -151 20 -675 19 -498 -1 -577 -3 -661 -19z M700 600 l0 -605 300 300 300 300 0 -300 0 -300 302 303 303 302 -303 302 -302 303 0 -300 0 -300 -300 300 -300 300 0 -605z"/></g></svg>
  <svg x='532' y='514'><g transform="translate(0.0,25.0) scale(0.01,-0.01)"><path class="sym-line" fill="black" d="M0 1250 l0 -1250 100 0 100 0 0 1250 0 1250 -100 0 -100 0 0 -1250z"/></g></svg>
  <svg x='520' y='544'><g transform="translate(0.150976194493,11.7516936221) scale(0.00983400277537,-0.00966938010173)"><path class="sym-fill" fill="white" d="M200 400 l0 -200 908 0 907 0 200 200 200 200 -1108 0 -1107 0 0 -200z"/><path class="sym-line" fill="black" d="M0 600 l0 -600 1053 0 1052 0 300 300 300 300 -300 300 -300 300 -1052 0 -1053 0 0 -600z m2225 -200 l-200 -200 -912 0 -913 0 0 200 0 200 1112 0 1113 0 -200 -200z"/></g></svg>
  <svg x='539' y='527'><g transform="translate(-0.221878406359,10.7500002304) scale(0.0103429235226,-0.00963778430032)"><path class="sym-line" fill="black" d="M430 895 l0 -205 -37 23 c-21 13 -95 61 -165 105 l-128 82 -36 -71 c-19 -40 -32 -75 -27 -79 4 -3 74 -48 156 -99 81 -51 147 -97 147 -101 0 -4 -66 -50 -147 -101 -82 -51 -152 -96 -156 -99 -5 -4 8 -39 27 -79 l36 -71 128 82 c70 44 144 92 165 105 l37 23 0 -205 0 -205 70 0 70 0 0 205 0 205 38 -23 c20 -13 94 -61 164 -105 l128 -82 36 71 c19 40 32 75 27 79 -4 3 -74 48 -155 99 -82 51 -148 97 -148 101 0 4 66 50 148 101 81 51 151 96 155 99 5 4 -8 39 -27 79 l-36 71 -128 -82 c-70 -44 -144 -92 -164 -105 l-38 -23 0 205 0 205 -70 0 -70 0 0 -205z"/></g></svg>
  <svg x='482' y='482'><g transform="translate(0.149874875465,34.7500790925) scale(0.00988906872676,-0.00988956850125)"><path class="sym-line" fill="black" d="M1528 3484 c-592 -92 -1088 -447 -1348 -963 -125 -249 -180 -485 -180 -771 0 -480 183 -911 529 -1242 350 -336 780 -508 1271 -508 451 0 864 150 1193 434 326 281 517 620 591 1051 21 121 21 409 0 530 -43 252 -114 444 -237 639 -282 453 -741 750 -1284 831 -127 19 -413 18 -535 -1z m607 -173 c583 -126 1038 -523 1224 -1069 59 -173 75 -277 75 -492 0 -165 -3 -211 -22 -300 -71 -327 -228 -611 -458 -829 -186 -177 -381 -295 -614 -374 -176 -60 -282 -78 -490 -84 -247 -7 -416 19 -628 97 -549 201 -944 674 -1043 1250 -17 97 -17 383 0 480 99 576 495 1050 1043 1250 105 38 177 58 303 81 143 26 467 21 610 -10z M1087 1105 l-67 -55 51 -65 c119 -151 277 -272 440 -335 131 -50 318 -65 459 -35 202 42 408 179 562 372 44 56 48 66 35 76 -8 7 -41 32 -73 57 -31 25 -59 40 -61 35 -12 -37 -94 -143 -156 -202 -133 -126 -264 -183 -440 -191 -117 -5 -193 6 -290 44 -128 50 -275 176 -348 298 -19 31 -36 56 -39 56 -4 0 -36 -25 -73 -55z"/></g></svg>
  <svg x='531' y='512'><g transform="translate(0.0,32.0) scale(0.01,-0.01)"><path class="sym-line" fill="black" d="M0 1600 l0 -1600 100 0 100 0 0 1600 0 1600 -100 0 -100 0 0 -1600z"/></g></svg>
</svg>