<svg version='1.1' xmlns='http://www.w3.org/2000/svg' width='50' height='89' viewBox='475 456 50 89'>
  <text font-size='0'>AS16d51S15a37S20500S20500S16d10S15a18S20500S20500M525x545S15a37475x456S16d51505x465S20500493x474S20500502x482S15a18475x516S20500490x519S20500490x534S16d10504x522</text>
  <svg x='475' y='456'><g transform="translate(-0.000223836172357,22.7560476437) scale(0.00989189550009,-0.00991168243272)"><path class="sym-fill" fill="white" d="M1438 1973 l-108 -108 -68 68 -67 67 -103 -103 -102 -102 67 -68 68 -67 -413 -413 -412 -412 275 -275 275 -275 413 413 412 412 68 -67 67 -68 102 102 103 103 -68 68 -67 67 110 110 110 110 0 272 0 273 -278 0 -277 0 -107 -107z"/><path class="sym-line" fill="black" d="M1327 2142 l-137 -137 70 -70 70 -70 113 113 113 112 269 -2 270 -3 3 -275 2 -274 -110 -111 -110 -110 70 -70 70 -70 140 140 140 140 0 412 0 413 -418 0 -417 0 -138 -138z M495 1310 l-480 -480 415 -415 415 -415 482 482 483 483 -70 70 -70 70 -413 -413 -412 -412 -275 275 -275 275 413 413 412 412 -68 68 c-37 37 -70 67 -72 67 -3 0 -221 -216 -485 -480z"/></g></svg>
  <svg x='505' y='465'><g transform="translate(0.15639896437,20.028072828) scale(0.00995523780475,-0.010042872742)"><path class="sym-line" fill="black" d="M730 1974 c-129 -27 -300 -112 -391 -193 l-42 -37 154 -151 c458 -446 1264 -1223 1269 -1222 13 2 116 130 151 188 78 129 104 235 96 386 -8 145 -41 242 -134 388 -51 81 -376 409 -491 497 -85 65 -207 123 -299 144 -87 19 -224 20 -313 0z M128 1542 c-153 -237 -170 -503 -48 -747 45 -90 133 -215 153 -215 7 0 43 31 81 69 l68 68 -35 46 c-87 115 -68 269 60 471 l56 89 -141 139 c-77 76 -144 138 -149 138 -4 0 -25 -26 -45 -58z M1355 338 c-127 -90 -257 -147 -375 -162 -60 -8 -143 8 -208 41 l-53 27 -36 -36 -36 -36 29 -26 c194 -175 496 -156 811 50 l86 55 -39 41 c-22 22 -55 52 -74 68 l-35 27 -70 -49z"/></g></svg>
  <svg x='493' y='474'><g transform="translate(-0.221878406359,10.7500002304) scale(0.0103429235226,-0.00963778430032)"><path class="sym-line" fill="black" d="M430 895 l0 -205 -37 23 c-21 13 -95 61 -165 105 l-128 82 -36 -71 c-19 -40 -32 -75 -27 -79 4 -3 74 -48 156 -99 81 -51 147 -97 147 -101 0 -4 -66 -50 -147 -101 -82 -51 -152 -96 -156 -99 -5 -4 8 -39 27 -79 l36 -71 128 82 c70 44 144 92 165 105 l37 23 0 -205 0 -205 70 0 70 0 0 205 0 205 38 -23 c20 -13 94 -61 164 -105 l128 -82 36 71 c19 40 32 75 27 79 -4 3 -74 48 -155 99 -82 51 -148 97 -148 101 0 4 66 50 148 101 81 51 151 96 155 99 5 4 -8 39 -27 79 l-36 71 -128 -82 c-70 -44 -144 -92 -164 -105 l-38 -23 0 205 0 205 -70 0 -70 0 0 -205z"/></g></svg>
  <svg x='502' y='482'><g transform="translate(-0.221878406359,10.7500002304) scale(0.0103429235226,-0.00963778430032)"><path class="sym-line" fill="black" d="M430 895 l0 -205 -37 23 c-21 13 -95 61 -165 105 l-128 82 -36 -71 c-19 -40 -32 -75 -27 -79 4 -3 74 -48 156 -99 81 -51 147 -97 147 -101 0 -4 -66 -50 -147 -101 -82 -51 -152 -96 -156 -99 -5 -4 8 -39 27 -79 l36 -71 128 82 c70 44 144 92 165 105 l37 23 0 -205 0 -205 70 0 70 0 0 205 0 205 38 -23 c20 -13 94 -61 164 -105 l128 -82 36 71 c19 40 32 75 27 79 -4 3 -74 48 -155 99 -82 51 -148 97 -148 101 0 4 66 50 148 101 81 51 151 96 155 99 5 4 -8 39 -27 79 l-36 71 -128 -82 c-70 -44 -144 -92 -164 -105 l-38 -23 0 205 0 205 -70 0 -70 0 0 -205z"/></g></svg>
  <svg x='475' y='516'><g transform="translate(0.0,27.0) scale(0.01,-0.01)"><path class="sym-fill" fill="white" d="M600 1307 l0 -1107 200 0 200 0 0 908 0 907 -200 200 -200 200 0 -1108z"/><path class="sym-line" fill="black" d="M297 2402 l-297 -297 0 -1053 0 -1052 600 0 600 0 0 1053 0 1052 -298 298 c-163 163 -299 297 -302 297 -3 0 -139 -134 -303 -298z m703 -1289 l0 -913 -200 0 -200 0 0 1112 0 1113 200 -200 200 -200 0 -912z"/></g></svg>
  <svg x='490' y='519'><g transform="translate(-0.221878406359,10.7500002304) scale(0.0103429235226,-0.00963778430032)"><path class="sym-line" fill="black" d="M430 895 l0 -205 -37 23 c-21 13 -95 61 -165 105 l-128 82 -36 -71 c-19 -40 -32 -75 -27 -79 4 -3 74 -48 156 -99 81 -51 147 -97 147 -101 0 -4 -66 -50 -147 -101 -82 -51 -152 -96 -156 -99 -5 -4 8 -39 27 -79 l36 -71 128 82 c70 44 144 92 165 105 l37 23 0 -205 0 -205 70 0 70 0 0 205 0 205 38 -23 c20 -13 94 -61 164 -105 l128 -82 36 71 c19 40 32 75 27 79 -4 3 -74 48 -155 99 -82 51 -148 97 -148 101 0 4 66 50 148 101 81 51 151 96 155 99 5 4 -8 39 -27 79 l-36 71 -128 -82 c-70 -44 -144 -92 -164 -105 l-38 -23 0 205 0 205 -70 0 -70 0 0 -205z"/></g></svg>
  <svg x='490' y='534'><g transform="translate(-0.221878406359,10.7500002304) scale(0.0103429235226,-0.00963778430032)"><path class="sym-line" fill="black" d="M430 895 l0 -205 -37 23 c-21 13 -95 61 -165 105 l-128 82 -36 -71 c-19 -40 -32 -75 -27 -79 4 -3 74 -48 156 -99 81 -51 147 -97 147 -101 0 -4 -66 -50 -147 -101 -82 -51 -152 -96 -156 -99 -5 -4 8 -39 27 -79 l36 -71 128 82 c70 44 144 92 165 105 l37 23 0 -205 0 -205 70 0 70 0 0 205 0 205 38 -23 c20 -13 94 -61 164 -105 l128 -82 36 71 c19 40 32 75 27 79 -4 3 -74 48 -155 99 -82 51 -148 97 -148 101 0 4 66 50 148 101 81 51 151 96 155 99 5 4 -8 39 -27 79 l-36 71 -128 -82 c-70 -44 -144 -92 -164 -105 l-38 -23 0 205 0 205 -70 0 -70 0 0 -205z"/></g></svg>
  <svg x='504' y='522'><g transform="translate(0.180759557901,19.7524059778) scale(0.00975093803673,-0.00984567638089)"><path class="sym-fill" fill="white" d="M1000 994 l0 -886 43 7 c69 11 138 34 197 64 l55 28 3 787 2 786 -32 20 c-40 25 -209 80 -243 80 l-25 0 0 -886z"/><path class="sym-line" fill="black" d="M665 1984 c-138 -28 -274 -87 -370 -161 -102 -79 -200 -219 -246 -350 -26 -76 -49 -184 -49 -234 l0 -39 105 0 105 0 0 29 c0 71 53 160 130 216 102 75 283 130 467 142 l93 6 0 -691 0 -692 -78 0 c-239 0 -482 72 -603 179 -50 44 -109 144 -109 185 0 25 -2 26 -56 26 l-57 0 5 -69 c10 -135 103 -277 240 -364 161 -103 411 -166 660 -167 347 0 578 136 713 421 71 152 78 196 83 559 4 350 -1 411 -45 533 -82 229 -266 388 -528 458 -104 28 -354 35 -460 13z m425 -114 c30 -7 90 -28 133 -48 l77 -35 0 -791 0 -792 -67 -32 c-69 -33 -169 -62 -210 -62 l-23 0 0 891 c0 843 1 890 18 886 9 -3 42 -11 72 -17z"/></g></svg>
</svg>