<svg version='1.1' xmlns='http://www.w3.org/2000/svg' width='165' height='32' viewBox='417 484 165 32'>
  <text font-size='0'>AS16d10S1fa10S1fb10S1fa10S1dc28S19220S11910S1fa10M582x516S16d10417x496S1fa10437x499S1fa10563x500S1fa10477x499S1fb10460x495S1dc28499x484S19220524x495S11910544x490</text>
  <svg x='417' y='496'><g transform="translate(0.180759557901,19.7524059778) scale(0.00975093803673,-0.00984567638089)"><path class="sym-fill" fill="white" d="M1000 994 l0 -886 43 7 c69 11 138 34 197 64 l55 28 3 787 2 786 -32 20 c-40 25 -209 80 -243 80 l-25 0 0 -886z"/><path class="sym-line" fill="black" d="M665 1984 c-138 -28 -274 -87 -370 -161 -102 -79 -200 -219 -246 -350 -26 -76 -49 -184 -49 -234 l0 -39 105 0 105 0 0 29 c0 71 53 160 130 216 102 75 283 130 467 142 l93 6 0 -691 0 -692 -78 0 c-239 0 -482 72 -603 179 -50 44 -109 144 -109 185 0 25 -2 26 -56 26 l-57 0 5 -69 c10 -135 103 -277 240 -364 161 -103 411 -166 660 -167 347 0 578 136 713 421 71 152 78 196 83 559 4 350 -1 411 -45 533 -82 229 -266 388 -528 458 -104 28 -354 35 -460 13z m425 -114 c30 -7 90 -28 133 -48 l77 -35 0 -791 0 -792 -67 -32 c-69 -33 -169 -62 -210 -62 l-23 0 0 891 c0 843 1 890 18 886 9 -3 42 -11 72 -17z"/></g></svg>
  <svg x='437' y='499'><g transform="translate(-0.0160608963522,14.7505211307) scale(0.0098772075919,-0.00973472242044)"><path class="sym-fill" fill="white" d="M710 750 l0 -550 270 0 270 0 0 550 0 550 -270 0 -270 0 0 -550z"/><path class="sym-line" fill="black" d="M518 960 l-3 -539 -163 307 c-89 169 -166 313 -171 320 -6 10 -25 3 -82 -34 -41 -26 -78 -50 -82 -54 -5 -4 105 -222 244 -484 l253 -476 693 0 693 0 0 750 0 750 -690 0 -690 0 -2 -540z m742 -210 l0 -550 -280 0 -280 0 0 550 0 550 280 0 280 0 0 -550z"/></g></svg>
  <svg x='563' y='500'><g transform="translate(-0.0160608963522,14.7505211307) scale(0.0098772075919,-0.00973472242044)"><path class="sym-fill" fill="white" d="M710 750 l0 -550 270 0 270 0 0 550 0 550 -270 0 -270 0 0 -550z"/><path class="sym-line" fill="black" d="M518 960 l-3 -539 -163 307 c-89 169 -166 313 -171 320 -6 10 -25 3 -82 -34 -41 -26 -78 -50 -82 -54 -5 -4 105 -222 244 -484 l253 -476 693 0 693 0 0 750 0 750 -690 0 -690 0 -2 -540z m742 -210 l0 -550 -280 0 -280 0 0 550 0 550 280 0 280 0 0 -550z"/></g></svg>
  <svg x='477' y='499'><g transform="translate(-0.0160608963522,14.7505211307) scale(0.0098772075919,-0.00973472242044)"><path class="sym-fill" fill="white" d="M710 750 l0 -550 270 0 270 0 0 550 0 550 -270 0 -270 0 0 -550z"/><path class="sym-line" fill="black" d="M518 960 l-3 -539 -163 307 c-89 169 -166 313 -171 320 -6 10 -25 3 -82 -34 -41 -26 -78 -50 -82 -54 -5 -4 105 -222 244 -484 l253 -476 693 0 693 0 0 750 0 750 -690 0 -690 0 -2 -540z m742 -210 l0 -550 -280 0 -280 0 0 550 0 550 280 0 280 0 0 -550z"/></g></svg>
  <svg x='460' y='495'><g transform="translate(0.0,19.0) scale(0.01,-0.01)"><path class="sym-fill" fill="white" d="M200 750 l0 -550 300 0 300 0 0 550 0 550 -300 0 -300 0 0 -550z"/><path class="sym-line" fill="black" d="M800 1700 l0 -200 -400 0 -400 0 0 -750 0 -750 750 0 750 0 0 750 0 750 -150 0 -150 0 0 200 0 200 -200 0 -200 0 0 -200z m0 -950 l0 -550 -300 0 -300 0 0 550 0 550 300 0 300 0 0 -550z"/></g></svg>
  <svg x='499' y='484'><g transform="translate(0.0,30.0) scale(0.01,-0.01)"><path class="sym-line" fill="black" d="M1300 2250 l0 -750 -650 0 -650 0 0 -750 0 -750 750 0 750 0 0 300 0 300 450 0 450 0 0 100 0 100 -450 0 -450 0 0 1100 0 1100 -100 0 -100 0 0 -750z"/></g></svg>
  <svg x='524' y='495'><g transform="translate(0.151301014747,18.749322358) scale(0.00981776176264,-0.00979417818707)"><path class="sym-line" fill="black" d="M1560 1665 l-245 -235 -657 0 -658 0 0 -715 0 -715 750 0 750 0 0 528 0 527 300 284 c166 157 299 290 298 296 -4 16 -270 265 -283 264 -5 0 -120 -105 -255 -234z"/></g></svg>
  <svg x='544' y='490'><g transform="translate(-0.149819886818,24.7481359523) scale(0.00994035231571,-0.00982397934865)"><path class="sym-fill" fill="white" d="M430 730 l0 -530 290 0 290 0 0 530 0 530 -290 0 -290 0 0 -530z"/><path class="sym-line" fill="black" d="M97 2432 c-37 -37 -67 -72 -67 -77 0 -6 199 -207 442 -447 l443 -437 -347 0 -348 -1 0 -735 0 -735 740 0 740 0 -1 738 -2 737 -518 515 -519 514 -70 -69 c-39 -38 -70 -74 -70 -80 0 -5 199 -207 442 -447 l443 -437 -100 0 -100 -1 -515 515 c-283 283 -517 515 -520 515 -3 0 -36 -30 -73 -68z m918 -1702 l0 -535 -295 0 -295 0 -3 538 -2 537 297 -2 298 -3 0 -535z"/></g></svg>
</svg>