<svg version='1.1' xmlns='http://www.w3.org/2000/svg' width='154' height='39' viewBox='423 480 154 39'>
  <text font-size='0'>AS16d48S2f900S1dc20S14a20S10e20S19220S1fb20S14a20M577x519S16d48423x489S2f900425x514S1dc20459x480S10e20504x481S19220522x492S1fb20544x492S14a20562x496S14a20486x495</text>
  <svg x='423' y='489'><g transform="translate(0.140419808728,19.7193170115) scale(0.00976677418001,-0.00978543975573)"><path class="sym-fill" fill="white" d="M615 1859 c-38 -11 -96 -32 -127 -46 l-58 -26 0 -789 0 -788 31 -19 c40 -24 170 -67 232 -75 l47 -7 0 885 0 886 -27 -1 c-16 0 -59 -9 -98 -20z"/><path class="sym-line" fill="black" d="M635 1975 c-294 -68 -491 -222 -583 -455 -49 -125 -54 -175 -50 -532 4 -330 4 -334 32 -423 45 -147 98 -237 201 -341 73 -74 106 -98 175 -132 109 -54 220 -83 343 -89 l97 -6 0 1002 0 1001 -57 -1 c-32 0 -103 -11 -158 -24z m105 -976 l0 -892 -49 6 c-60 7 -194 51 -238 79 l-33 20 0 787 0 788 58 26 c85 37 177 65 255 76 4 1 7 -400 7 -890z M1052 1784 l3 -208 69 -13 c148 -27 280 -83 359 -153 55 -49 85 -101 94 -165 l6 -45 108 0 109 0 0 39 c0 103 -64 290 -137 396 -128 189 -315 302 -576 349 l-37 7 2 -207z M1684 565 c-10 -54 -75 -147 -132 -188 -101 -74 -242 -126 -409 -150 l-88 -13 -3 -102 c-3 -102 -3 -103 20 -98 13 3 69 14 126 26 354 72 580 257 599 491 l6 69 -56 0 -56 0 -7 -35z"/></g></svg>
  <svg x='425' y='514'><g transform="translate(0.180786096011,4.75000053092) scale(0.00958087152387,-0.00920312606184)"><path class="sym-line" fill="black" d="M245 488 c-55 -20 -116 -69 -150 -121 -45 -68 -84 -193 -92 -289 l-6 -78 107 0 106 0 0 40 c0 57 36 145 71 175 37 30 91 33 131 7 15 -10 53 -49 85 -87 82 -98 136 -129 231 -134 87 -4 139 9 200 51 86 59 157 215 169 371 l6 77 -107 0 -106 0 0 -40 c0 -57 -36 -145 -71 -175 -37 -30 -91 -33 -131 -7 -15 10 -53 49 -85 87 -32 38 -81 83 -107 100 -44 27 -59 30 -135 32 -47 1 -99 -3 -116 -9z"/></g></svg>
  <svg x='459' y='480'><g transform="translate(0.0,30.0) scale(0.01,-0.01)"><path class="sym-line" fill="black" d="M900 1900 l0 -1100 -450 0 -450 0 0 -100 0 -100 450 0 450 0 0 -300 0 -300 750 0 750 0 0 750 0 750 -650 0 -650 0 0 750 0 750 -100 0 -100 0 0 -1100z"/></g></svg>
  <svg x='504' y='481'><g transform="translate(0.0,30.0) scale(0.01,-0.01)"><path class="sym-line" fill="black" d="M0 1500 l0 -1500 750 0 750 0 0 750 0 750 -502 0 -503 0 458 458 c251 251 457 459 457 462 0 3 -34 36 -76 74 l-76 69 -529 -529 -529 -529 0 748 0 747 -100 0 -100 0 0 -1500z"/></g></svg>
  <svg x='522' y='492'><g transform="translate(0.151301014747,18.749322358) scale(0.00981776176264,-0.00979417818707)"><path class="sym-line" fill="black" d="M1560 1665 l-245 -235 -657 0 -658 0 0 -715 0 -715 750 0 750 0 0 528 0 527 300 284 c166 157 299 290 298 296 -4 16 -270 265 -283 264 -5 0 -120 -105 -255 -234z"/></g></svg>
  <svg x='544' y='492'><g transform="translate(0.0,19.0) scale(0.01,-0.01)"><path class="sym-line" fill="black" d="M300 1700 l0 -200 -150 0 -150 0 0 -750 0 -750 750 0 750 0 0 750 0 750 -400 0 -400 0 0 200 0 200 -200 0 -200 0 0 -200z"/></g></svg>
  <svg x='562' y='496'><g transform="translate(-0.149900597859,14.7505211307) scale(0.00993234377835,-0.00973472242044)"><path class="sym-fill" fill="white" d="M20 750 l0 -150 445 0 445 0 0 150 0 150 -445 0 -445 0 0 -150z"/><path class="sym-line" fill="black" d="M30 1200 l0 -300 440 0 440 0 0 -150 0 -150 -440 0 -440 0 0 -300 0 -300 735 0 735 0 0 750 0 750 -735 0 -735 0 0 -300z"/></g></svg>
  <svg x='486' y='495'><g transform="translate(-0.149900597859,14.7505211307) scale(0.00993234377835,-0.00973472242044)"><path class="sym-fill" fill="white" d="M20 750 l0 -150 445 0 445 0 0 150 0 150 -445 0 -445 0 0 -150z"/><path class="sym-line" fill="black" d="M30 1200 l0 -300 440 0 440 0 0 -150 0 -150 -440 0 -440 0 0 -300 0 -300 735 0 735 0 0 750 0 750 -735 0 -735 0 0 -300z"/></g></svg>
</svg>