<svg version='1.1' xmlns='http://www.w3.org/2000/svg' width='140' height='52' viewBox='431 465 140 52'>
  <text font-size='0'>AS16d20S16d28S26506S26512S20320S20328S2fb00S30001S30007M571x517S30001482x482S30007482x482S16d20514x470S16d28468x470S26506535x474S26512449x474S20320556x473S20328431x473S2fb00492x465</text>
  <svg x='482' y='482'><g transform="translate(-0.114161977899,34.9175934836) scale(0.00998388206195,-0.00998546173601)"><path class="sym-line" fill="black" d="M1640 3480 c-226 -22 -427 -79 -635 -180 -524 -256 -875 -729 -966 -1305 -17 -103 -17 -387 0 -490 63 -395 236 -727 520 -997 273 -260 597 -417 986 -479 106 -17 407 -17 520 0 204 30 387 88 569 180 517 262 865 744 946 1311 16 109 16 351 0 460 -110 774 -724 1377 -1515 1489 -108 15 -319 21 -425 11z m331 -161 c383 -38 739 -206 1000 -472 302 -306 459 -682 459 -1100 0 -726 -502 -1346 -1239 -1532 -444 -112 -965 -9 -1350 267 -112 81 -290 260 -368 371 -119 169 -218 396 -257 590 -54 261 -32 580 55 812 l20 53 47 -14 c26 -8 94 -17 152 -20 139 -8 257 17 390 83 79 39 109 61 182 134 71 72 94 103 132 180 81 165 96 326 51 526 l-7 31 78 25 c210 66 435 89 655 66z m-874 -196 c16 -77 8 -234 -16 -302 -78 -222 -279 -373 -516 -388 -84 -5 -205 9 -205 25 0 14 88 153 144 227 79 106 234 258 335 329 78 56 229 146 243 146 4 0 11 -17 15 -37z"/></g></svg>
  <svg x='482' y='482'><g transform="translate(-0.0202640873613,34.8235379339) scale(0.00998278661735,-0.00997653818402)"><path class="sym-line" fill="black" d="M1650 3474 c-324 -38 -548 -110 -790 -254 -284 -168 -552 -464 -685 -755 -113 -247 -159 -457 -158 -730 0 -256 45 -464 149 -696 244 -548 766 -931 1389 -1020 115 -16 374 -16 490 0 799 113 1416 714 1526 1486 16 115 16 366 0 475 -59 392 -242 743 -527 1009 -272 254 -593 409 -974 471 -69 11 -361 21 -420 14z m368 -169 c56 -8 130 -22 165 -30 60 -15 187 -55 187 -58 0 -1 -7 -34 -15 -72 -19 -90 -19 -224 0 -317 9 -43 34 -112 62 -168 38 -76 63 -110 128 -175 129 -129 263 -193 449 -215 99 -12 232 -2 292 20 14 6 27 10 28 10 7 0 46 -119 65 -195 31 -129 42 -221 42 -365 0 -389 -134 -738 -399 -1035 -481 -540 -1281 -696 -1938 -379 -329 160 -595 421 -749 739 -108 222 -155 423 -155 673 0 200 24 345 90 529 152 427 528 798 963 952 262 92 532 122 785 86z m591 -196 c162 -89 326 -225 454 -379 76 -92 195 -275 185 -286 -9 -8 -121 -24 -173 -24 -136 1 -295 65 -394 160 -110 105 -169 228 -178 375 -5 74 10 195 24 195 4 0 40 -19 82 -41z"/></g></svg>
  <svg x='514' y='470'><g transform="translate(0.180759557901,19.7524059778) scale(0.00975093803673,-0.00984567638089)"><path class="sym-line" fill="black" d="M665 1984 c-138 -28 -274 -87 -370 -161 -102 -79 -200 -219 -246 -350 -26 -76 -49 -184 -49 -234 l0 -39 105 0 105 0 0 29 c0 71 53 160 130 216 102 75 283 130 467 142 l93 6 0 -691 0 -692 -78 0 c-239 0 -482 72 -603 179 -50 44 -109 144 -109 185 0 25 -2 26 -56 26 l-57 0 5 -69 c10 -135 103 -277 240 -364 161 -103 411 -166 660 -167 347 0 578 136 713 421 71 152 78 196 83 559 4 350 -1 411 -45 533 -82 229 -266 388 -528 458 -104 28 -354 35 -460 13z"/></g></svg>
  <svg x='468' y='470'><g transform="translate(0.140680065291,19.7447764976) scale(0.00975323237509,-0.00980219165214)"><path class="sym-line" fill="black" d="M620 1981 c-101 -24 -144 -38 -215 -74 -177 -88 -294 -216 -358 -394 -44 -122 -49 -183 -45 -533 4 -296 6 -332 26 -405 71 -259 227 -442 447 -524 222 -83 575 -64 844 46 227 93 366 252 379 434 l5 69 -57 0 c-54 0 -56 -1 -56 -26 0 -41 -59 -141 -109 -185 -121 -107 -364 -179 -603 -179 l-78 0 0 692 0 691 93 -6 c184 -12 365 -67 467 -142 77 -56 130 -145 130 -216 l0 -29 105 0 105 0 0 39 c0 89 -46 248 -101 352 -110 206 -311 344 -574 394 -108 20 -308 18 -405 -4z"/></g></svg>
  <svg x='535' y='474'><g transform="translate(0.149734255248,13.6974450331) scale(0.0097007872376,-0.00964308576999)"><path class="sym-line" fill="black" d="M800 1102 l0 -302 -400 0 -400 0 0 -100 0 -100 400 0 400 0 0 -302 0 -303 352 353 353 352 -353 352 -352 353 0 -303z"/></g></svg>
  <svg x='449' y='474'><g transform="translate(0.198128695057,13.7002011211) scale(0.0097007872376,-0.0096798311579)"><path class="sym-fill" fill="white" d="M370 925 l-225 -225 228 -228 227 -227 0 453 c0 248 -1 452 -3 452 -1 0 -103 -101 -227 -225z"/><path class="sym-line" fill="black" d="M345 1050 l-350 -350 353 -353 352 -352 0 303 0 302 400 0 400 0 0 100 0 100 -400 0 -400 0 -2 300 -3 300 -350 -350z m255 -352 l0 -453 -227 227 -228 228 225 225 c124 124 226 225 227 225 2 0 3 -204 3 -452z"/></g></svg>
  <svg x='556' y='473'><g transform="translate(0.0,15.0) scale(0.01,-0.01)"><path class="sym-line" fill="black" d="M0 750 l0 -750 750 0 750 0 0 750 0 750 -750 0 -750 0 0 -750z"/></g></svg>
  <svg x='431' y='473'><g transform="translate(0.0,15.0) scale(0.01,-0.01)"><path class="sym-line" fill="black" d="M0 750 l0 -750 750 0 750 0 0 750 0 750 -750 0 -750 0 0 -750z"/></g></svg>
  <svg x='492' y='465'><g transform="translate(0.169849905175,5.76208528494) scale(0.0097007872376,-0.00950858679199)"><path class="sym-line" fill="black" d="M552 580 c-226 -60 -429 -239 -518 -459 -13 -33 -27 -73 -30 -90 l-6 -31 60 0 61 0 42 83 c54 103 163 217 264 273 205 113 445 113 650 0 101 -56 210 -170 264 -273 l42 -83 61 0 61 0 -7 31 c-22 111 -99 242 -206 349 -99 99 -217 167 -346 200 -105 27 -289 27 -392 0z"/></g></svg>
</svg>