<svg version='1.1' xmlns='http://www.w3.org/2000/svg' width='120' height='57' viewBox='440 471 120 57'>
  <text font-size='0'>AS16d20S16d28S2df06S2df1eS2fb00S26626S16d20S16d28S2df06S2df1eS2fb00M560x528S2df1e517x479S2fb00530x471S16d28441x508S16d28520x507S16d20462x508S26626484x509S2df06540x480S16d20543x507S2df06461x480S2df1e440x480S2fb00453x471</text>
  <svg x='517' y='479'><g transform="translate(0.100005858255,23.7506512493) scale(0.0100519634259,-0.00983425572888)"><path class="sym-fill" fill="white" d="M700 1650 l0 -750 150 0 150 0 0 750 0 750 -150 0 -150 0 0 -750z M1500 1750 l0 -305 152 153 153 152 -153 152 -152 153 0 -305z M700 300 l0 -300 150 0 150 0 0 300 0 300 -150 0 -150 0 0 -300z"/><path class="sym-line" fill="black" d="M600 2101 l0 -299 -112 -4 c-85 -4 -127 -10 -170 -27 -124 -48 -239 -163 -290 -289 -22 -54 -23 -70 -23 -282 0 -212 1 -228 23 -282 51 -126 166 -241 290 -289 43 -17 85 -23 170 -27 l112 -4 0 -299 0 -299 50 0 50 0 0 300 0 300 150 0 150 0 0 -300 0 -300 50 0 50 0 0 300 0 300 300 0 300 0 0 150 0 150 -300 0 -300 0 0 400 0 400 150 0 150 0 0 -252 0 -253 277 278 278 277 -278 277 -277 278 0 -253 0 -252 -150 0 -150 0 0 300 0 300 -50 0 -50 0 0 -750 0 -750 -150 0 -150 0 0 750 0 750 -50 0 -50 0 0 -299z m1052 -503 l-152 -153 0 305 0 305 152 -153 153 -152 -153 -152z m-1052 -299 l0 -402 -79 7 c-43 3 -94 11 -112 18 -82 28 -159 105 -188 188 -18 51 -25 234 -13 312 13 84 36 132 87 183 64 64 137 91 258 94 l47 1 0 -401z"/></g></svg>
  <svg x='530' y='471'><g transform="translate(0.169849905175,5.76208528494) scale(0.0097007872376,-0.00950858679199)"><path class="sym-line" fill="black" d="M552 580 c-226 -60 -429 -239 -518 -459 -13 -33 -27 -73 -30 -90 l-6 -31 60 0 61 0 42 83 c54 103 163 217 264 273 205 113 445 113 650 0 101 -56 210 -170 264 -273 l42 -83 61 0 61 0 -7 31 c-22 111 -99 242 -206 349 -99 99 -217 167 -346 200 -105 27 -289 27 -392 0z"/></g></svg>
  <svg x='441' y='508'><g transform="translate(0.140680065291,19.7447764976) scale(0.00975323237509,-0.00980219165214)"><path class="sym-line" fill="black" d="M620 1981 c-101 -24 -144 -38 -215 -74 -177 -88 -294 -216 -358 -394 -44 -122 -49 -183 -45 -533 4 -296 6 -332 26 -405 71 -259 227 -442 447 -524 222 -83 575 -64 844 46 227 93 366 252 379 434 l5 69 -57 0 c-54 0 -56 -1 -56 -26 0 -41 -59 -141 -109 -185 -121 -107 -364 -179 -603 -179 l-78 0 0 692 0 691 93 -6 c184 -12 365 -67 467 -142 77 -56 130 -145 130 -216 l0 -29 105 0 105 0 0 39 c0 89 -46 248 -101 352 -110 206 -311 344 -574 394 -108 20 -308 18 -405 -4z"/></g></svg>
  <svg x='520' y='507'><g transform="translate(0.140680065291,19.7447764976) scale(0.00975323237509,-0.00980219165214)"><path class="sym-line" fill="black" d="M620 1981 c-101 -24 -144 -38 -215 -74 -177 -88 -294 -216 -358 -394 -44 -122 -49 -183 -45 -533 4 -296 6 -332 26 -405 71 -259 227 -442 447 -524 222 -83 575 -64 844 46 227 93 366 252 379 434 l5 69 -57 0 c-54 0 -56 -1 -56 -26 0 -41 -59 -141 -109 -185 -121 -107 -364 -179 -603 -179 l-78 0 0 692 0 691 93 -6 c184 -12 365 -67 467 -142 77 -56 130 -145 130 -216 l0 -29 105 0 105 0 0 39 c0 89 -46 248 -101 352 -110 206 -311 344 -574 394 -108 20 -308 18 -405 -4z"/></g></svg>
  <svg x='462' y='508'><g transform="translate(0.180759557901,19.7524059778) scale(0.00975093803673,-0.00984567638089)"><path class="sym-line" fill="black" d="M665 1984 c-138 -28 -274 -87 -370 -161 -102 -79 -200 -219 -246 -350 -26 -76 -49 -184 -49 -234 l0 -39 105 0 105 0 0 29 c0 71 53 160 130 216 102 75 283 130 467 142 l93 6 0 -691 0 -692 -78 0 c-239 0 -482 72 -603 179 -50 44 -109 144 -109 185 0 25 -2 26 -56 26 l-57 0 5 -69 c10 -135 103 -277 240 -364 161 -103 411 -166 660 -167 347 0 578 136 713 421 71 152 78 196 83 559 4 350 -1 411 -45 533 -82 229 -266 388 -528 458 -104 28 -354 35 -460 13z"/></g></svg>
  <svg x='484' y='509'><g transform="translate(0.150646944493,15.6976811299) scale(0.00985046527537,-0.00968799012796)"><path class="sym-line" fill="black" d="M2200 1460 l0 -144 258 -252 257 -252 -257 -259 -258 -258 0 -150 0 -150 402 403 403 402 -403 402 -402 403 0 -145z M0 800 l0 -100 1100 0 1100 0 0 100 0 100 -1100 0 -1100 0 0 -100z"/></g></svg>
  <svg x='540' y='480'><g transform="translate(-0.304173723996,23.7506512493) scale(0.0100519634259,-0.00983425572888)"><path class="sym-fill" fill="white" d="M1000 1650 l0 -750 150 0 150 0 0 750 0 750 -150 0 -150 0 0 -750z M1000 300 l0 -300 150 0 150 0 0 300 0 300 -150 0 -150 0 0 -300z"/><path class="sym-line" fill="black" d="M900 2100 l0 -300 -150 0 -150 0 0 252 0 253 -277 -278 -278 -277 278 -277 277 -278 0 253 0 252 150 0 150 0 0 -400 0 -400 -300 0 -300 0 0 -150 0 -150 300 0 300 0 0 -300 0 -300 50 0 50 0 0 300 0 300 150 0 150 0 0 -300 0 -300 50 0 50 0 0 299 0 299 113 4 c84 4 126 10 169 27 124 48 239 163 290 289 22 54 23 70 23 282 0 212 -1 228 -23 282 -51 126 -166 241 -290 289 -43 17 -85 23 -169 27 l-113 4 0 299 0 299 -50 0 -50 0 0 -750 0 -750 -150 0 -150 0 0 750 0 750 -50 0 -50 0 0 -300z m691 -422 c54 -18 116 -65 147 -111 49 -71 57 -109 57 -267 0 -158 -8 -196 -57 -267 -31 -46 -93 -93 -147 -111 -18 -7 -69 -15 -112 -18 l-79 -7 0 403 0 403 79 -7 c43 -3 94 -11 112 -18z"/></g></svg>
  <svg x='543' y='507'><g transform="translate(0.180759557901,19.7524059778) scale(0.00975093803673,-0.00984567638089)"><path class="sym-line" fill="black" d="M665 1984 c-138 -28 -274 -87 -370 -161 -102 -79 -200 -219 -246 -350 -26 -76 -49 -184 -49 -234 l0 -39 105 0 105 0 0 29 c0 71 53 160 130 216 102 75 283 130 467 142 l93 6 0 -691 0 -692 -78 0 c-239 0 -482 72 -603 179 -50 44 -109 144 -109 185 0 25 -2 26 -56 26 l-57 0 5 -69 c10 -135 103 -277 240 -364 161 -103 411 -166 660 -167 347 0 578 136 713 421 71 152 78 196 83 559 4 350 -1 411 -45 533 -82 229 -266 388 -528 458 -104 28 -354 35 -460 13z"/></g></svg>
  <svg x='461' y='480'><g transform="translate(-0.304173723996,23.7506512493) scale(0.0100519634259,-0.00983425572888)"><path class="sym-fill" fill="white" d="M1000 1650 l0 -750 150 0 150 0 0 750 0 750 -150 0 -150 0 0 -750z M1000 300 l0 -300 150 0 150 0 0 300 0 300 -150 0 -150 0 0 -300z"/><path class="sym-line" fill="black" d="M900 2100 l0 -300 -150 0 -150 0 0 252 0 253 -277 -278 -278 -277 278 -277 277 -278 0 253 0 252 150 0 150 0 0 -400 0 -400 -300 0 -300 0 0 -150 0 -150 300 0 300 0 0 -300 0 -300 50 0 50 0 0 300 0 300 150 0 150 0 0 -300 0 -300 50 0 50 0 0 299 0 299 113 4 c84 4 126 10 169 27 124 48 239 163 290 289 22 54 23 70 23 282 0 212 -1 228 -23 282 -51 126 -166 241 -290 289 -43 17 -85 23 -169 27 l-113 4 0 299 0 299 -50 0 -50 0 0 -750 0 -750 -150 0 -150 0 0 750 0 750 -50 0 -50 0 0 -300z m691 -422 c54 -18 116 -65 147 -111 49 -71 57 -109 57 -267 0 -158 -8 -196 -57 -267 -31 -46 -93 -93 -147 -111 -18 -7 -69 -15 -112 -18 l-79 -7 0 403 0 403 79 -7 c43 -3 94 -11 112 -18z"/></g></svg>
  <svg x='440' y='480'><g transform="translate(0.100005858255,23.7506512493) scale(0.0100519634259,-0.00983425572888)"><path class="sym-fill" fill="white" d="M700 1650 l0 -750 150 0 150 0 0 750 0 750 -150 0 -150 0 0 -750z M1500 1750 l0 -305 152 153 153 152 -153 152 -152 153 0 -305z M700 300 l0 -300 150 0 150 0 0 300 0 300 -150 0 -150 0 0 -300z"/><path class="sym-line" fill="black" d="M600 2101 l0 -299 -112 -4 c-85 -4 -127 -10 -170 -27 -124 -48 -239 -163 -290 -289 -22 -54 -23 -70 -23 -282 0 -212 1 -228 23 -282 51 -126 166 -241 290 -289 43 -17 85 -23 170 -27 l112 -4 0 -299 0 -299 50 0 50 0 0 300 0 300 150 0 150 0 0 -300 0 -300 50 0 50 0 0 300 0 300 300 0 300 0 0 150 0 150 -300 0 -300 0 0 400 0 400 150 0 150 0 0 -252 0 -253 277 278 278 277 -278 277 -277 278 0 -253 0 -252 -150 0 -150 0 0 300 0 300 -50 0 -50 0 0 -750 0 -750 -150 0 -150 0 0 750 0 750 -50 0 -50 0 0 -299z m1052 -503 l-152 -153 0 305 0 305 152 -153 153 -152 -153 -152z m-1052 -299 l0 -402 -79 7 c-43 3 -94 11 -112 18 -82 28 -159 105 -188 188 -18 51 -25 234 -13 312 13 84 36 132 87 183 64 64 137 91 258 94 l47 1 0 -401z"/></g></svg>
  <svg x='453' y='471'><g transform="translate(0.169849905175,5.76208528494) scale(0.0097007872376,-0.00950858679199)"><path class="sym-line" fill="black" d="M552 580 c-226 -60 -429 -239 -518 -459 -13 -33 -27 -73 -30 -90 l-6 -31 60 0 61 0 42 83 c54 103 163 217 264 273 205 113 445 113 650 0 101 -56 210 -170 264 -273 l42 -83 61 0 61 0 -7 31 c-22 111 -99 242 -206 349 -99 99 -217 167 -346 200 -105 27 -289 27 -392 0z"/></g></svg>
</svg>