<svg version='1.1' xmlns='http://www.w3.org/2000/svg' width='157' height='31' viewBox='422 485 157 31'>
  <text font-size='0'>AS16d20S16d28S26506S26512S20328S20320S21800S21800S26506S26512S2fb00M579x516S21800544x489S21800440x489S26512461x501S20328442x500S20320546x500S26506564x501S2fb00492x485S16d20503x496S16d28481x496S26512422x501S26506525x500</text>
  <svg x='544' y='489'><g transform="translate(0.14408817461,7.7569354617) scale(0.00978355125495,-0.00959794917003)"><path class="sym-line" fill="black" d="M275 784 c-126 -44 -218 -136 -258 -258 -22 -64 -22 -188 0 -252 56 -169 203 -274 383 -274 180 0 327 105 383 274 22 64 22 188 0 252 -41 122 -134 216 -257 257 -61 21 -195 21 -251 1z M1275 784 c-90 -32 -160 -84 -208 -157 -48 -73 -67 -137 -67 -227 0 -230 170 -400 400 -400 180 0 327 105 383 274 22 64 22 188 0 252 -41 122 -134 216 -257 257 -61 21 -195 21 -251 1z"/></g></svg>
  <svg x='440' y='489'><g transform="translate(0.14408817461,7.7569354617) scale(0.00978355125495,-0.00959794917003)"><path class="sym-line" fill="black" d="M275 784 c-126 -44 -218 -136 -258 -258 -22 -64 -22 -188 0 -252 56 -169 203 -274 383 -274 180 0 327 105 383 274 22 64 22 188 0 252 -41 122 -134 216 -257 257 -61 21 -195 21 -251 1z M1275 784 c-90 -32 -160 -84 -208 -157 -48 -73 -67 -137 -67 -227 0 -230 170 -400 400 -400 180 0 327 105 383 274 22 64 22 188 0 252 -41 122 -134 216 -257 257 -61 21 -195 21 -251 1z"/></g></svg>
  <svg x='461' y='501'><g transform="translate(0.198128695057,13.7002011211) scale(0.0097007872376,-0.0096798311579)"><path class="sym-fill" fill="white" d="M370 925 l-225 -225 228 -228 227 -227 0 453 c0 248 -1 452 -3 452 -1 0 -103 -101 -227 -225z"/><path class="sym-line" fill="black" d="M345 1050 l-350 -350 353 -353 352 -352 0 303 0 302 400 0 400 0 0 100 0 100 -400 0 -400 0 -2 300 -3 300 -350 -350z m255 -352 l0 -453 -227 227 -228 228 225 225 c124 124 226 225 227 225 2 0 3 -204 3 -452z"/></g></svg>
  <svg x='442' y='500'><g transform="translate(0.0,15.0) scale(0.01,-0.01)"><path class="sym-line" fill="black" d="M0 750 l0 -750 750 0 750 0 0 750 0 750 -750 0 -750 0 0 -750z"/></g></svg>
  <svg x='546' y='500'><g transform="translate(0.0,15.0) scale(0.01,-0.01)"><path class="sym-line" fill="black" d="M0 750 l0 -750 750 0 750 0 0 750 0 750 -750 0 -750 0 0 -750z"/></g></svg>
  <svg x='564' y='501'><g transform="translate(0.149734255248,13.6974450331) scale(0.0097007872376,-0.00964308576999)"><path class="sym-line" fill="black" d="M800 1102 l0 -302 -400 0 -400 0 0 -100 0 -100 400 0 400 0 0 -302 0 -303 352 353 353 352 -353 352 -352 353 0 -303z"/></g></svg>
  <svg x='492' y='485'><g transform="translate(0.169849905175,5.76208528494) scale(0.0097007872376,-0.00950858679199)"><path class="sym-line" fill="black" d="M552 580 c-226 -60 -429 -239 -518 -459 -13 -33 -27 -73 -30 -90 l-6 -31 60 0 61 0 42 83 c54 103 163 217 264 273 205 113 445 113 650 0 101 -56 210 -170 264 -273 l42 -83 61 0 61 0 -7 31 c-22 111 -99 242 -206 349 -99 99 -217 167 -346 200 -105 27 -289 27 -392 0z"/></g></svg>
  <svg x='503' y='496'><g transform="translate(0.180759557901,19.7524059778) scale(0.00975093803673,-0.00984567638089)"><path class="sym-line" fill="black" d="M665 1984 c-138 -28 -274 -87 -370 -161 -102 -79 -200 -219 -246 -350 -26 -76 -49 -184 -49 -234 l0 -39 105 0 105 0 0 29 c0 71 53 160 130 216 102 75 283 130 467 142 l93 6 0 -691 0 -692 -78 0 c-239 0 -482 72 -603 179 -50 44 -109 144 -109 185 0 25 -2 26 -56 26 l-57 0 5 -69 c10 -135 103 -277 240 -364 161 -103 411 -166 660 -167 347 0 578 136 713 421 71 152 78 196 83 559 4 350 -1 411 -45 533 -82 229 -266 388 -528 458 -104 28 -354 35 -460 13z"/></g></svg>
  <svg x='481' y='496'><g transform="translate(0.140680065291,19.7447764976) scale(0.00975323237509,-0.00980219165214)"><path class="sym-line" fill="black" d="M620 1981 c-101 -24 -144 -38 -215 -74 -177 -88 -294 -216 -358 -394 -44 -122 -49 -183 -45 -533 4 -296 6 -332 26 -405 71 -259 227 -442 447 -524 222 -83 575 -64 844 46 227 93 366 252 379 434 l5 69 -57 0 c-54 0 -56 -1 -56 -26 0 -41 -59 -141 -109 -185 -121 -107 -364 -179 -603 -179 l-78 0 0 692 0 691 93 -6 c184 -12 365 -67 467 -142 77 -56 130 -145 130 -216 l0 -29 105 0 105 0 0 39 c0 89 -46 248 -101 352 -110 206 -311 344 -574 394 -108 20 -308 18 -405 -4z"/></g></svg>
  <svg x='422' y='501'><g transform="translate(0.198128695057,13.7002011211) scale(0.0097007872376,-0.0096798311579)"><path class="sym-fill" fill="white" d="M370 925 l-225 -225 228 -228 227 -227 0 453 c0 248 -1 452 -3 452 -1 0 -103 -101 -227 -225z"/><path class="sym-line" fill="black" d="M345 1050 l-350 -350 353 -353 352 -352 0 303 0 302 400 0 400 0 0 100 0 100 -400 0 -400 0 -2 300 -3 300 -350 -350z m255 -352 l0 -453 -227 227 -228 228 225 225 c124 124 226 225 227 225 2 0 3 -204 3 -452z"/></g></svg>
  <svg x='525' y='500'><g transform="translate(0.149734255248,13.6974450331) scale(0.0097007872376,-0.00964308576999)"><path class="sym-line" fill="black" d="M800 1102 l0 -302 -400 0 -400 0 0 -100 0 -100 400 0 400 0 0 -302 0 -303 352 353 353 352 -353 352 -352 353 0 -303z"/></g></svg>
</svg>