<svg version='1.1' xmlns='http://www.w3.org/2000/svg' width='146' height='100' viewBox='478 482 146 100'>
  <text font-size='0'>AS16d28S22a03S16d28S15a18S20500S30006S15a40S15a48S22a04S22a14S2fb04M624x582S30006482x482S16d28520x491S22a03513x518S16d28493x534S15a18478x529S20500491x556S15a40610x531S15a48581x531S22a04580x563S22a14611x564S2fb04596x576</text>
  <svg x='482' y='482'><g transform="translate(0.149874875465,34.7500790925) scale(0.00988906872676,-0.00988956850125)"><path class="sym-line" fill="black" d="M1528 3484 c-592 -92 -1088 -447 -1348 -963 -125 -249 -180 -485 -180 -771 0 -480 183 -911 529 -1242 350 -336 780 -508 1271 -508 451 0 864 150 1193 434 326 281 517 620 591 1051 21 121 21 409 0 530 -43 252 -114 444 -237 639 -282 453 -741 750 -1284 831 -127 19 -413 18 -535 -1z m607 -173 c453 -98 821 -352 1068 -737 48 -76 87 -148 87 -161 0 -5 -25 -23 -56 -42 -139 -83 -271 -246 -321 -395 -25 -73 -27 -95 -27 -226 0 -131 2 -153 27 -226 50 -149 182 -312 321 -395 31 -19 56 -37 56 -42 0 -26 -102 -192 -190 -307 -98 -129 -285 -294 -432 -381 -160 -96 -350 -170 -533 -209 -142 -31 -430 -39 -575 -16 -130 21 -230 46 -338 86 -549 201 -944 674 -1043 1250 -17 97 -17 383 0 480 99 576 495 1050 1043 1250 105 38 177 58 303 81 143 26 467 21 610 -10z m1277 -1266 c19 -84 22 -131 22 -295 0 -202 -7 -253 -54 -429 l-22 -79 -36 21 c-21 11 -71 55 -113 97 -116 117 -162 227 -162 390 0 52 5 115 12 139 36 128 132 260 243 334 l53 35 18 -56 c10 -31 27 -101 39 -157z"/></g></svg>
  <svg x='520' y='491'><g transform="translate(0.140680065291,19.7447764976) scale(0.00975323237509,-0.00980219165214)"><path class="sym-line" fill="black" d="M620 1981 c-101 -24 -144 -38 -215 -74 -177 -88 -294 -216 -358 -394 -44 -122 -49 -183 -45 -533 4 -296 6 -332 26 -405 71 -259 227 -442 447 -524 222 -83 575 -64 844 46 227 93 366 252 379 434 l5 69 -57 0 c-54 0 -56 -1 -56 -26 0 -41 -59 -141 -109 -185 -121 -107 -364 -179 -603 -179 l-78 0 0 692 0 691 93 -6 c184 -12 365 -67 467 -142 77 -56 130 -145 130 -216 l0 -29 105 0 105 0 0 39 c0 89 -46 248 -101 352 -110 206 -311 344 -574 394 -108 20 -308 18 -405 -4z"/></g></svg>
  <svg x='513' y='518'><g transform="translate(0.150473191431,14.0633483059) scale(0.00985915292844,-0.0100666588668)"><path class="sym-fill" fill="white" d="M665 944 c-148 -157 -270 -291 -270 -298 0 -8 44 -59 97 -114 l98 -101 276 290 276 289 -21 27 c-11 16 -57 65 -103 110 l-83 82 -270 -285z"/><path class="sym-line" fill="black" d="M520 1091 l-275 -291 -122 128 -122 127 -1 -512 0 -513 486 0 c462 0 486 1 473 18 -7 9 -60 65 -117 124 -71 73 -101 111 -96 120 4 7 125 136 269 286 143 150 261 278 263 285 1 7 -28 43 -66 80 l-68 68 -273 -288 c-150 -159 -276 -289 -280 -291 -4 -1 -53 47 -109 107 l-101 109 274 288 c151 159 275 293 275 298 0 4 -30 40 -67 78 l-68 69 -275 -290z"/></g></svg>
  <svg x='493' y='534'><g transform="translate(0.140680065291,19.7447764976) scale(0.00975323237509,-0.00980219165214)"><path class="sym-line" fill="black" d="M620 1981 c-101 -24 -144 -38 -215 -74 -177 -88 -294 -216 -358 -394 -44 -122 -49 -183 -45 -533 4 -296 6 -332 26 -405 71 -259 227 -442 447 -524 222 -83 575 -64 844 46 227 93 366 252 379 434 l5 69 -57 0 c-54 0 -56 -1 -56 -26 0 -41 -59 -141 -109 -185 -121 -107 -364 -179 -603 -179 l-78 0 0 692 0 691 93 -6 c184 -12 365 -67 467 -142 77 -56 130 -145 130 -216 l0 -29 105 0 105 0 0 39 c0 89 -46 248 -101 352 -110 206 -311 344 -574 394 -108 20 -308 18 -405 -4z"/></g></svg>
  <svg x='478' y='529'><g transform="translate(0.0,27.0) scale(0.01,-0.01)"><path class="sym-fill" fill="white" d="M600 1307 l0 -1107 200 0 200 0 0 908 0 907 -200 200 -200 200 0 -1108z"/><path class="sym-line" fill="black" d="M297 2402 l-297 -297 0 -1053 0 -1052 600 0 600 0 0 1053 0 1052 -298 298 c-163 163 -299 297 -302 297 -3 0 -139 -134 -303 -298z m703 -1289 l0 -913 -200 0 -200 0 0 1112 0 1113 200 -200 200 -200 0 -912z"/></g></svg>
  <svg x='491' y='556'><g transform="translate(-0.221878406359,10.7500002304) scale(0.0103429235226,-0.00963778430032)"><path class="sym-line" fill="black" d="M430 895 l0 -205 -37 23 c-21 13 -95 61 -165 105 l-128 82 -36 -71 c-19 -40 -32 -75 -27 -79 4 -3 74 -48 156 -99 81 -51 147 -97 147 -101 0 -4 -66 -50 -147 -101 -82 -51 -152 -96 -156 -99 -5 -4 8 -39 27 -79 l36 -71 128 82 c70 44 144 92 165 105 l37 23 0 -205 0 -205 70 0 70 0 0 205 0 205 38 -23 c20 -13 94 -61 164 -105 l128 -82 36 71 c19 40 32 75 27 79 -4 3 -74 48 -155 99 -82 51 -148 97 -148 101 0 4 66 50 148 101 81 51 151 96 155 99 5 4 -8 39 -27 79 l-36 71 -128 -82 c-70 -44 -144 -92 -164 -105 l-38 -23 0 205 0 205 -70 0 -70 0 0 -205z"/></g></svg>
  <svg x='610' y='531'><g transform="translate(0.0,27.0) scale(0.01,-0.01)"><path class="sym-fill" fill="white" d="M398 2213 l-198 -198 0 -158 0 -157 -100 0 -100 0 0 -150 0 -150 100 0 100 0 0 -600 0 -600 200 0 200 0 0 600 0 600 300 0 300 0 0 150 0 150 -300 0 -300 0 -2 355 -3 355 -197 -197z"/><path class="sym-line" fill="black" d="M297 2402 l-297 -297 0 -203 0 -202 100 0 100 0 0 163 0 162 200 200 200 200 0 -363 0 -362 300 0 300 0 0 203 0 202 -298 298 c-163 163 -299 297 -302 297 -3 0 -139 -134 -303 -298z M0 700 l0 -700 600 0 600 0 0 700 0 700 -300 0 -300 0 0 -600 0 -600 -200 0 -200 0 0 600 0 600 -100 0 -100 0 0 -700z"/></g></svg>
  <svg x='581' y='531'><g transform="translate(0.0,27.0) scale(0.01,-0.01)"><path class="sym-fill" fill="white" d="M600 2057 l0 -357 -300 0 -300 0 0 -150 0 -150 300 0 300 0 0 -600 0 -600 200 0 200 0 0 600 0 600 100 0 100 0 0 150 0 150 -100 0 -100 0 0 158 0 157 -200 200 -200 200 0 -358z"/><path class="sym-line" fill="black" d="M297 2402 l-297 -297 0 -203 0 -202 300 0 300 0 0 362 0 363 200 -200 200 -200 0 -162 0 -163 100 0 100 0 0 203 0 202 -298 298 c-163 163 -299 297 -302 297 -3 0 -139 -134 -303 -298z M0 700 l0 -700 600 0 600 0 0 700 0 700 -100 0 -100 0 0 -600 0 -600 -200 0 -200 0 0 600 0 600 -300 0 -300 0 0 -700z"/></g></svg>
  <svg x='580' y='563'><g transform="translate(0.043463926586,14.7505211307) scale(0.00985915292844,-0.00973472242044)"><path class="sym-fill" fill="white" d="M510 1100 l0 -400 140 0 140 0 0 400 0 400 -140 0 -140 0 0 -400z"/><path class="sym-line" fill="black" d="M330 1100 l0 -400 -159 -2 -160 -3 315 -347 c174 -192 319 -348 324 -348 5 0 150 156 324 348 l315 347 -160 3 -159 2 0 400 0 400 -90 0 -90 0 0 -400 0 -400 -140 0 -140 0 0 400 0 400 -90 0 -90 0 0 -400z"/></g></svg>
  <svg x='611' y='564'><g transform="translate(0.043463926586,14.7505211307) scale(0.00985915292844,-0.00973472242044)"><path class="sym-fill" fill="white" d="M510 1100 l0 -400 140 0 140 0 0 400 0 400 -140 0 -140 0 0 -400z M277 557 c144 -163 368 -407 373 -407 5 0 229 244 373 407 l39 43 -412 0 -412 0 39 -43z"/><path class="sym-line" fill="black" d="M330 1100 l0 -400 -159 -2 -160 -3 315 -347 c174 -192 319 -348 324 -348 5 0 150 156 324 348 l315 347 -160 3 -159 2 0 400 0 400 -90 0 -90 0 0 -400 0 -400 -140 0 -140 0 0 400 0 400 -90 0 -90 0 0 -400z m714 -522 c-82 -96 -388 -428 -394 -428 -6 0 -312 332 -394 428 l-19 22 413 0 413 0 -19 -22z"/></g></svg>
  <svg x='596' y='576'><g transform="translate(0.178125321737,5.7484375) scale(0.00969593203301,-0.00933333333333)"><path class="sym-line" fill="black" d="M4 569 c22 -111 99 -242 206 -349 151 -151 320 -220 540 -220 220 0 389 69 540 220 107 107 184 238 206 349 l7 31 -61 0 -61 0 -42 -82 c-54 -104 -163 -218 -264 -274 -154 -85 -340 -108 -501 -61 -176 51 -331 177 -413 335 l-42 82 -61 0 -61 0 7 -31z"/></g></svg>
</svg>