<svg version='1.1' xmlns='http://www.w3.org/2000/svg' width='63' height='126' viewBox='468 437 63 126'>
  <text font-size='0'>AS16f51S15a57S16f59S15a51S2b702S2b707S20500S20500M531x563S15a57490x461S16f59494x511S2b702468x474S20500487x458S15a51486x533S16f51483x437S2b707506x545S20500504x531</text>
  <svg x='490' y='461'><g transform="translate(-0.000223836172357,22.7560476437) scale(0.00989189550009,-0.00991168243272)"><path class="sym-fill" fill="white" d="M1092 1897 l-102 -102 410 -410 410 -410 102 103 103 102 -410 410 -410 410 -103 -103z"/><path class="sym-line" fill="black" d="M1327 2142 l-137 -137 415 -415 415 -415 140 140 140 140 0 412 0 413 -418 0 -417 0 -138 -138z M495 1310 l-480 -480 415 -415 415 -415 482 482 483 483 -412 412 c-227 227 -415 413 -418 413 -3 0 -221 -216 -485 -480z"/></g></svg>
  <svg x='494' y='511'><g transform="translate(-0.208135236552,19.9146235736) scale(0.00997974986343,-0.0100272149987)"><path class="sym-line" fill="black" d="M70 1574 c0 -219 4 -394 9 -392 4 2 54 51 110 109 l101 107 0 286 0 286 -110 0 -110 0 0 -396z M1105 1843 c-131 -14 -290 -80 -400 -168 -38 -30 -154 -143 -257 -250 -242 -252 -324 -375 -385 -572 -23 -77 -27 -105 -27 -228 -1 -148 8 -193 60 -317 31 -74 101 -182 158 -244 l46 -49 52 57 c29 32 362 378 740 770 378 392 688 718 690 723 5 19 -166 145 -256 189 -107 52 -181 74 -268 81 -35 3 -76 7 -93 8 -16 2 -43 2 -60 0z M1758 1245 l-148 -153 55 -87 c80 -128 117 -229 123 -341 4 -84 2 -96 -22 -150 -15 -33 -37 -69 -49 -82 l-21 -23 81 -81 81 -81 46 59 c66 84 142 242 171 358 43 171 31 357 -36 526 -36 89 -107 210 -123 209 -6 -1 -77 -70 -158 -154z"/></g></svg>
  <svg x='468' y='474'><g transform="translate(-0.00126656914664,18.3335334579) scale(0.0100941225012,-0.0106004643615)"><path class="sym-line" fill="black" d="M558 1704 c-89 -21 -148 -56 -236 -139 -114 -107 -147 -175 -147 -300 0 -111 25 -172 106 -259 l54 -58 -160 -159 -160 -159 368 0 367 0 0 350 c0 207 -4 350 -9 350 -5 0 -81 -70 -169 -155 l-160 -155 -56 60 c-119 130 -112 264 23 395 87 85 119 100 212 100 68 -1 84 -5 153 -38 70 -35 106 -67 414 -366 363 -354 390 -387 463 -562 45 -111 114 -332 139 -449 12 -58 24 -107 26 -109 2 -2 153 142 335 320 l331 324 -38 8 c-286 62 -476 122 -642 203 -125 61 -132 66 -462 389 -273 267 -358 343 -411 370 -105 54 -225 68 -341 39z"/></g></svg>
  <svg x='487' y='458'><g transform="translate(-0.221878406359,10.7500002304) scale(0.0103429235226,-0.00963778430032)"><path class="sym-line" fill="black" d="M430 895 l0 -205 -37 23 c-21 13 -95 61 -165 105 l-128 82 -36 -71 c-19 -40 -32 -75 -27 -79 4 -3 74 -48 156 -99 81 -51 147 -97 147 -101 0 -4 -66 -50 -147 -101 -82 -51 -152 -96 -156 -99 -5 -4 8 -39 27 -79 l36 -71 128 82 c70 44 144 92 165 105 l37 23 0 -205 0 -205 70 0 70 0 0 205 0 205 38 -23 c20 -13 94 -61 164 -105 l128 -82 36 71 c19 40 32 75 27 79 -4 3 -74 48 -155 99 -82 51 -148 97 -148 101 0 4 66 50 148 101 81 51 151 96 155 99 5 4 -8 39 -27 79 l-36 71 -128 -82 c-70 -44 -144 -92 -164 -105 l-38 -23 0 205 0 205 -70 0 -70 0 0 -205z"/></g></svg>
  <svg x='486' y='533'><g transform="translate(-0.0476493766782,22.899520137) scale(0.00991202148038,-0.00989177505957)"><path class="sym-fill" fill="white" d="M707 1602 l-407 -407 103 -103 102 -102 410 410 410 410 -100 100 c-55 55 -102 100 -105 100 -3 0 -188 -183 -413 -408z"/><path class="sym-line" fill="black" d="M20 1882 l0 -417 138 -138 137 -137 415 415 415 415 -140 140 -140 140 -412 0 -413 0 0 -418z M920 1395 l-415 -415 483 -483 482 -482 415 415 415 415 -483 483 -482 482 -415 -415z"/></g></svg>
  <svg x='483' y='437'><g transform="translate(0.151967502731,19.9146235736) scale(0.00997974986343,-0.0100272149987)"><path class="sym-line" fill="black" d="M1810 1684 l0 -286 101 -107 c56 -58 106 -107 110 -109 5 -2 9 173 9 392 l0 396 -110 0 -110 0 0 -286z M870 1839 c-109 -9 -182 -30 -296 -85 -90 -44 -261 -170 -256 -189 2 -5 312 -331 690 -723 378 -392 711 -738 740 -770 l52 -57 46 49 c57 62 127 170 158 244 52 124 61 169 60 317 0 123 -4 151 -27 228 -61 197 -143 320 -385 572 -214 222 -294 290 -407 344 -131 62 -234 82 -375 70z M132 1333 c-125 -208 -163 -447 -107 -669 29 -116 105 -274 171 -358 l46 -59 81 81 81 81 -21 23 c-12 13 -34 49 -49 82 -24 54 -26 66 -22 150 6 112 43 213 123 341 l55 87 -148 151 c-81 84 -152 153 -158 155 -6 2 -30 -28 -52 -65z"/></g></svg>
  <svg x='506' y='545'><g transform="translate(-0.334078907975,18.3343877184) scale(0.0100941225012,-0.0105931358773)"><path class="sym-line" fill="black" d="M1703 1705 c-121 -33 -154 -59 -518 -415 -325 -318 -332 -323 -457 -384 -166 -81 -357 -141 -642 -203 l-38 -8 331 -324 c183 -178 333 -322 335 -320 2 2 15 58 30 124 52 228 133 451 213 587 42 70 91 122 386 409 307 299 345 332 414 366 67 33 84 37 152 38 93 0 125 -15 212 -100 135 -131 142 -265 23 -395 l-56 -60 -159 155 c-88 85 -164 155 -169 155 -6 0 -10 -131 -10 -350 l0 -350 368 0 367 0 -160 159 -160 159 54 58 c81 87 106 148 106 259 0 82 -3 97 -33 157 -38 77 -164 203 -242 243 -104 53 -241 68 -347 40z"/></g></svg>
  <svg x='504' y='531'><g transform="translate(-0.221878406359,10.7500002304) scale(0.0103429235226,-0.00963778430032)"><path class="sym-line" fill="black" d="M430 895 l0 -205 -37 23 c-21 13 -95 61 -165 105 l-128 82 -36 -71 c-19 -40 -32 -75 -27 -79 4 -3 74 -48 156 -99 81 -51 147 -97 147 -101 0 -4 -66 -50 -147 -101 -82 -51 -152 -96 -156 -99 -5 -4 8 -39 27 -79 l36 -71 128 82 c70 44 144 92 165 105 l37 23 0 -205 0 -205 70 0 70 0 0 205 0 205 38 -23 c20 -13 94 -61 164 -105 l128 -82 36 71 c19 40 32 75 27 79 -4 3 -74 48 -155 99 -82 51 -148 97 -148 101 0 4 66 50 148 101 81 51 151 96 155 99 5 4 -8 39 -27 79 l-36 71 -128 -82 c-70 -44 -144 -92 -164 -105 l-38 -23 0 205 0 205 -70 0 -70 0 0 -205z"/></g></svg>
</svg>