<svg version='1.1' xmlns='http://www.w3.org/2000/svg' width='76' height='111' viewBox='472 444 76 111'>
  <text font-size='0'>AS16d40S16d48S2df06S2df12S26500S21600S21600S21600S36d00S2fb00M548x555S2df12472x464S2df06504x464S26500534x471S2fb00488x444S16d40506x491S16d48475x492S36d00479x530S21600483x546S21600497x546S21600510x547</text>
  <svg x='472' y='464'><g transform="translate(0.0999643830724,23.7506512493) scale(0.0100547429145,-0.00983425572888)"><path class="sym-fill" fill="white" d="M700 1650 l0 -750 150 0 150 0 0 750 0 750 -150 0 -150 0 0 -750z M1400 750 l0 -305 152 153 153 152 -153 152 -152 153 0 -305z M700 300 l0 -300 150 0 150 0 0 300 0 300 -150 0 -150 0 0 -300z"/><path class="sym-line" fill="black" d="M600 2101 l0 -299 -112 -4 c-85 -4 -127 -10 -170 -27 -124 -48 -239 -163 -290 -289 -22 -54 -23 -70 -23 -282 0 -212 1 -228 23 -282 51 -126 166 -241 290 -289 43 -17 85 -23 170 -27 l112 -4 0 -299 0 -299 50 0 50 0 0 300 0 300 150 0 150 0 0 -300 0 -300 50 0 50 0 0 300 0 300 100 0 100 0 0 -202 0 -203 277 278 278 277 -278 277 -277 278 0 -203 0 -202 -100 0 -100 0 0 400 0 400 300 0 300 0 0 50 0 50 -300 0 -300 0 0 300 0 300 -50 0 -50 0 0 -750 0 -750 -150 0 -150 0 0 750 0 750 -50 0 -50 0 0 -299z m0 -802 l0 -402 -79 7 c-43 3 -94 11 -112 18 -82 28 -159 105 -188 188 -18 51 -25 234 -13 312 13 84 36 132 87 183 64 64 137 91 258 94 l47 1 0 -401z m952 -701 l-152 -153 0 305 0 305 152 -153 153 -152 -153 -152z"/></g></svg>
  <svg x='504' y='464'><g transform="translate(-0.304173723996,23.7506512493) scale(0.0100519634259,-0.00983425572888)"><path class="sym-fill" fill="white" d="M1000 1650 l0 -750 150 0 150 0 0 750 0 750 -150 0 -150 0 0 -750z M1000 300 l0 -300 150 0 150 0 0 300 0 300 -150 0 -150 0 0 -300z"/><path class="sym-line" fill="black" d="M900 2100 l0 -300 -150 0 -150 0 0 252 0 253 -277 -278 -278 -277 278 -277 277 -278 0 253 0 252 150 0 150 0 0 -400 0 -400 -300 0 -300 0 0 -150 0 -150 300 0 300 0 0 -300 0 -300 50 0 50 0 0 300 0 300 150 0 150 0 0 -300 0 -300 50 0 50 0 0 299 0 299 113 4 c84 4 126 10 169 27 124 48 239 163 290 289 22 54 23 70 23 282 0 212 -1 228 -23 282 -51 126 -166 241 -290 289 -43 17 -85 23 -169 27 l-113 4 0 299 0 299 -50 0 -50 0 0 -750 0 -750 -150 0 -150 0 0 750 0 750 -50 0 -50 0 0 -300z m691 -422 c54 -18 116 -65 147 -111 49 -71 57 -109 57 -267 0 -158 -8 -196 -57 -267 -31 -46 -93 -93 -147 -111 -18 -7 -69 -15 -112 -18 l-79 -7 0 403 0 403 79 -7 c43 -3 94 -11 112 -18z"/></g></svg>
  <svg x='534' y='471'><g transform="translate(0.199517282911,14.7505211307) scale(0.00964541675618,-0.00973472242044)"><path class="sym-line" fill="black" d="M345 1150 l-350 -350 303 0 302 0 0 -400 0 -400 100 0 100 0 0 400 0 400 302 0 303 0 -350 350 c-192 193 -352 350 -355 350 -3 0 -163 -157 -355 -350z"/></g></svg>
  <svg x='488' y='444'><g transform="translate(0.169849905175,5.76208528494) scale(0.0097007872376,-0.00950858679199)"><path class="sym-line" fill="black" d="M552 580 c-226 -60 -429 -239 -518 -459 -13 -33 -27 -73 -30 -90 l-6 -31 60 0 61 0 42 83 c54 103 163 217 264 273 205 113 445 113 650 0 101 -56 210 -170 264 -273 l42 -83 61 0 61 0 -7 31 c-22 111 -99 242 -206 349 -99 99 -217 167 -346 200 -105 27 -289 27 -392 0z"/></g></svg>
  <svg x='506' y='491'><g transform="translate(0.180540222675,19.7193170115) scale(0.00976042280324,-0.00978543975573)"><path class="sym-fill" fill="white" d="M1060 994 l0 -885 48 7 c61 8 191 51 231 75 l31 19 0 788 0 789 -57 26 c-65 29 -196 67 -230 67 l-23 0 0 -886z"/><path class="sym-line" fill="black" d="M950 999 l0 -1002 98 6 c122 6 233 35 342 89 69 34 102 58 175 132 75 76 99 107 138 186 27 54 58 137 72 194 24 94 25 112 25 412 0 337 -5 384 -56 513 -90 229 -298 386 -596 450 -54 12 -120 21 -148 21 l-50 0 0 -1001z m245 859 c39 -11 96 -31 128 -45 l57 -26 -2 -791 -3 -790 -59 -30 c-65 -32 -183 -66 -228 -66 l-28 0 0 890 0 890 33 -6 c17 -3 64 -15 102 -26z M670 1976 c-187 -42 -328 -115 -441 -228 -58 -59 -129 -163 -160 -235 -30 -71 -69 -222 -69 -270 l0 -43 109 0 108 0 7 48 c19 146 194 268 452 315 l69 13 3 207 c2 163 0 207 -10 206 -7 -1 -38 -7 -68 -13z M3 530 c20 -235 257 -425 617 -494 47 -9 95 -19 108 -22 23 -5 23 -4 20 98 l-3 102 -88 13 c-293 42 -488 162 -538 331 l-12 42 -55 0 -55 0 6 -70z"/></g></svg>
  <svg x='475' y='492'><g transform="translate(0.140419808728,19.7193170115) scale(0.00976677418001,-0.00978543975573)"><path class="sym-fill" fill="white" d="M615 1859 c-38 -11 -96 -32 -127 -46 l-58 -26 0 -789 0 -788 31 -19 c40 -24 170 -67 232 -75 l47 -7 0 885 0 886 -27 -1 c-16 0 -59 -9 -98 -20z"/><path class="sym-line" fill="black" d="M635 1975 c-294 -68 -491 -222 -583 -455 -49 -125 -54 -175 -50 -532 4 -330 4 -334 32 -423 45 -147 98 -237 201 -341 73 -74 106 -98 175 -132 109 -54 220 -83 343 -89 l97 -6 0 1002 0 1001 -57 -1 c-32 0 -103 -11 -158 -24z m105 -976 l0 -892 -49 6 c-60 7 -194 51 -238 79 l-33 20 0 787 0 788 58 26 c85 37 177 65 255 76 4 1 7 -400 7 -890z M1052 1784 l3 -208 69 -13 c148 -27 280 -83 359 -153 55 -49 85 -101 94 -165 l6 -45 108 0 109 0 0 39 c0 103 -64 290 -137 396 -128 189 -315 302 -576 349 l-37 7 2 -207z M1684 565 c-10 -54 -75 -147 -132 -188 -101 -74 -242 -126 -409 -150 l-88 -13 -3 -102 c-3 -102 -3 -103 20 -98 13 3 69 14 126 26 354 72 580 257 599 491 l6 69 -56 0 -56 0 -7 -35z"/></g></svg>
  <svg x='479' y='530'><g transform="translate(0.0,4.0) scale(0.01,-0.01)"><path class="sym-line" fill="black" d="M0 200 l0 -200 2100 0 2100 0 0 200 0 200 -2100 0 -2100 0 0 -200z"/></g></svg>
  <svg x='483' y='546'><g transform="translate(0.149834234299,7.75047623956) scale(0.00950047578505,-0.00951302738823)"><path class="sym-line" fill="black" d="M280 782 c-174 -65 -280 -209 -280 -382 0 -218 182 -400 400 -400 218 0 400 182 400 400 0 173 -114 326 -284 383 -63 22 -177 21 -236 -1z"/></g></svg>
  <svg x='497' y='546'><g transform="translate(0.149834234299,7.75047623956) scale(0.00950047578505,-0.00951302738823)"><path class="sym-line" fill="black" d="M280 782 c-174 -65 -280 -209 -280 -382 0 -218 182 -400 400 -400 218 0 400 182 400 400 0 173 -114 326 -284 383 -63 22 -177 21 -236 -1z"/></g></svg>
  <svg x='510' y='547'><g transform="translate(0.149834234299,7.75047623956) scale(0.00950047578505,-0.00951302738823)"><path class="sym-line" fill="black" d="M280 782 c-174 -65 -280 -209 -280 -382 0 -218 182 -400 400 -400 218 0 400 182 400 400 0 173 -114 326 -284 383 -63 22 -177 21 -236 -1z"/></g></svg>
</svg>