<svg version='1.1' xmlns='http://www.w3.org/2000/svg' width='148' height='43' viewBox='426 479 148 43'>
  <text font-size='0'>AS17c40S17c48S26502S26516S20500S18540S18548S2fb00M574x522S17c48426x497S17c40557x500S18540501x504S18548472x504S20500494x490S26502533x505S26516450x505S2fb00491x479</text>
  <svg x='426' y='497'><g transform="translate(0.148419548564,21.7551173881) scale(0.00976652257182,-0.00986445749619)"><path class="sym-fill" fill="white" d="M400 760 l0 -660 150 0 150 0 0 660 0 660 -150 0 -150 0 0 -660z"/><path class="sym-line" fill="black" d="M1223 1961 l-223 -229 0 -149 0 -148 299 299 299 299 -71 79 c-39 43 -73 78 -76 78 -3 0 -106 -103 -228 -229z M0 765 l0 -765 400 0 400 0 0 765 0 765 -400 0 -400 0 0 -765z m700 -5 l0 -660 -150 0 -150 0 0 660 0 660 150 0 150 0 0 -660z M1000 105 l0 -105 350 0 350 0 0 105 0 105 -350 0 -350 0 0 -105z"/></g></svg>
  <svg x='557' y='500'><g transform="translate(0.148419548564,21.7551173881) scale(0.00976652257182,-0.00986445749619)"><path class="sym-fill" fill="white" d="M1000 760 l0 -660 150 0 150 0 0 660 0 660 -150 0 -150 0 0 -660z"/><path class="sym-line" fill="black" d="M173 2112 l-71 -79 299 -299 299 -299 0 148 0 149 -222 229 c-123 126 -226 229 -229 229 -3 0 -37 -35 -76 -78z M900 765 l0 -765 400 0 400 0 0 765 0 765 -400 0 -400 0 0 -765z m400 -5 l0 -660 -150 0 -150 0 0 660 0 660 150 0 150 0 0 -660z M0 105 l0 -105 350 0 350 0 0 105 0 105 -350 0 -350 0 0 -105z"/></g></svg>
  <svg x='501' y='504'><g transform="translate(0.0,15.0) scale(0.01,-0.01)"><path class="sym-fill" fill="white" d="M1810 750 l0 -650 165 0 165 0 0 650 0 650 -165 0 -165 0 0 -650z"/><path class="sym-line" fill="black" d="M0 1300 l0 -200 278 0 277 0 452 -400 c249 -220 455 -400 458 -400 3 0 5 65 5 144 l0 145 -284 253 -284 253 284 3 284 2 0 200 0 200 -735 0 -735 0 0 -200z M1690 750 l0 -750 455 0 455 0 0 750 0 750 -455 0 -455 0 0 -750z m460 0 l0 -650 -170 0 -170 0 0 650 0 650 170 0 170 0 0 -650z"/></g></svg>
  <svg x='472' y='504'><g transform="translate(0.0,15.0) scale(0.01,-0.01)"><path class="sym-fill" fill="white" d="M450 750 l0 -650 170 0 170 0 0 650 0 650 -170 0 -170 0 0 -650z"/><path class="sym-line" fill="black" d="M0 750 l0 -750 455 0 455 0 0 750 0 750 -455 0 -455 0 0 -750z m790 0 l0 -650 -170 0 -170 0 0 650 0 650 170 0 170 0 0 -650z M1130 1300 l0 -200 283 -2 284 -3 -284 -253 -283 -253 0 -144 c0 -80 2 -145 5 -145 3 0 208 180 457 400 l452 400 278 0 278 0 0 200 0 200 -735 0 -735 0 0 -200z"/></g></svg>
  <svg x='494' y='490'><g transform="translate(-0.221878406359,10.7500002304) scale(0.0103429235226,-0.00963778430032)"><path class="sym-line" fill="black" d="M430 895 l0 -205 -37 23 c-21 13 -95 61 -165 105 l-128 82 -36 -71 c-19 -40 -32 -75 -27 -79 4 -3 74 -48 156 -99 81 -51 147 -97 147 -101 0 -4 -66 -50 -147 -101 -82 -51 -152 -96 -156 -99 -5 -4 8 -39 27 -79 l36 -71 128 82 c70 44 144 92 165 105 l37 23 0 -205 0 -205 70 0 70 0 0 205 0 205 38 -23 c20 -13 94 -61 164 -105 l128 -82 36 71 c19 40 32 75 27 79 -4 3 -74 48 -155 99 -82 51 -148 97 -148 101 0 4 66 50 148 101 81 51 151 96 155 99 5 4 -8 39 -27 79 l-36 71 -128 -82 c-70 -44 -144 -92 -164 -105 l-38 -23 0 205 0 205 -70 0 -70 0 0 -205z"/></g></svg>
  <svg x='533' y='505'><g transform="translate(0.198128695057,13.7002011211) scale(0.0097007872376,-0.0096798311579)"><path class="sym-line" fill="black" d="M345 1050 l-350 -350 353 -353 352 -352 0 303 0 302 400 0 400 0 0 100 0 100 -400 0 -400 0 -2 300 -3 300 -350 -350z"/></g></svg>
  <svg x='450' y='505'><g transform="translate(0.149734255248,13.6974450331) scale(0.0097007872376,-0.00964308576999)"><path class="sym-fill" fill="white" d="M900 700 l0 -455 227 228 228 227 -228 227 -227 228 0 -455z"/><path class="sym-line" fill="black" d="M800 1102 l0 -302 -400 0 -400 0 0 -100 0 -100 400 0 400 0 0 -302 0 -303 352 353 353 352 -353 352 -352 353 0 -303z m327 -629 l-227 -228 0 455 0 455 227 -228 228 -227 -228 -227z"/></g></svg>
  <svg x='491' y='479'><g transform="translate(0.169849905175,5.76208528494) scale(0.0097007872376,-0.00950858679199)"><path class="sym-line" fill="black" d="M552 580 c-226 -60 -429 -239 -518 -459 -13 -33 -27 -73 -30 -90 l-6 -31 60 0 61 0 42 83 c54 103 163 217 264 273 205 113 445 113 650 0 101 -56 210 -170 264 -273 l42 -83 61 0 61 0 -7 31 c-22 111 -99 242 -206 349 -99 99 -217 167 -346 200 -105 27 -289 27 -392 0z"/></g></svg>
</svg>