<svg version='1.1' xmlns='http://www.w3.org/2000/svg' width='145' height='45' viewBox='427 477 145 45'>
  <text font-size='0'>AS17d20S17d08S26506S26512S18520S18508S17d00S17d28S26506S26512S18500S18528M572x522S18528427x505S17d08473x478S18508428x478S18520547x479S17d20501x478S18500548x507S26512452x506S17d28473x504S26512453x479S26506527x477S26506528x505S17d00501x504</text>
  <svg x='427' y='505'><g transform="translate(0.0,15.0) scale(0.01,-0.01)"><path class="sym-line" fill="black" d="M0 750 l0 -750 434 0 435 0 3 48 3 48 545 502 545 502 268 0 267 0 0 200 0 200 -1250 0 -1250 0 0 -750z m1590 306 c-25 -24 -197 -184 -382 -355 l-338 -311 0 355 0 355 382 0 383 0 -45 -44z"/></g></svg>
  <svg x='473' y='478'><g transform="translate(0.0,15.0) scale(0.01,-0.01)"><path class="sym-fill" fill="white" d="M100 750 l0 -650 300 0 300 0 0 650 0 650 -300 0 -300 0 0 -650z"/><path class="sym-line" fill="black" d="M0 750 l0 -750 1050 0 1050 0 0 100 0 100 -650 0 -650 0 0 450 0 450 750 0 750 0 0 200 0 200 -1150 0 -1150 0 0 -750z m700 0 l0 -650 -300 0 -300 0 0 650 0 650 300 0 300 0 0 -650z"/></g></svg>
  <svg x='428' y='478'><g transform="translate(0.0,15.0) scale(0.01,-0.01)"><path class="sym-fill" fill="white" d="M110 750 l0 -650 310 0 310 0 0 650 0 650 -310 0 -310 0 0 -650z"/><path class="sym-line" fill="black" d="M0 750 l0 -750 419 0 420 0 3 51 3 51 520 499 520 498 258 1 257 0 0 200 0 200 -1200 0 -1200 0 0 -750z m730 0 l0 -650 -315 0 -315 0 0 650 0 650 315 0 315 0 0 -650z m834 342 c-12 -11 -558 -536 -651 -626 l-73 -70 0 352 0 352 367 0 c202 0 363 -4 357 -8z"/></g></svg>
  <svg x='547' y='479'><g transform="translate(0.0,15.0) scale(0.01,-0.01)"><path class="sym-line" fill="black" d="M0 1300 l0 -200 268 0 267 0 545 -502 545 -502 3 -48 3 -48 435 0 434 0 0 750 0 750 -1250 0 -1250 0 0 -200z m1630 -550 c0 -192 -2 -350 -5 -350 -6 0 -755 691 -755 696 0 2 171 4 380 4 l380 0 0 -350z"/></g></svg>
  <svg x='501' y='478'><g transform="translate(0.0,15.0) scale(0.01,-0.01)"><path class="sym-line" fill="black" d="M0 1300 l0 -200 750 0 750 0 0 -450 0 -450 -650 0 -650 0 0 -100 0 -100 1050 0 1050 0 0 750 0 750 -1150 0 -1150 0 0 -200z"/></g></svg>
  <svg x='548' y='507'><g transform="translate(0.0,15.0) scale(0.01,-0.01)"><path class="sym-fill" fill="white" d="M1670 750 l0 -650 310 0 310 0 0 650 0 650 -310 0 -310 0 0 -650z"/><path class="sym-line" fill="black" d="M0 1300 l0 -200 258 0 257 -1 520 -499 520 -499 3 -51 3 -50 420 0 419 0 0 750 0 750 -1200 0 -1200 0 0 -200z m2300 -550 l0 -650 -315 0 -315 0 0 650 0 650 315 0 315 0 0 -650z m-740 -2 l0 -352 -57 55 c-103 98 -627 601 -653 626 l-25 23 368 0 367 0 0 -352z"/></g></svg>
  <svg x='452' y='506'><g transform="translate(0.198128695057,13.7002011211) scale(0.0097007872376,-0.0096798311579)"><path class="sym-fill" fill="white" d="M370 925 l-225 -225 228 -228 227 -227 0 453 c0 248 -1 452 -3 452 -1 0 -103 -101 -227 -225z"/><path class="sym-line" fill="black" d="M345 1050 l-350 -350 353 -353 352 -352 0 303 0 302 400 0 400 0 0 100 0 100 -400 0 -400 0 -2 300 -3 300 -350 -350z m255 -352 l0 -453 -227 227 -228 228 225 225 c124 124 226 225 227 225 2 0 3 -204 3 -452z"/></g></svg>
  <svg x='473' y='504'><g transform="translate(0.0,15.0) scale(0.01,-0.01)"><path class="sym-line" fill="black" d="M0 750 l0 -750 1050 0 1050 0 0 100 0 100 -650 0 -650 0 0 450 0 450 750 0 750 0 0 200 0 200 -1150 0 -1150 0 0 -750z"/></g></svg>
  <svg x='453' y='479'><g transform="translate(0.198128695057,13.7002011211) scale(0.0097007872376,-0.0096798311579)"><path class="sym-fill" fill="white" d="M370 925 l-225 -225 228 -228 227 -227 0 453 c0 248 -1 452 -3 452 -1 0 -103 -101 -227 -225z"/><path class="sym-line" fill="black" d="M345 1050 l-350 -350 353 -353 352 -352 0 303 0 302 400 0 400 0 0 100 0 100 -400 0 -400 0 -2 300 -3 300 -350 -350z m255 -352 l0 -453 -227 227 -228 228 225 225 c124 124 226 225 227 225 2 0 3 -204 3 -452z"/></g></svg>
  <svg x='527' y='477'><g transform="translate(0.149734255248,13.6974450331) scale(0.0097007872376,-0.00964308576999)"><path class="sym-line" fill="black" d="M800 1102 l0 -302 -400 0 -400 0 0 -100 0 -100 400 0 400 0 0 -302 0 -303 352 353 353 352 -353 352 -352 353 0 -303z"/></g></svg>
  <svg x='528' y='505'><g transform="translate(0.149734255248,13.6974450331) scale(0.0097007872376,-0.00964308576999)"><path class="sym-line" fill="black" d="M800 1102 l0 -302 -400 0 -400 0 0 -100 0 -100 400 0 400 0 0 -302 0 -303 352 353 353 352 -353 352 -352 353 0 -303z"/></g></svg>
  <svg x='501' y='504'><g transform="translate(0.0,15.0) scale(0.01,-0.01)"><path class="sym-fill" fill="white" d="M1600 750 l0 -650 300 0 300 0 0 650 0 650 -300 0 -300 0 0 -650z"/><path class="sym-line" fill="black" d="M0 1300 l0 -200 750 0 750 0 0 -450 0 -450 -650 0 -650 0 0 -100 0 -100 1050 0 1050 0 0 750 0 750 -1150 0 -1150 0 0 -200z m2200 -550 l0 -650 -300 0 -300 0 0 650 0 650 300 0 300 0 0 -650z"/></g></svg>
</svg>