<svg version='1.1' xmlns='http://www.w3.org/2000/svg' width='77' height='91' viewBox='462 454 77 91'>
  <text font-size='0'>AS17620S17620S26506S26512S2fb00S11541S11549S20600M539x545S11541500x511S11549481x518S20600491x496S17620504x464S17620483x464S26506524x466S26512462x466S2fb00493x454</text>
  <svg x='500' y='511'><g transform="translate(-0.0476529550967,26.8032243438) scale(0.00995782523761,-0.00990721451717)"><path class="sym-fill" fill="white" d="M1047 1022 l-187 -187 285 -285 285 -285 190 190 190 190 -282 282 c-156 156 -285 283 -288 283 -3 0 -90 -84 -193 -188z"/><path class="sym-line" fill="black" d="M597 2622 l-67 -67 385 -385 385 -385 67 68 68 67 -385 385 -385 385 -68 -68z M87 2492 l-67 -67 480 -480 480 -480 70 70 70 70 -477 477 c-263 263 -480 478 -483 478 -3 0 -36 -30 -73 -68z M1075 1320 l-480 -480 418 -417 417 -418 480 480 480 480 -418 418 -417 417 -480 -480z m455 -385 l285 -285 -193 -192 -192 -193 -287 287 -288 288 190 190 c104 104 192 190 195 190 3 0 133 -128 290 -285z"/></g></svg>
  <svg x='481' y='518'><g transform="translate(0.0504151578173,26.8032243438) scale(0.00995782523761,-0.00990721451717)"><path class="sym-fill" fill="white" d="M872 927 l-282 -282 190 -190 190 -190 285 285 285 285 -187 187 c-103 104 -190 188 -193 188 -3 0 -132 -127 -288 -283z"/><path class="sym-line" fill="black" d="M1350 2305 l-385 -385 68 -67 67 -68 385 385 385 385 -68 68 -67 67 -385 -385z M1757 2082 l-477 -477 70 -70 70 -70 480 480 480 480 -67 67 c-37 38 -70 68 -73 68 -3 0 -220 -215 -483 -478z M427 1382 l-417 -417 480 -480 480 -480 417 418 418 417 -480 480 -480 480 -418 -418z m928 -352 l190 -190 -288 -288 -287 -287 -192 193 -193 192 285 285 c157 157 287 285 290 285 3 0 91 -86 195 -190z"/></g></svg>
  <svg x='491' y='496'><g transform="translate(-0.213271809649,10.7500002304) scale(0.0101476511593,-0.00963778430032)"><path class="sym-line" fill="black" d="M450 895 l0 -205 -172 105 -172 105 -39 -71 c-32 -57 -37 -73 -26 -80 8 -5 83 -50 167 -100 83 -50 152 -95 152 -99 0 -4 -69 -49 -152 -99 -84 -50 -159 -95 -167 -100 -11 -7 -6 -23 26 -80 l39 -71 172 105 172 105 0 -205 0 -205 75 0 75 0 2 204 3 204 155 -95 c85 -52 163 -99 172 -104 14 -7 23 2 52 58 20 37 36 70 36 74 0 4 -74 51 -165 105 -91 54 -165 101 -165 104 0 3 74 50 165 104 91 54 165 101 165 105 0 4 -16 37 -36 74 -29 56 -38 65 -52 58 -9 -5 -87 -52 -172 -104 l-155 -95 -3 204 -2 204 -75 0 -75 0 0 -205z M1600 895 l0 -204 -167 100 c-93 56 -171 103 -174 105 -4 2 -23 -28 -44 -67 -30 -57 -35 -73 -24 -80 8 -5 83 -50 166 -101 84 -51 153 -95 153 -98 0 -3 -69 -47 -153 -98 -83 -51 -158 -96 -166 -101 -11 -7 -6 -23 24 -80 21 -39 40 -69 44 -67 3 2 81 49 174 105 l167 100 0 -204 0 -205 75 0 75 0 0 205 0 204 168 -100 c92 -56 170 -103 173 -105 3 -1 23 29 43 68 31 56 36 72 25 79 -8 5 -83 50 -166 101 -84 51 -153 95 -153 98 0 3 69 47 153 98 83 51 158 96 166 101 11 7 6 23 -25 79 -20 39 -40 69 -43 68 -3 -2 -81 -49 -173 -105 l-168 -100 0 204 0 205 -75 0 -75 0 0 -205z"/></g></svg>
  <svg x='504' y='464'><g transform="translate(0.0996925829584,15.7992338797) scale(0.00981117768656,-0.00980419842474)"><path class="sym-line" fill="black" d="M670 1594 c-235 -45 -460 -214 -578 -434 -73 -135 -87 -195 -87 -360 0 -125 3 -155 23 -215 88 -265 292 -469 557 -557 60 -20 90 -23 215 -23 125 0 155 3 215 23 265 88 469 292 557 557 20 60 23 90 23 215 0 125 -3 155 -23 215 -71 214 -218 389 -413 494 -125 67 -187 83 -334 86 -71 2 -141 1 -155 -1z"/></g></svg>
  <svg x='483' y='464'><g transform="translate(0.0996925829584,15.7992338797) scale(0.00981117768656,-0.00980419842474)"><path class="sym-line" fill="black" d="M670 1594 c-235 -45 -460 -214 -578 -434 -73 -135 -87 -195 -87 -360 0 -125 3 -155 23 -215 88 -265 292 -469 557 -557 60 -20 90 -23 215 -23 125 0 155 3 215 23 265 88 469 292 557 557 20 60 23 90 23 215 0 125 -3 155 -23 215 -71 214 -218 389 -413 494 -125 67 -187 83 -334 86 -71 2 -141 1 -155 -1z"/></g></svg>
  <svg x='524' y='466'><g transform="translate(0.149734255248,13.6974450331) scale(0.0097007872376,-0.00964308576999)"><path class="sym-line" fill="black" d="M800 1102 l0 -302 -400 0 -400 0 0 -100 0 -100 400 0 400 0 0 -302 0 -303 352 353 353 352 -353 352 -352 353 0 -303z"/></g></svg>
  <svg x='462' y='466'><g transform="translate(0.198128695057,13.7002011211) scale(0.0097007872376,-0.0096798311579)"><path class="sym-fill" fill="white" d="M370 925 l-225 -225 228 -228 227 -227 0 453 c0 248 -1 452 -3 452 -1 0 -103 -101 -227 -225z"/><path class="sym-line" fill="black" d="M345 1050 l-350 -350 353 -353 352 -352 0 303 0 302 400 0 400 0 0 100 0 100 -400 0 -400 0 -2 300 -3 300 -350 -350z m255 -352 l0 -453 -227 227 -228 228 225 225 c124 124 226 225 227 225 2 0 3 -204 3 -452z"/></g></svg>
  <svg x='493' y='454'><g transform="translate(0.169849905175,5.76208528494) scale(0.0097007872376,-0.00950858679199)"><path class="sym-line" fill="black" d="M552 580 c-226 -60 -429 -239 -518 -459 -13 -33 -27 -73 -30 -90 l-6 -31 60 0 61 0 42 83 c54 103 163 217 264 273 205 113 445 113 650 0 101 -56 210 -170 264 -273 l42 -83 61 0 61 0 -7 31 c-22 111 -99 242 -206 349 -99 99 -217 167 -346 200 -105 27 -289 27 -392 0z"/></g></svg>
</svg>