<svg version='1.1' xmlns='http://www.w3.org/2000/svg' width='48' height='85' viewBox='476 457 48 85'>
  <text font-size='0'>AS17650S17650S2d606S2d61eS20500S2fb00M524x542S2d61e477x499S2d606502x499S20500495x476S2fb00492x489S17650476x526S17650506x526S17630477x457S17630506x457</text>
  <svg x='477' y='499'><g transform="translate(0.142855053868,21.7501089829) scale(0.00984331427029,-0.00980083226541)"><path class="sym-fill" fill="white" d="M1600 1467 l0 -477 137 142 c76 79 179 186 230 238 l92 95 -200 210 c-110 116 -214 223 -230 240 l-29 30 0 -478z"/><path class="sym-line" fill="black" d="M1500 1892 l0 -312 -443 0 c-460 0 -571 -7 -662 -41 -163 -61 -309 -215 -368 -389 -19 -59 -22 -89 -25 -343 -3 -257 -2 -283 18 -354 32 -116 74 -188 165 -279 56 -57 100 -90 145 -113 129 -62 103 -61 923 -61 l747 0 0 210 0 210 -744 0 c-745 0 -812 3 -882 36 -56 27 -120 98 -145 162 -21 51 -23 74 -23 222 0 191 12 245 74 337 65 96 160 157 271 173 35 5 263 10 506 10 l443 0 2 -316 3 -316 345 362 c190 199 345 368 345 376 0 12 -543 591 -659 703 l-36 35 0 -312z m334 -188 l227 -236 -53 -56 c-29 -32 -133 -140 -230 -242 l-178 -185 0 478 c0 262 2 477 4 477 2 0 106 -106 230 -236z"/></g></svg>
  <svg x='502' y='499'><g transform="translate(0.131203053956,21.7501089829) scale(0.00982944116607,-0.00980083226541)"><path class="sym-line" fill="black" d="M347 1839 c-191 -200 -346 -369 -345 -376 2 -6 158 -174 348 -373 l345 -362 3 316 2 316 443 0 c243 0 471 -5 506 -10 111 -16 206 -77 271 -173 62 -92 74 -146 74 -337 0 -148 -2 -171 -23 -222 -25 -64 -89 -135 -145 -162 -70 -33 -137 -36 -882 -36 l-744 0 0 -210 0 -210 748 0 c819 0 793 -1 922 61 45 23 89 56 145 113 91 91 133 163 165 279 20 71 21 97 18 354 -3 254 -6 284 -25 343 -59 174 -205 328 -368 389 -91 34 -202 41 -662 41 l-443 0 -2 312 -3 312 -348 -365z"/></g></svg>
  <svg x='495' y='476'><g transform="translate(-0.221878406359,10.7500002304) scale(0.0103429235226,-0.00963778430032)"><path class="sym-line" fill="black" d="M430 895 l0 -205 -37 23 c-21 13 -95 61 -165 105 l-128 82 -36 -71 c-19 -40 -32 -75 -27 -79 4 -3 74 -48 156 -99 81 -51 147 -97 147 -101 0 -4 -66 -50 -147 -101 -82 -51 -152 -96 -156 -99 -5 -4 8 -39 27 -79 l36 -71 128 82 c70 44 144 92 165 105 l37 23 0 -205 0 -205 70 0 70 0 0 205 0 205 38 -23 c20 -13 94 -61 164 -105 l128 -82 36 71 c19 40 32 75 27 79 -4 3 -74 48 -155 99 -82 51 -148 97 -148 101 0 4 66 50 148 101 81 51 151 96 155 99 5 4 -8 39 -27 79 l-36 71 -128 -82 c-70 -44 -144 -92 -164 -105 l-38 -23 0 205 0 205 -70 0 -70 0 0 -205z"/></g></svg>
  <svg x='492' y='489'><g transform="translate(0.169849905175,5.76208528494) scale(0.0097007872376,-0.00950858679199)"><path class="sym-line" fill="black" d="M552 580 c-226 -60 -429 -239 -518 -459 -13 -33 -27 -73 -30 -90 l-6 -31 60 0 61 0 42 83 c54 103 163 217 264 273 205 113 445 113 650 0 101 -56 210 -170 264 -273 l42 -83 61 0 61 0 -7 31 c-22 111 -99 242 -206 349 -99 99 -217 167 -346 200 -105 27 -289 27 -392 0z"/></g></svg>
  <svg x='476' y='526'><g transform="translate(-0.0398335520049,15.7543755567) scale(0.00998813324204,-0.00981847307277)"><path class="sym-fill" fill="white" d="M13 973 c-10 -36 -10 -310 0 -345 l7 -28 780 0 780 0 7 27 c10 36 10 310 0 346 l-7 27 -780 0 -780 0 -7 -27z"/><path class="sym-line" fill="black" d="M600 1580 c-274 -71 -489 -280 -574 -557 l-7 -23 781 0 781 0 -7 23 c-86 279 -302 487 -578 557 -107 27 -290 27 -396 0z M26 578 c86 -280 302 -488 578 -558 109 -27 283 -27 392 0 276 70 492 278 578 558 l7 22 -781 0 -781 0 7 -22z"/></g></svg>
  <svg x='506' y='526'><g transform="translate(-0.0398335520049,15.7543755567) scale(0.00998813324204,-0.00981847307277)"><path class="sym-fill" fill="white" d="M13 973 c-10 -36 -10 -310 0 -345 l7 -28 780 0 780 0 7 27 c10 36 10 310 0 346 l-7 27 -780 0 -780 0 -7 -27z"/><path class="sym-line" fill="black" d="M600 1580 c-274 -71 -489 -280 -574 -557 l-7 -23 781 0 781 0 -7 23 c-86 279 -302 487 -578 557 -107 27 -290 27 -396 0z M26 578 c86 -280 302 -488 578 -558 109 -27 283 -27 392 0 276 70 492 278 578 558 l7 22 -781 0 -781 0 7 -22z"/></g></svg>
  <svg x='477' y='457'><g transform="translate(-0.0826657292628,15.7543755567) scale(0.0100426969417,-0.00981847307277)"><path class="sym-fill" fill="white" d="M740 1394 c-140 -23 -221 -57 -313 -129 -65 -52 -138 -145 -169 -217 l-20 -48 -109 0 -109 0 -7 -27 c-10 -36 -10 -310 0 -346 l7 -27 109 0 109 0 20 -48 c67 -156 231 -291 402 -332 71 -18 209 -18 280 0 171 41 335 176 402 332 l20 48 109 0 109 0 7 28 c10 35 10 309 0 345 l-7 27 -109 0 -109 0 -20 48 c-66 152 -231 291 -392 330 -53 13 -174 22 -210 16z"/><path class="sym-line" fill="black" d="M600 1580 c-274 -71 -489 -280 -574 -557 -7 -23 -7 -23 98 -23 l105 0 42 80 c106 198 307 319 529 319 222 0 423 -121 529 -319 l42 -80 105 0 c105 0 105 0 98 23 -86 279 -302 487 -578 557 -107 27 -290 27 -396 0z M26 578 c86 -280 302 -488 578 -558 109 -27 283 -27 392 0 276 70 492 278 578 558 7 22 7 22 -98 22 l-105 0 -42 -80 c-106 -198 -307 -319 -529 -319 -222 0 -423 121 -529 319 l-42 80 -105 0 c-105 0 -105 0 -98 -22z"/></g></svg>
  <svg x='506' y='457'><g transform="translate(-0.0826657292628,15.7543755567) scale(0.0100426969417,-0.00981847307277)"><path class="sym-fill" fill="white" d="M740 1394 c-140 -23 -221 -57 -313 -129 -65 -52 -138 -145 -169 -217 l-20 -48 -109 0 -109 0 -7 -27 c-10 -36 -10 -310 0 -346 l7 -27 109 0 109 0 20 -48 c67 -156 231 -291 402 -332 71 -18 209 -18 280 0 171 41 335 176 402 332 l20 48 109 0 109 0 7 28 c10 35 10 309 0 345 l-7 27 -109 0 -109 0 -20 48 c-66 152 -231 291 -392 330 -53 13 -174 22 -210 16z"/><path class="sym-line" fill="black" d="M600 1580 c-274 -71 -489 -280 -574 -557 -7 -23 -7 -23 98 -23 l105 0 42 80 c106 198 307 319 529 319 222 0 423 -121 529 -319 l42 -80 105 0 c105 0 105 0 98 23 -86 279 -302 487 -578 557 -107 27 -290 27 -396 0z M26 578 c86 -280 302 -488 578 -558 109 -27 283 -27 392 0 276 70 492 278 578 558 7 22 7 22 -98 22 l-105 0 -42 -80 c-106 -198 -307 -319 -529 -319 -222 0 -423 121 -529 319 l-42 80 -105 0 c-105 0 -105 0 -98 -22z"/></g></svg>
</svg>