<svg version='1.1' xmlns='http://www.w3.org/2000/svg' width='157' height='106' viewBox='419 482 157 106'>
  <text font-size='0'>AS17c10S17c18S2d620S18518S18510S18518S18510S33b00S34700S33b00M576x588S33b00456x482S34700482x482S33b00508x483S18510551x560S18518517x559S17c10503x527S17c18477x527S18510454x557S18518419x557S2d620483x576S2f700491x565S2fb00491x554</text>
  <svg x='456' y='482'><g transform="translate(0.149874875465,34.7500790925) scale(0.00988906872676,-0.00988956850125)"><path class="sym-line" fill="black" d="M1528 3484 c-592 -92 -1088 -447 -1348 -963 -125 -249 -180 -485 -180 -771 0 -480 183 -911 529 -1242 350 -336 780 -508 1271 -508 451 0 864 150 1193 434 326 281 517 620 591 1051 21 121 21 409 0 530 -43 252 -114 444 -237 639 -282 453 -741 750 -1284 831 -127 19 -413 18 -535 -1z m607 -173 c583 -126 1038 -523 1224 -1069 59 -173 75 -277 75 -492 0 -165 -3 -211 -22 -300 -71 -327 -228 -611 -458 -829 -186 -177 -381 -295 -614 -374 -176 -60 -282 -78 -490 -84 -247 -7 -416 19 -628 97 -549 201 -944 674 -1043 1250 -17 97 -17 383 0 480 99 576 495 1050 1043 1250 105 38 177 58 303 81 143 26 467 21 610 -10z M1020 875 l0 -75 780 0 780 0 0 75 0 75 -780 0 -780 0 0 -75z"/></g></svg>
  <svg x='482' y='482'><g transform="translate(0.149874875465,34.7500790925) scale(0.00988906872676,-0.00988956850125)"><path class="sym-line" fill="black" d="M1528 3484 c-592 -92 -1088 -447 -1348 -963 -125 -249 -180 -485 -180 -771 0 -480 183 -911 529 -1242 350 -336 780 -508 1271 -508 451 0 864 150 1193 434 326 281 517 620 591 1051 21 121 21 409 0 530 -43 252 -114 444 -237 639 -282 453 -741 750 -1284 831 -127 19 -413 18 -535 -1z m607 -173 c583 -126 1038 -523 1224 -1069 59 -173 75 -277 75 -492 0 -165 -3 -211 -22 -300 -71 -327 -228 -611 -458 -829 -186 -177 -381 -295 -614 -374 -176 -60 -282 -78 -490 -84 -247 -7 -416 19 -628 97 -549 201 -944 674 -1043 1250 -17 97 -17 383 0 480 99 576 495 1050 1043 1250 105 38 177 58 303 81 143 26 467 21 610 -10z M1586 1290 c-88 -14 -199 -46 -269 -79 -265 -122 -246 -330 41 -439 149 -57 215 -67 452 -66 201 0 222 2 314 27 229 62 346 152 346 267 0 115 -119 207 -346 266 -87 23 -122 27 -289 30 -104 1 -217 -1 -249 -6z m532 -179 c90 -23 135 -42 170 -74 57 -52 -6 -107 -175 -149 -78 -20 -114 -23 -308 -23 -180 0 -234 3 -300 19 -105 24 -179 58 -200 90 -16 24 -16 28 0 52 27 42 125 77 295 108 14 2 117 3 230 1 169 -2 220 -6 288 -24z"/></g></svg>
  <svg x='508' y='483'><g transform="translate(0.149874875465,34.7500790925) scale(0.00988906872676,-0.00988956850125)"><path class="sym-line" fill="black" d="M1528 3484 c-592 -92 -1088 -447 -1348 -963 -125 -249 -180 -485 -180 -771 0 -480 183 -911 529 -1242 350 -336 780 -508 1271 -508 451 0 864 150 1193 434 326 281 517 620 591 1051 21 121 21 409 0 530 -43 252 -114 444 -237 639 -282 453 -741 750 -1284 831 -127 19 -413 18 -535 -1z m607 -173 c583 -126 1038 -523 1224 -1069 59 -173 75 -277 75 -492 0 -165 -3 -211 -22 -300 -71 -327 -228 -611 -458 -829 -186 -177 -381 -295 -614 -374 -176 -60 -282 -78 -490 -84 -247 -7 -416 19 -628 97 -549 201 -944 674 -1043 1250 -17 97 -17 383 0 480 99 576 495 1050 1043 1250 105 38 177 58 303 81 143 26 467 21 610 -10z M1020 875 l0 -75 780 0 780 0 0 75 0 75 -780 0 -780 0 0 -75z"/></g></svg>
  <svg x='551' y='560'><g transform="translate(0.0,15.0) scale(0.01,-0.01)"><path class="sym-fill" fill="white" d="M1740 750 l0 -650 160 0 160 0 0 650 0 650 -160 0 -160 0 0 -650z"/><path class="sym-line" fill="black" d="M0 1300 l0 -200 268 0 267 0 545 -502 545 -502 3 -48 3 -48 435 0 434 0 0 750 0 750 -1250 0 -1250 0 0 -200z m2070 -550 l0 -650 -165 0 -165 0 0 650 0 650 165 0 165 0 0 -650z m-440 0 c0 -192 -2 -350 -5 -350 -6 0 -755 691 -755 696 0 2 171 4 380 4 l380 0 0 -350z"/></g></svg>
  <svg x='517' y='559'><g transform="translate(0.0,15.0) scale(0.01,-0.01)"><path class="sym-fill" fill="white" d="M440 750 l0 -650 160 0 160 0 0 650 0 650 -160 0 -160 0 0 -650z"/><path class="sym-line" fill="black" d="M0 750 l0 -750 434 0 435 0 3 48 3 48 545 502 545 502 268 0 267 0 0 200 0 200 -1250 0 -1250 0 0 -750z m760 0 l0 -650 -165 0 -165 0 0 650 0 650 165 0 165 0 0 -650z m830 306 c-25 -24 -197 -184 -382 -355 l-338 -311 0 355 0 355 382 0 383 0 -45 -44z"/></g></svg>
  <svg x='503' y='527'><g transform="translate(0.148419548564,21.7551173881) scale(0.00976652257182,-0.00986445749619)"><path class="sym-fill" fill="white" d="M1000 760 l0 -660 150 0 150 0 0 660 0 660 -150 0 -150 0 0 -660z"/><path class="sym-line" fill="black" d="M173 2113 l-70 -78 398 -403 399 -402 0 -510 0 -510 -450 0 -450 0 0 -105 0 -105 850 0 850 0 0 765 0 765 -399 0 -399 0 -325 330 c-178 182 -326 330 -329 330 -2 0 -36 -35 -75 -77z m1127 -1353 l0 -660 -150 0 -150 0 0 660 0 660 150 0 150 0 0 -660z"/></g></svg>
  <svg x='477' y='527'><g transform="translate(0.148419548564,21.7551173881) scale(0.00976652257182,-0.00986445749619)"><path class="sym-fill" fill="white" d="M400 760 l0 -660 150 0 150 0 0 660 0 660 -150 0 -150 0 0 -660z"/><path class="sym-line" fill="black" d="M1122 1860 l-324 -330 -399 0 -399 0 0 -765 0 -765 850 0 850 0 0 105 0 105 -450 0 -450 0 0 510 0 510 399 402 399 403 -72 78 c-39 42 -73 77 -76 77 -3 -1 -151 -149 -328 -330z m-422 -1100 l0 -660 -150 0 -150 0 0 660 0 660 150 0 150 0 0 -660z"/></g></svg>
  <svg x='454' y='557'><g transform="translate(0.0,15.0) scale(0.01,-0.01)"><path class="sym-fill" fill="white" d="M1740 750 l0 -650 160 0 160 0 0 650 0 650 -160 0 -160 0 0 -650z"/><path class="sym-line" fill="black" d="M0 1300 l0 -200 268 0 267 0 545 -502 545 -502 3 -48 3 -48 435 0 434 0 0 750 0 750 -1250 0 -1250 0 0 -200z m2070 -550 l0 -650 -165 0 -165 0 0 650 0 650 165 0 165 0 0 -650z m-440 0 c0 -192 -2 -350 -5 -350 -6 0 -755 691 -755 696 0 2 171 4 380 4 l380 0 0 -350z"/></g></svg>
  <svg x='419' y='557'><g transform="translate(0.0,15.0) scale(0.01,-0.01)"><path class="sym-fill" fill="white" d="M440 750 l0 -650 160 0 160 0 0 650 0 650 -160 0 -160 0 0 -650z"/><path class="sym-line" fill="black" d="M0 750 l0 -750 434 0 435 0 3 48 3 48 545 502 545 502 268 0 267 0 0 200 0 200 -1250 0 -1250 0 0 -750z m760 0 l0 -650 -165 0 -165 0 0 650 0 650 165 0 165 0 0 -650z m830 306 c-25 -24 -197 -184 -382 -355 l-338 -311 0 355 0 355 382 0 383 0 -45 -44z"/></g></svg>
  <svg x='483' y='576'><g transform="translate(0.150749190231,11.7548701066) scale(0.00984535298844,-0.00975232896833)"><path class="sym-line" fill="black" d="M1370 1184 c-294 -53 -511 -177 -775 -443 l-120 -121 70 -70 c38 -39 73 -69 77 -68 4 2 69 62 145 133 157 148 236 208 349 263 163 80 301 112 484 112 183 0 321 -32 484 -112 129 -63 199 -120 437 -355 125 -123 231 -223 236 -223 5 0 40 32 78 70 l70 70 -210 211 c-211 212 -319 305 -431 372 -128 77 -285 134 -440 161 -109 19 -348 19 -454 0z M0 552 l0 -552 552 0 552 0 -74 75 -74 75 -403 0 -403 0 0 403 0 403 -75 74 -75 74 0 -552z"/></g></svg>
  <svg x='491' y='565'><g transform="translate(0.0,7.0) scale(0.01,-0.01)"><path class="sym-line" fill="black" d="M463 432 l-463 -267 0 -82 0 -83 600 0 600 0 0 100 0 100 -355 2 -355 3 355 205 355 204 0 43 0 43 -137 0 -138 -1 -462 -267z"/></g></svg>
  <svg x='491' y='554'><g transform="translate(0.169849905175,5.76208528494) scale(0.0097007872376,-0.00950858679199)"><path class="sym-line" fill="black" d="M552 580 c-226 -60 -429 -239 -518 -459 -13 -33 -27 -73 -30 -90 l-6 -31 60 0 61 0 42 83 c54 103 163 217 264 273 205 113 445 113 650 0 101 -56 210 -170 264 -273 l42 -83 61 0 61 0 -7 31 c-22 111 -99 242 -206 349 -99 99 -217 167 -346 200 -105 27 -289 27 -392 0z"/></g></svg>
</svg>