<svg version='1.1' xmlns='http://www.w3.org/2000/svg' width='113' height='98' viewBox='443 451 113 98'>
  <text font-size='0'>AS17d00S17d08S18518S18510S17d10S17d18S18500S18508S26612S26606S26612S26606M556x549S18508448x505S18510528x505S18518443x452S18500532x451S17d00505x451S17d10503x504S17d08477x504S17d18475x452S26612465x476S26612466x533S26606505x477S26606505x532</text>
  <svg x='448' y='505'><g transform="translate(0.0,15.0) scale(0.01,-0.01)"><path class="sym-fill" fill="white" d="M110 750 l0 -650 310 0 310 0 0 650 0 650 -310 0 -310 0 0 -650z"/><path class="sym-line" fill="black" d="M0 750 l0 -750 419 0 420 0 3 51 3 51 520 499 520 498 258 1 257 0 0 200 0 200 -1200 0 -1200 0 0 -750z m730 0 l0 -650 -315 0 -315 0 0 650 0 650 315 0 315 0 0 -650z m834 342 c-12 -11 -558 -536 -651 -626 l-73 -70 0 352 0 352 367 0 c202 0 363 -4 357 -8z"/></g></svg>
  <svg x='528' y='505'><g transform="translate(0.0,15.0) scale(0.01,-0.01)"><path class="sym-fill" fill="white" d="M1740 750 l0 -650 160 0 160 0 0 650 0 650 -160 0 -160 0 0 -650z"/><path class="sym-line" fill="black" d="M0 1300 l0 -200 268 0 267 0 545 -502 545 -502 3 -48 3 -48 435 0 434 0 0 750 0 750 -1250 0 -1250 0 0 -200z m2070 -550 l0 -650 -165 0 -165 0 0 650 0 650 165 0 165 0 0 -650z m-440 0 c0 -192 -2 -350 -5 -350 -6 0 -755 691 -755 696 0 2 171 4 380 4 l380 0 0 -350z"/></g></svg>
  <svg x='443' y='452'><g transform="translate(0.0,15.0) scale(0.01,-0.01)"><path class="sym-fill" fill="white" d="M440 750 l0 -650 160 0 160 0 0 650 0 650 -160 0 -160 0 0 -650z"/><path class="sym-line" fill="black" d="M0 750 l0 -750 434 0 435 0 3 48 3 48 545 502 545 502 268 0 267 0 0 200 0 200 -1250 0 -1250 0 0 -750z m760 0 l0 -650 -165 0 -165 0 0 650 0 650 165 0 165 0 0 -650z m830 306 c-25 -24 -197 -184 -382 -355 l-338 -311 0 355 0 355 382 0 383 0 -45 -44z"/></g></svg>
  <svg x='532' y='451'><g transform="translate(0.0,15.0) scale(0.01,-0.01)"><path class="sym-fill" fill="white" d="M1670 750 l0 -650 310 0 310 0 0 650 0 650 -310 0 -310 0 0 -650z"/><path class="sym-line" fill="black" d="M0 1300 l0 -200 258 0 257 -1 520 -499 520 -499 3 -51 3 -50 420 0 419 0 0 750 0 750 -1200 0 -1200 0 0 -200z m2300 -550 l0 -650 -315 0 -315 0 0 650 0 650 315 0 315 0 0 -650z m-740 -2 l0 -352 -57 55 c-103 98 -627 601 -653 626 l-25 23 368 0 367 0 0 -352z"/></g></svg>
  <svg x='505' y='451'><g transform="translate(0.0,15.0) scale(0.01,-0.01)"><path class="sym-fill" fill="white" d="M1600 750 l0 -650 300 0 300 0 0 650 0 650 -300 0 -300 0 0 -650z"/><path class="sym-line" fill="black" d="M0 1300 l0 -200 750 0 750 0 0 -450 0 -450 -650 0 -650 0 0 -100 0 -100 1050 0 1050 0 0 750 0 750 -1150 0 -1150 0 0 -200z m2200 -550 l0 -650 -300 0 -300 0 0 650 0 650 300 0 300 0 0 -650z"/></g></svg>
  <svg x='503' y='504'><g transform="translate(0.0,15.0) scale(0.01,-0.01)"><path class="sym-fill" fill="white" d="M1600 750 l0 -650 150 0 150 0 0 650 0 650 -150 0 -150 0 0 -650z"/><path class="sym-line" fill="black" d="M0 1300 l0 -200 750 0 750 0 0 -450 0 -450 -650 0 -650 0 0 -100 0 -100 1050 0 1050 0 0 750 0 750 -1150 0 -1150 0 0 -200z m1900 -550 l0 -650 -150 0 -150 0 0 650 0 650 150 0 150 0 0 -650z"/></g></svg>
  <svg x='477' y='504'><g transform="translate(0.0,15.0) scale(0.01,-0.01)"><path class="sym-fill" fill="white" d="M100 750 l0 -650 300 0 300 0 0 650 0 650 -300 0 -300 0 0 -650z"/><path class="sym-line" fill="black" d="M0 750 l0 -750 1050 0 1050 0 0 100 0 100 -650 0 -650 0 0 450 0 450 750 0 750 0 0 200 0 200 -1150 0 -1150 0 0 -750z m700 0 l0 -650 -300 0 -300 0 0 650 0 650 300 0 300 0 0 -650z"/></g></svg>
  <svg x='475' y='452'><g transform="translate(0.0,15.0) scale(0.01,-0.01)"><path class="sym-fill" fill="white" d="M400 750 l0 -650 150 0 150 0 0 650 0 650 -150 0 -150 0 0 -650z"/><path class="sym-line" fill="black" d="M0 750 l0 -750 1050 0 1050 0 0 100 0 100 -650 0 -650 0 0 450 0 450 750 0 750 0 0 200 0 200 -1150 0 -1150 0 0 -750z m700 0 l0 -650 -150 0 -150 0 0 650 0 650 150 0 150 0 0 -650z"/></g></svg>
  <svg x='465' y='476'><g transform="translate(0.198281300516,15.7010613696) scale(0.00985046527537,-0.00972038991848)"><path class="sym-fill" fill="white" d="M420 1075 l-275 -275 278 -278 277 -277 0 553 c0 303 -1 552 -3 552 -1 0 -126 -124 -277 -275z"/><path class="sym-line" fill="black" d="M395 1200 l-400 -400 403 -403 402 -402 0 353 0 352 1100 0 1100 0 0 100 0 100 -1100 0 -1100 0 -2 350 -3 350 -400 -400z m305 -402 l0 -553 -277 277 -278 278 275 275 c151 151 276 275 277 275 2 0 3 -249 3 -552z"/></g></svg>
  <svg x='466' y='533'><g transform="translate(0.198281300516,15.7010613696) scale(0.00985046527537,-0.00972038991848)"><path class="sym-fill" fill="white" d="M420 1075 l-275 -275 278 -278 277 -277 0 553 c0 303 -1 552 -3 552 -1 0 -126 -124 -277 -275z"/><path class="sym-line" fill="black" d="M395 1200 l-400 -400 403 -403 402 -402 0 353 0 352 1100 0 1100 0 0 100 0 100 -1100 0 -1100 0 -2 350 -3 350 -400 -400z m305 -402 l0 -553 -277 277 -278 278 275 275 c151 151 276 275 277 275 2 0 3 -249 3 -552z"/></g></svg>
  <svg x='505' y='477'><g transform="translate(0.150646944493,15.6976811299) scale(0.00985046527537,-0.00968799012796)"><path class="sym-line" fill="black" d="M2200 1252 l0 -352 -1100 0 -1100 0 0 -100 0 -100 1100 0 1100 0 0 -352 0 -353 402 403 403 402 -403 402 -402 403 0 -353z"/></g></svg>
  <svg x='505' y='532'><g transform="translate(0.150646944493,15.6976811299) scale(0.00985046527537,-0.00968799012796)"><path class="sym-line" fill="black" d="M2200 1252 l0 -352 -1100 0 -1100 0 0 -100 0 -100 1100 0 1100 0 0 -352 0 -353 402 403 403 402 -403 402 -402 403 0 -353z"/></g></svg>
</svg>