<svg version='1.1' xmlns='http://www.w3.org/2000/svg' width='84' height='65' viewBox='466 468 84 65'>
  <text font-size='0'>AS17e10S22a03S17e10S22a01S17e10S20500S20500S20500S36d00S22100S22100S22100M550x533S36d00479x468S17e10515x480S17e10495x518S17e10466x490S20500540x482S20500520x518S20500490x493S22100524x471S22100506x508S22100473x480S22a03517x497S22a01475x513</text>
  <svg x='479' y='468'><g transform="translate(0.0,4.0) scale(0.01,-0.01)"><path class="sym-line" fill="black" d="M0 200 l0 -200 2100 0 2100 0 0 200 0 200 -2100 0 -2100 0 0 -200z"/></g></svg>
  <svg x='515' y='480'><g transform="translate(0.0,15.0) scale(0.01,-0.01)"><path class="sym-fill" fill="white" d="M1600 750 l0 -650 150 0 150 0 0 650 0 650 -150 0 -150 0 0 -650z"/><path class="sym-line" fill="black" d="M0 1300 l0 -200 750 0 750 0 0 -430 c0 -237 -2 -430 -4 -430 -3 0 -621 356 -983 567 l-41 24 -52 -91 c-29 -50 -51 -93 -49 -94 2 -2 254 -148 560 -325 l557 -321 406 0 406 0 0 750 0 750 -1150 0 -1150 0 0 -200z m1900 -550 l0 -650 -150 0 -150 0 0 650 0 650 150 0 150 0 0 -650z"/></g></svg>
  <svg x='495' y='518'><g transform="translate(0.0,15.0) scale(0.01,-0.01)"><path class="sym-fill" fill="white" d="M1600 750 l0 -650 150 0 150 0 0 650 0 650 -150 0 -150 0 0 -650z"/><path class="sym-line" fill="black" d="M0 1300 l0 -200 750 0 750 0 0 -430 c0 -237 -2 -430 -4 -430 -3 0 -621 356 -983 567 l-41 24 -52 -91 c-29 -50 -51 -93 -49 -94 2 -2 254 -148 560 -325 l557 -321 406 0 406 0 0 750 0 750 -1150 0 -1150 0 0 -200z m1900 -550 l0 -650 -150 0 -150 0 0 650 0 650 150 0 150 0 0 -650z"/></g></svg>
  <svg x='466' y='490'><g transform="translate(0.0,15.0) scale(0.01,-0.01)"><path class="sym-fill" fill="white" d="M1600 750 l0 -650 150 0 150 0 0 650 0 650 -150 0 -150 0 0 -650z"/><path class="sym-line" fill="black" d="M0 1300 l0 -200 750 0 750 0 0 -430 c0 -237 -2 -430 -4 -430 -3 0 -621 356 -983 567 l-41 24 -52 -91 c-29 -50 -51 -93 -49 -94 2 -2 254 -148 560 -325 l557 -321 406 0 406 0 0 750 0 750 -1150 0 -1150 0 0 -200z m1900 -550 l0 -650 -150 0 -150 0 0 650 0 650 150 0 150 0 0 -650z"/></g></svg>
  <svg x='540' y='482'><g transform="translate(-0.221878406359,10.7500002304) scale(0.0103429235226,-0.00963778430032)"><path class="sym-line" fill="black" d="M430 895 l0 -205 -37 23 c-21 13 -95 61 -165 105 l-128 82 -36 -71 c-19 -40 -32 -75 -27 -79 4 -3 74 -48 156 -99 81 -51 147 -97 147 -101 0 -4 -66 -50 -147 -101 -82 -51 -152 -96 -156 -99 -5 -4 8 -39 27 -79 l36 -71 128 82 c70 44 144 92 165 105 l37 23 0 -205 0 -205 70 0 70 0 0 205 0 205 38 -23 c20 -13 94 -61 164 -105 l128 -82 36 71 c19 40 32 75 27 79 -4 3 -74 48 -155 99 -82 51 -148 97 -148 101 0 4 66 50 148 101 81 51 151 96 155 99 5 4 -8 39 -27 79 l-36 71 -128 -82 c-70 -44 -144 -92 -164 -105 l-38 -23 0 205 0 205 -70 0 -70 0 0 -205z"/></g></svg>
  <svg x='520' y='518'><g transform="translate(-0.221878406359,10.7500002304) scale(0.0103429235226,-0.00963778430032)"><path class="sym-line" fill="black" d="M430 895 l0 -205 -37 23 c-21 13 -95 61 -165 105 l-128 82 -36 -71 c-19 -40 -32 -75 -27 -79 4 -3 74 -48 156 -99 81 -51 147 -97 147 -101 0 -4 -66 -50 -147 -101 -82 -51 -152 -96 -156 -99 -5 -4 8 -39 27 -79 l36 -71 128 82 c70 44 144 92 165 105 l37 23 0 -205 0 -205 70 0 70 0 0 205 0 205 38 -23 c20 -13 94 -61 164 -105 l128 -82 36 71 c19 40 32 75 27 79 -4 3 -74 48 -155 99 -82 51 -148 97 -148 101 0 4 66 50 148 101 81 51 151 96 155 99 5 4 -8 39 -27 79 l-36 71 -128 -82 c-70 -44 -144 -92 -164 -105 l-38 -23 0 205 0 205 -70 0 -70 0 0 -205z"/></g></svg>
  <svg x='490' y='493'><g transform="translate(-0.221878406359,10.7500002304) scale(0.0103429235226,-0.00963778430032)"><path class="sym-line" fill="black" d="M430 895 l0 -205 -37 23 c-21 13 -95 61 -165 105 l-128 82 -36 -71 c-19 -40 -32 -75 -27 -79 4 -3 74 -48 156 -99 81 -51 147 -97 147 -101 0 -4 -66 -50 -147 -101 -82 -51 -152 -96 -156 -99 -5 -4 8 -39 27 -79 l36 -71 128 82 c70 44 144 92 165 105 l37 23 0 -205 0 -205 70 0 70 0 0 205 0 205 38 -23 c20 -13 94 -61 164 -105 l128 -82 36 71 c19 40 32 75 27 79 -4 3 -74 48 -155 99 -82 51 -148 97 -148 101 0 4 66 50 148 101 81 51 151 96 155 99 5 4 -8 39 -27 79 l-36 71 -128 -82 c-70 -44 -144 -92 -164 -105 l-38 -23 0 205 0 205 -70 0 -70 0 0 -205z"/></g></svg>
  <svg x='524' y='471'><g transform="translate(0.150398531432,6.77070779296) scale(0.00966757342839,-0.0097032077862)"><path class="sym-line" fill="black" d="M296 409 c-163 -149 -296 -275 -296 -279 0 -11 127 -130 140 -130 6 0 110 90 231 200 121 110 224 200 229 200 5 0 108 -90 229 -200 121 -110 225 -200 231 -200 13 0 140 119 140 130 0 10 -589 550 -600 550 -5 0 -141 -122 -304 -271z"/></g></svg>
  <svg x='506' y='508'><g transform="translate(0.150398531432,6.77070779296) scale(0.00966757342839,-0.0097032077862)"><path class="sym-line" fill="black" d="M296 409 c-163 -149 -296 -275 -296 -279 0 -11 127 -130 140 -130 6 0 110 90 231 200 121 110 224 200 229 200 5 0 108 -90 229 -200 121 -110 225 -200 231 -200 13 0 140 119 140 130 0 10 -589 550 -600 550 -5 0 -141 -122 -304 -271z"/></g></svg>
  <svg x='473' y='480'><g transform="translate(0.150398531432,6.77070779296) scale(0.00966757342839,-0.0097032077862)"><path class="sym-line" fill="black" d="M296 409 c-163 -149 -296 -275 -296 -279 0 -11 127 -130 140 -130 6 0 110 90 231 200 121 110 224 200 229 200 5 0 108 -90 229 -200 121 -110 225 -200 231 -200 13 0 140 119 140 130 0 10 -589 550 -600 550 -5 0 -141 -122 -304 -271z"/></g></svg>
  <svg x='517' y='497'><g transform="translate(0.150473191431,14.0633483059) scale(0.00985915292844,-0.0100666588668)"><path class="sym-fill" fill="white" d="M665 944 c-148 -157 -270 -291 -270 -298 0 -8 44 -59 97 -114 l98 -101 276 290 276 289 -21 27 c-11 16 -57 65 -103 110 l-83 82 -270 -285z"/><path class="sym-line" fill="black" d="M520 1091 l-275 -291 -122 128 -122 127 -1 -512 0 -513 486 0 c462 0 486 1 473 18 -7 9 -60 65 -117 124 -71 73 -101 111 -96 120 4 7 125 136 269 286 143 150 261 278 263 285 1 7 -28 43 -66 80 l-68 68 -273 -288 c-150 -159 -276 -289 -280 -291 -4 -1 -53 47 -109 107 l-101 109 274 288 c151 159 275 293 275 298 0 4 -30 40 -67 78 l-68 69 -275 -290z"/></g></svg>
  <svg x='475' y='513'><g transform="translate(-0.0515675887627,13.9964478699) scale(0.0100651361624,-0.00989143597848)"><path class="sym-fill" fill="white" d="M496 873 l-96 -107 23 -25 c13 -14 133 -147 267 -296 134 -148 246 -271 249 -272 3 -2 50 47 105 107 l98 111 -39 42 c-21 23 -141 156 -267 295 -125 138 -232 252 -236 252 -5 0 -51 -48 -104 -107z"/><path class="sym-line" fill="black" d="M20 875 c0 -289 3 -525 8 -524 4 0 59 58 122 129 63 71 115 128 116 127 26 -36 529 -582 536 -582 6 0 39 32 74 71 l63 70 -269 298 c-149 163 -270 299 -270 303 0 9 194 221 201 220 3 -1 127 -136 274 -299 l269 -297 60 66 c34 36 64 71 68 77 4 7 -100 130 -258 305 -146 160 -264 296 -262 301 2 5 51 62 111 128 59 66 107 123 107 126 0 3 -214 6 -475 6 l-475 0 0 -525z"/></g></svg>
</svg>