<svg version='1.1' xmlns='http://www.w3.org/2000/svg' width='94' height='95' viewBox='430 468 94 95'>
  <text font-size='0'>AS17730S17738S26703S26613S20500S20500S14c03S14c0dS2ff00M524x563S2ff00482x482S17730504x482S17738476x483S20500506x468S20500480x468S26613456x500S26703480x504S14c03430x524S14c0d454x536</text>
  <svg x='482' y='482'><g transform="translate(0.149874875465,34.7500790925) scale(0.00988906872676,-0.00988956850125)"><path class="sym-line" fill="black" d="M1528 3484 c-592 -92 -1088 -447 -1348 -963 -125 -249 -180 -485 -180 -771 0 -480 183 -911 529 -1242 350 -336 780 -508 1271 -508 451 0 864 150 1193 434 326 281 517 620 591 1051 21 121 21 409 0 530 -43 252 -114 444 -237 639 -282 453 -741 750 -1284 831 -127 19 -413 18 -535 -1z m607 -173 c583 -126 1038 -523 1224 -1069 59 -173 75 -277 75 -492 0 -165 -3 -211 -22 -300 -71 -327 -228 -611 -458 -829 -186 -177 -381 -295 -614 -374 -176 -60 -282 -78 -490 -84 -247 -7 -416 19 -628 97 -549 201 -944 674 -1043 1250 -17 97 -17 383 0 480 99 576 495 1050 1043 1250 105 38 177 58 303 81 143 26 467 21 610 -10z"/></g></svg>
  <svg x='504' y='482'><g transform="translate(0.143629124375,14.7505211307) scale(0.00980303743091,-0.00973472242044)"><path class="sym-fill" fill="white" d="M1300 750 l0 -650 300 0 300 0 0 650 0 650 -300 0 -300 0 0 -650z"/><path class="sym-line" fill="black" d="M900 1485 c-333 -49 -557 -155 -720 -341 -193 -221 -235 -524 -102 -730 135 -209 391 -325 880 -399 l42 -7 0 101 0 100 -32 5 c-18 3 -69 10 -113 17 -250 36 -452 146 -522 283 -22 43 -25 59 -21 121 9 139 99 252 264 331 90 43 267 95 372 109 l52 7 0 209 c0 115 -3 208 -7 208 -5 -1 -46 -7 -93 -14z M1200 750 l0 -750 400 0 400 0 0 750 0 750 -400 0 -400 0 0 -750z m700 0 l0 -650 -300 0 -300 0 0 650 0 650 300 0 300 0 0 -650z"/></g></svg>
  <svg x='476' y='483'><g transform="translate(0.151784961345,14.7505211307) scale(0.00979356443274,-0.00973472242044)"><path class="sym-fill" fill="white" d="M100 750 l0 -650 300 0 300 0 0 650 0 650 -300 0 -300 0 0 -650z"/><path class="sym-line" fill="black" d="M0 750 l0 -750 400 0 400 0 0 750 0 750 -400 0 -400 0 0 -750z m700 0 l0 -650 -300 0 -300 0 0 650 0 650 300 0 300 0 0 -650z M1000 1292 l0 -210 53 -7 c104 -14 281 -66 371 -109 165 -79 255 -192 264 -331 4 -62 1 -78 -21 -121 -70 -137 -272 -247 -522 -283 -44 -7 -95 -14 -112 -17 l-33 -5 0 -100 0 -101 43 7 c488 74 744 190 879 399 182 282 39 693 -317 910 -121 73 -339 142 -510 161 -33 3 -68 8 -77 11 -17 5 -18 -9 -18 -204z"/></g></svg>
  <svg x='506' y='468'><g transform="translate(-0.221878406359,10.7500002304) scale(0.0103429235226,-0.00963778430032)"><path class="sym-line" fill="black" d="M430 895 l0 -205 -37 23 c-21 13 -95 61 -165 105 l-128 82 -36 -71 c-19 -40 -32 -75 -27 -79 4 -3 74 -48 156 -99 81 -51 147 -97 147 -101 0 -4 -66 -50 -147 -101 -82 -51 -152 -96 -156 -99 -5 -4 8 -39 27 -79 l36 -71 128 82 c70 44 144 92 165 105 l37 23 0 -205 0 -205 70 0 70 0 0 205 0 205 38 -23 c20 -13 94 -61 164 -105 l128 -82 36 71 c19 40 32 75 27 79 -4 3 -74 48 -155 99 -82 51 -148 97 -148 101 0 4 66 50 148 101 81 51 151 96 155 99 5 4 -8 39 -27 79 l-36 71 -128 -82 c-70 -44 -144 -92 -164 -105 l-38 -23 0 205 0 205 -70 0 -70 0 0 -205z"/></g></svg>
  <svg x='480' y='468'><g transform="translate(-0.221878406359,10.7500002304) scale(0.0103429235226,-0.00963778430032)"><path class="sym-line" fill="black" d="M430 895 l0 -205 -37 23 c-21 13 -95 61 -165 105 l-128 82 -36 -71 c-19 -40 -32 -75 -27 -79 4 -3 74 -48 156 -99 81 -51 147 -97 147 -101 0 -4 -66 -50 -147 -101 -82 -51 -152 -96 -156 -99 -5 -4 8 -39 27 -79 l36 -71 128 82 c70 44 144 92 165 105 l37 23 0 -205 0 -205 70 0 70 0 0 205 0 205 38 -23 c20 -13 94 -61 164 -105 l128 -82 36 71 c19 40 32 75 27 79 -4 3 -74 48 -155 99 -82 51 -148 97 -148 101 0 4 66 50 148 101 81 51 151 96 155 99 5 4 -8 39 -27 79 l-36 71 -128 -82 c-70 -44 -144 -92 -164 -105 l-38 -23 0 205 0 205 -70 0 -70 0 0 -205z"/></g></svg>
  <svg x='456' y='500'><g transform="translate(0.151136670039,22.0461838059) scale(0.00982597899807,-0.00994459401866)"><path class="sym-fill" fill="white" d="M100 516 l0 -386 390 0 c215 0 390 2 390 5 0 6 -720 719 -753 745 l-27 21 0 -385z"/><path class="sym-line" fill="black" d="M1275 1436 l-777 -766 -249 241 -249 241 0 -561 0 -561 573 0 572 1 -250 244 -250 244 75 74 c41 41 390 384 775 763 385 379 701 691 703 694 1 3 -31 38 -72 79 l-73 73 -778 -766z m-770 -921 l390 -385 -397 0 -398 0 0 385 c0 212 3 385 8 384 4 0 183 -173 397 -384z"/></g></svg>
  <svg x='480' y='504'><g transform="translate(0.149261343146,31.0556714951) scale(0.00991974534271,-0.0100228720586)"><path class="sym-line" fill="black" d="M1998 2160 c-513 -508 -1060 -1050 -1215 -1204 l-283 -281 -250 250 -250 250 0 -573 0 -572 577 0 578 0 -250 250 -250 250 140 139 c156 154 2097 2071 2215 2187 l75 74 -77 77 -76 76 -934 -923z"/></g></svg>
  <svg x='430' y='524'><g transform="translate(-0.0594114911349,25.8941403323) scale(0.00994810149705,-0.00990524091464)"><path class="sym-fill" fill="white" d="M1546 1873 l-476 -458 0 -192 0 -193 203 0 202 0 473 455 c259 251 472 458 472 460 0 4 -250 249 -342 334 l-56 52 -476 -458z"/><path class="sym-line" fill="black" d="M1815 2405 l-200 -195 -402 0 -403 0 0 -95 0 -95 301 -2 302 -3 -271 -260 -271 -260 -1 -61 0 -61 -413 -106 c-228 -59 -419 -107 -425 -107 -17 0 -15 -13 9 -107 12 -46 27 -83 32 -83 9 0 730 181 780 196 15 5 17 -4 17 -94 l0 -99 -335 -323 c-184 -177 -335 -325 -335 -330 0 -4 32 -35 71 -70 l71 -63 66 65 c37 35 189 182 338 326 l272 262 101 0 c93 0 102 -2 97 -17 -59 -195 -206 -757 -199 -763 10 -9 176 -50 182 -45 3 3 134 468 221 788 l11 37 64 0 64 0 66 61 65 61 0 -361 0 -361 100 0 100 0 0 459 0 459 403 388 c221 214 402 394 402 400 0 11 -663 654 -674 653 -3 0 -96 -88 -206 -194z m418 -268 l197 -192 -480 -462 -480 -463 -200 0 -200 0 0 199 0 200 473 455 c259 251 477 455 482 455 6 0 99 -86 208 -192z"/></g></svg>
  <svg x='454' y='536'><g transform="translate(0.0154868159973,26.9476026294) scale(0.00989837969426,-0.00993289905033)"><path class="sym-fill" fill="white" d="M1486 1948 l-456 -473 0 -202 0 -203 193 0 193 0 458 475 458 476 -43 47 c-63 69 -339 352 -343 352 -2 0 -209 -213 -460 -472z"/><path class="sym-line" fill="black" d="M1551 2295 l-393 -405 -452 0 -453 0 -7 -46 c-3 -26 -6 -71 -6 -100 l0 -54 361 0 361 0 -61 -68 c-61 -68 -61 -69 -61 -130 l0 -61 -37 -10 c-227 -62 -786 -220 -789 -223 -4 -5 41 -176 49 -184 4 -4 617 159 760 202 15 5 17 -4 17 -97 l0 -102 -233 -241 c-129 -132 -275 -285 -326 -338 l-93 -97 64 -71 c34 -38 66 -70 70 -70 4 0 152 151 329 335 l323 335 98 0 c54 0 98 -2 98 -4 0 -2 -45 -179 -100 -394 -55 -215 -100 -395 -100 -400 0 -8 149 -52 175 -52 6 0 60 191 120 425 l109 425 60 0 61 0 260 271 260 272 3 -302 2 -301 95 0 95 0 0 403 0 402 195 200 c107 110 194 203 195 206 0 8 -638 673 -650 677 -4 1 -184 -180 -399 -403z m720 -340 c-37 -38 -244 -253 -460 -477 l-393 -408 -199 0 -199 0 0 199 0 199 463 481 462 481 197 -203 196 -202 -67 -70z"/></g></svg>
</svg>