<svg version='1.1' xmlns='http://www.w3.org/2000/svg' width='51' height='109' viewBox='474 445 51 109'>
  <text font-size='0'>AS17610S17618S26500S26510S20311S20319S20500S20500S37600M525x554S17610507x465S17618478x465S26500509x445S26510479x446S20311474x514S20319504x514S37600488x531S20500480x537S20500508x537</text>
  <svg x='507' y='465'><g transform="translate(0.0996925829584,15.7992338797) scale(0.00981117768656,-0.00980419842474)"><path class="sym-fill" fill="white" d="M675 1384 c-229 -49 -412 -235 -459 -466 -20 -97 -20 -139 0 -236 36 -176 158 -338 314 -414 67 -33 196 -68 250 -68 20 0 20 3 20 600 l0 600 -27 -1 c-16 0 -59 -7 -98 -15z"/><path class="sym-line" fill="black" d="M670 1594 c-235 -45 -460 -214 -578 -434 -73 -135 -87 -195 -87 -360 0 -125 3 -155 23 -215 88 -265 292 -469 557 -557 60 -20 90 -23 215 -23 125 0 155 3 215 23 265 88 469 292 557 557 20 60 23 90 23 215 0 125 -3 155 -23 215 -71 214 -218 389 -413 494 -125 67 -187 83 -334 86 -71 2 -141 1 -155 -1z m130 -794 l0 -600 -37 0 c-143 1 -332 99 -431 225 -240 304 -142 739 206 914 70 35 156 59 220 60 l42 1 0 -600z"/></g></svg>
  <svg x='478' y='465'><g transform="translate(0.0996925829584,15.7992338797) scale(0.00981117768656,-0.00980419842474)"><path class="sym-fill" fill="white" d="M800 800 c0 -597 0 -600 20 -600 12 0 56 7 98 16 235 47 419 231 466 466 20 97 20 139 0 236 -47 235 -231 419 -466 466 -42 9 -86 16 -98 16 -20 0 -20 -3 -20 -600z"/><path class="sym-line" fill="black" d="M670 1594 c-235 -45 -460 -214 -578 -434 -73 -135 -87 -195 -87 -360 0 -125 3 -155 23 -215 88 -265 292 -469 557 -557 60 -20 90 -23 215 -23 125 0 155 3 215 23 265 88 469 292 557 557 20 60 23 90 23 215 0 125 -3 155 -23 215 -71 214 -218 389 -413 494 -125 67 -187 83 -334 86 -71 2 -141 1 -155 -1z m268 -209 c122 -29 253 -112 330 -210 176 -223 176 -527 0 -750 -99 -126 -288 -224 -430 -225 l-38 0 0 600 0 600 38 0 c20 0 65 -7 100 -15z"/></g></svg>
  <svg x='509' y='445'><g transform="translate(0.199517282911,14.7505211307) scale(0.00964541675618,-0.00973472242044)"><path class="sym-line" fill="black" d="M345 1150 l-350 -350 303 0 302 0 0 -400 0 -400 100 0 100 0 0 400 0 400 302 0 303 0 -350 350 c-192 193 -352 350 -355 350 -3 0 -163 -157 -355 -350z"/></g></svg>
  <svg x='479' y='446'><g transform="translate(0.199517282911,14.7505211307) scale(0.00964541675618,-0.00973472242044)"><path class="sym-fill" fill="white" d="M470 1125 l-225 -225 455 0 455 0 -225 225 c-124 124 -227 225 -230 225 -3 0 -106 -101 -230 -225z"/><path class="sym-line" fill="black" d="M345 1150 l-350 -350 303 0 302 0 0 -400 0 -400 100 0 100 0 0 400 0 400 302 0 303 0 -350 350 c-192 193 -352 350 -355 350 -3 0 -163 -157 -355 -350z m585 -25 l225 -225 -455 0 -455 0 225 225 c124 124 227 225 230 225 3 0 106 -101 230 -225z"/></g></svg>
  <svg x='474' y='514'><g transform="translate(0.199328273943,20.7485491077) scale(0.00980871680229,-0.00980957695607)"><path class="sym-fill" fill="white" d="M490 1255 l-205 -205 380 -380 380 -380 207 207 208 208 -377 377 c-208 208 -380 378 -383 378 -3 0 -97 -92 -210 -205z"/><path class="sym-line" fill="black" d="M520 1575 l-525 -525 525 -525 525 -525 525 525 525 525 -525 525 -525 525 -525 -525z m740 -1080 c-113 -113 -209 -205 -215 -205 -6 0 -181 171 -390 380 l-380 380 210 210 210 210 385 -385 385 -385 -205 -205z"/></g></svg>
  <svg x='504' y='514'><g transform="translate(0.0997015518904,20.7485491077) scale(0.00981057662724,-0.00980957695607)"><path class="sym-fill" fill="white" d="M1017 1082 l-377 -377 208 -208 207 -207 380 380 380 380 -205 205 c-113 113 -207 205 -210 205 -3 0 -175 -170 -383 -378z"/><path class="sym-line" fill="black" d="M530 1575 l-525 -525 525 -525 525 -525 525 525 525 525 -525 525 -525 525 -525 -525z m915 -905 c-209 -209 -384 -380 -390 -380 -6 0 -102 92 -215 205 l-205 205 385 385 385 385 210 -210 210 -210 -380 -380z"/></g></svg>
  <svg x='488' y='531'><g transform="translate(0.151007603865,22.7701047694) scale(0.00983243230676,-0.00983550750842)"><path class="sym-line" fill="black" d="M66 2239 c-37 -34 -66 -68 -64 -75 2 -7 238 -238 525 -513 l523 -501 -525 -502 c-289 -277 -525 -508 -525 -515 0 -11 121 -124 140 -131 4 -2 243 222 531 497 287 276 525 501 529 501 4 0 242 -225 529 -501 288 -275 527 -499 531 -497 19 7 140 120 140 131 0 7 -236 238 -525 515 l-525 502 523 501 c287 275 523 506 525 513 3 13 -123 136 -140 136 -5 0 -243 -225 -530 -500 -287 -275 -525 -500 -528 -500 -3 0 -241 225 -528 500 -287 275 -525 500 -530 500 -5 0 -39 -28 -76 -61z"/></g></svg>
  <svg x='480' y='537'><g transform="translate(-0.221878406359,10.7500002304) scale(0.0103429235226,-0.00963778430032)"><path class="sym-line" fill="black" d="M430 895 l0 -205 -37 23 c-21 13 -95 61 -165 105 l-128 82 -36 -71 c-19 -40 -32 -75 -27 -79 4 -3 74 -48 156 -99 81 -51 147 -97 147 -101 0 -4 -66 -50 -147 -101 -82 -51 -152 -96 -156 -99 -5 -4 8 -39 27 -79 l36 -71 128 82 c70 44 144 92 165 105 l37 23 0 -205 0 -205 70 0 70 0 0 205 0 205 38 -23 c20 -13 94 -61 164 -105 l128 -82 36 71 c19 40 32 75 27 79 -4 3 -74 48 -155 99 -82 51 -148 97 -148 101 0 4 66 50 148 101 81 51 151 96 155 99 5 4 -8 39 -27 79 l-36 71 -128 -82 c-70 -44 -144 -92 -164 -105 l-38 -23 0 205 0 205 -70 0 -70 0 0 -205z"/></g></svg>
  <svg x='508' y='537'><g transform="translate(-0.221878406359,10.7500002304) scale(0.0103429235226,-0.00963778430032)"><path class="sym-line" fill="black" d="M430 895 l0 -205 -37 23 c-21 13 -95 61 -165 105 l-128 82 -36 -71 c-19 -40 -32 -75 -27 -79 4 -3 74 -48 156 -99 81 -51 147 -97 147 -101 0 -4 -66 -50 -147 -101 -82 -51 -152 -96 -156 -99 -5 -4 8 -39 27 -79 l36 -71 128 82 c70 44 144 92 165 105 l37 23 0 -205 0 -205 70 0 70 0 0 205 0 205 38 -23 c20 -13 94 -61 164 -105 l128 -82 36 71 c19 40 32 75 27 79 -4 3 -74 48 -155 99 -82 51 -148 97 -148 101 0 4 66 50 148 101 81 51 151 96 155 99 5 4 -8 39 -27 79 l-36 71 -128 -82 c-70 -44 -144 -92 -164 -105 l-38 -23 0 205 0 205 -70 0 -70 0 0 -205z"/></g></svg>
</svg>