<svg version='1.1' xmlns='http://www.w3.org/2000/svg' width='105' height='87' viewBox='482 455 105 87'>
  <text font-size='0'>AS18507S20500S33b00S15a30S15a56S20700S22f00S37602M587x542S33b00482x483S18507501x513S20500491x516S37602565x486S15a56537x511S15a30560x470S20700548x527S22f00555x455</text>
  <svg x='482' y='483'><g transform="translate(0.149874875465,34.7500790925) scale(0.00988906872676,-0.00988956850125)"><path class="sym-line" fill="black" d="M1528 3484 c-592 -92 -1088 -447 -1348 -963 -125 -249 -180 -485 -180 -771 0 -480 183 -911 529 -1242 350 -336 780 -508 1271 -508 451 0 864 150 1193 434 326 281 517 620 591 1051 21 121 21 409 0 530 -43 252 -114 444 -237 639 -282 453 -741 750 -1284 831 -127 19 -413 18 -535 -1z m607 -173 c583 -126 1038 -523 1224 -1069 59 -173 75 -277 75 -492 0 -165 -3 -211 -22 -300 -71 -327 -228 -611 -458 -829 -186 -177 -381 -295 -614 -374 -176 -60 -282 -78 -490 -84 -247 -7 -416 19 -628 97 -549 201 -944 674 -1043 1250 -17 97 -17 383 0 480 99 576 495 1050 1043 1250 105 38 177 58 303 81 143 26 467 21 610 -10z M1020 875 l0 -75 780 0 780 0 0 75 0 75 -780 0 -780 0 0 -75z"/></g></svg>
  <svg x='501' y='513'><g transform="translate(0.0597200635158,26.8514448056) scale(0.00982683111346,-0.00989586507189)"><path class="sym-fill" fill="white" d="M889 1039 c-244 -248 -444 -455 -444 -458 0 -4 91 -102 203 -217 l202 -209 94 95 c51 52 254 258 450 458 l357 363 -202 209 c-111 116 -205 210 -209 210 -4 0 -207 -203 -451 -451z"/><path class="sym-line" fill="black" d="M146 2560 l-137 -141 175 -180 176 -180 0 -702 0 -701 -37 -38 -36 -37 278 -286 c152 -157 281 -285 285 -285 4 0 242 239 530 531 l522 531 -70 72 c-1110 1132 -1525 1552 -1536 1554 -7 2 -74 -61 -150 -138z m723 -1020 l178 -185 -241 -247 -241 -247 3 492 2 491 61 -59 c33 -33 141 -143 238 -245z m881 -465 c0 -5 -203 -215 -450 -465 l-449 -455 -206 207 c-114 114 -205 212 -203 218 2 6 204 216 448 465 l445 454 208 -207 c114 -114 207 -211 207 -217z"/></g></svg>
  <svg x='491' y='516'><g transform="translate(-0.221878406359,10.7500002304) scale(0.0103429235226,-0.00963778430032)"><path class="sym-line" fill="black" d="M430 895 l0 -205 -37 23 c-21 13 -95 61 -165 105 l-128 82 -36 -71 c-19 -40 -32 -75 -27 -79 4 -3 74 -48 156 -99 81 -51 147 -97 147 -101 0 -4 -66 -50 -147 -101 -82 -51 -152 -96 -156 -99 -5 -4 8 -39 27 -79 l36 -71 128 82 c70 44 144 92 165 105 l37 23 0 -205 0 -205 70 0 70 0 0 205 0 205 38 -23 c20 -13 94 -61 164 -105 l128 -82 36 71 c19 40 32 75 27 79 -4 3 -74 48 -155 99 -82 51 -148 97 -148 101 0 4 66 50 148 101 81 51 151 96 155 99 5 4 -8 39 -27 79 l-36 71 -128 -82 c-70 -44 -144 -92 -164 -105 l-38 -23 0 205 0 205 -70 0 -70 0 0 -205z"/></g></svg>
  <svg x='565' y='486'><g transform="translate(0.151757672187,38.6998517561) scale(0.00979492889064,-0.00988497801438)"><path class="sym-line" fill="black" d="M0 1948 l0 -1953 1102 1102 1103 1103 -75 75 -75 75 -927 -927 -928 -928 0 1703 0 1702 -100 0 -100 0 0 -1952z"/></g></svg>
  <svg x='537' y='511'><g transform="translate(0.150976194493,11.7516936221) scale(0.00983400277537,-0.00966938010173)"><path class="sym-fill" fill="white" d="M1400 600 l0 -600 150 0 150 0 0 600 0 600 -150 0 -150 0 0 -600z"/><path class="sym-line" fill="black" d="M0 600 l0 -600 700 0 700 0 0 600 0 600 -700 0 -700 0 0 -600z M1700 600 l0 -600 203 0 202 0 300 300 300 300 -300 300 -300 300 -202 0 -203 0 0 -600z"/></g></svg>
  <svg x='560' y='470'><g transform="translate(0.0,27.0) scale(0.01,-0.01)"><path class="sym-fill" fill="white" d="M397 2212 l-197 -197 0 -158 0 -157 -100 0 -100 0 0 -150 0 -150 100 0 100 0 0 -600 0 -600 400 0 400 0 0 600 0 600 100 0 100 0 0 150 0 150 -100 0 -100 0 0 158 0 157 -198 198 c-108 108 -199 197 -202 197 -3 0 -94 -89 -203 -198z"/><path class="sym-line" fill="black" d="M297 2402 l-297 -297 0 -203 0 -202 100 0 100 0 0 163 0 162 200 200 200 200 200 -200 200 -200 0 -162 0 -163 100 0 100 0 0 203 0 202 -298 298 c-163 163 -299 297 -302 297 -3 0 -139 -134 -303 -298z M0 700 l0 -700 600 0 600 0 0 700 0 700 -100 0 -100 0 0 -600 0 -600 -400 0 -400 0 0 600 0 600 -100 0 -100 0 0 -700z"/></g></svg>
  <svg x='548' y='527'><g transform="translate(-0.0515625354691,14.7505211307) scale(0.0100004540047,-0.00973472242044)"><path class="sym-line" fill="black" d="M20 750 l0 -750 75 0 75 0 0 750 0 750 -75 0 -75 0 0 -750z M1630 750 l0 -750 75 0 75 0 0 750 0 750 -75 0 -75 0 0 -750z M820 1100 c0 -110 -2 -200 -5 -200 -3 0 -76 43 -162 96 -87 53 -161 98 -164 100 -4 2 -23 -28 -44 -67 -30 -57 -35 -73 -24 -80 8 -5 83 -51 166 -101 84 -51 153 -95 153 -98 0 -3 -69 -47 -153 -98 -83 -50 -158 -96 -166 -101 -11 -7 -6 -23 24 -80 21 -39 40 -69 44 -67 3 2 77 47 164 100 86 53 159 96 162 96 3 0 5 -90 5 -200 l0 -200 80 0 80 0 0 200 c0 110 2 200 5 200 3 0 76 -43 162 -96 87 -53 161 -98 164 -100 3 -1 23 29 43 68 31 57 36 72 25 79 -8 5 -83 51 -166 102 -84 50 -153 94 -153 97 0 3 69 47 153 97 83 51 158 97 166 102 11 7 6 22 -25 79 -20 39 -40 69 -43 68 -3 -2 -77 -47 -164 -100 -86 -53 -159 -96 -162 -96 -3 0 -5 90 -5 200 l0 200 -80 0 -80 0 0 -200z"/></g></svg>
  <svg x='555' y='455'><g transform="translate(0.0309481176548,13.7520098667) scale(0.00993924845563,-0.00971683740478)"><path class="sym-fill" fill="white" d="M540 350 l0 -350 140 0 140 0 0 350 0 350 -140 0 -140 0 0 -350z M1680 350 l0 -350 140 0 140 0 0 350 0 350 -140 0 -140 0 0 -350z"/><path class="sym-line" fill="black" d="M342 1053 l-330 -348 164 -3 164 -2 0 -350 0 -350 100 0 100 0 0 350 0 350 145 0 145 0 0 -350 0 -350 95 0 95 0 0 350 0 350 230 0 230 0 0 -350 0 -350 95 0 95 0 0 350 0 350 145 0 145 0 0 -350 0 -350 100 0 100 0 0 350 0 350 164 2 163 3 -327 344 c-179 190 -331 346 -337 348 -6 2 -137 -129 -292 -291 l-281 -295 -98 102 c-54 56 -181 189 -281 295 -101 105 -187 192 -192 192 -4 0 -156 -156 -337 -347z"/></g></svg>
</svg>