<svg version='1.1' xmlns='http://www.w3.org/2000/svg' width='136' height='62' viewBox='432 469 136 62'>
  <text font-size='0'>AS18557S1855fS2d608S2d610S20500S2fb00S14c5fS14c57M568x531S18557501x504S1855f479x504S2d608508x490S2d610462x488S20500494x490S14c57542x470S14c5f432x469S2fb00492x474</text>
  <svg x='501' y='504'><g transform="translate(0.059542940573,26.8017626653) scale(0.00984291035933,-0.00987747758034)"><path class="sym-line" fill="black" d="M146 2560 l-137 -141 175 -180 176 -180 0 -564 c0 -311 4 -565 8 -565 5 0 52 47 105 105 l97 105 0 353 1 352 176 -179 176 -178 138 143 c76 79 138 147 139 150 0 11 -889 914 -903 917 -8 2 -75 -61 -151 -138z M810 1113 c-283 -288 -516 -528 -517 -531 -1 -4 124 -135 277 -292 l280 -285 475 480 c261 264 497 505 524 536 l50 55 -276 282 c-151 155 -280 282 -286 281 -7 0 -244 -237 -527 -526z"/></g></svg>
  <svg x='479' y='504'><g transform="translate(0.130996301548,26.798581355) scale(0.00984089757655,-0.00987042364999)"><path class="sym-line" fill="black" d="M1150 2246 c-245 -250 -445 -458 -445 -463 0 -5 62 -74 137 -153 l137 -143 174 179 174 178 6 -358 6 -358 92 -96 c50 -53 95 -98 100 -100 5 -2 9 235 9 561 l0 564 176 181 176 182 -138 140 c-76 77 -142 140 -148 140 -6 0 -211 -204 -456 -454z M277 1358 l-275 -282 89 -96 c49 -52 285 -293 524 -535 l436 -440 279 285 c154 157 278 288 277 292 -4 13 -1031 1053 -1043 1056 -6 2 -135 -124 -287 -280z"/></g></svg>
  <svg x='508' y='490'><g transform="translate(0.198409507087,11.7551245826) scale(0.00984535298844,-0.00974923141752)"><path class="sym-line" fill="black" d="M1070 1184 c-148 -27 -310 -87 -434 -161 -112 -67 -220 -160 -431 -372 l-210 -211 70 -70 c38 -38 73 -70 78 -70 5 0 111 100 236 223 124 123 256 244 292 270 75 53 196 114 284 145 204 69 486 69 690 0 174 -60 305 -147 500 -333 l130 -124 -240 -241 -240 -240 553 0 552 0 0 552 0 553 -240 -240 -240 -239 -137 135 c-76 75 -165 156 -198 180 -169 127 -355 207 -561 243 -109 19 -348 19 -454 0z"/></g></svg>
  <svg x='462' y='488'><g transform="translate(0.150749190231,11.7548701066) scale(0.00984535298844,-0.00975232896833)"><path class="sym-fill" fill="white" d="M100 475 l0 -375 377 0 378 0 -375 375 c-206 206 -376 375 -377 375 -2 0 -3 -169 -3 -375z"/><path class="sym-line" fill="black" d="M1370 1184 c-148 -27 -311 -87 -434 -161 -104 -63 -176 -122 -319 -262 l-137 -135 -240 239 -240 240 0 -553 0 -552 552 0 553 0 -240 240 -240 241 130 124 c195 186 326 273 500 333 204 69 486 69 690 0 88 -31 209 -92 284 -145 36 -26 168 -147 292 -270 125 -123 231 -223 236 -223 5 0 40 32 78 70 l70 70 -210 211 c-211 212 -319 305 -431 372 -128 77 -285 134 -440 161 -109 19 -348 19 -454 0z m-698 -896 l180 -188 -376 0 -376 0 0 382 0 383 196 -195 c107 -107 277 -279 376 -382z"/></g></svg>
  <svg x='494' y='490'><g transform="translate(-0.221878406359,10.7500002304) scale(0.0103429235226,-0.00963778430032)"><path class="sym-line" fill="black" d="M430 895 l0 -205 -37 23 c-21 13 -95 61 -165 105 l-128 82 -36 -71 c-19 -40 -32 -75 -27 -79 4 -3 74 -48 156 -99 81 -51 147 -97 147 -101 0 -4 -66 -50 -147 -101 -82 -51 -152 -96 -156 -99 -5 -4 8 -39 27 -79 l36 -71 128 82 c70 44 144 92 165 105 l37 23 0 -205 0 -205 70 0 70 0 0 205 0 205 38 -23 c20 -13 94 -61 164 -105 l128 -82 36 71 c19 40 32 75 27 79 -4 3 -74 48 -155 99 -82 51 -148 97 -148 101 0 4 66 50 148 101 81 51 151 96 155 99 5 4 -8 39 -27 79 l-36 71 -128 -82 c-70 -44 -144 -92 -164 -105 l-38 -23 0 205 0 205 -70 0 -70 0 0 -205z"/></g></svg>
  <svg x='542' y='470'><g transform="translate(-0.0515626425162,26.8533581039) scale(0.0100018242071,-0.00992571299309)"><path class="sym-line" fill="black" d="M1357 2313 c-54 -208 -100 -388 -103 -400 -6 -23 -5 -23 94 -23 l100 0 16 63 c50 191 168 664 170 676 1 9 -28 21 -84 37 -47 13 -88 24 -91 24 -3 0 -49 -170 -102 -377z M1997 2222 c-152 -160 -277 -293 -277 -296 0 -3 29 -6 65 -6 l64 0 3 -68 3 -68 185 194 c102 106 227 238 278 292 l93 99 -68 72 -68 71 -278 -290z M410 1559 c0 -187 3 -339 8 -337 4 2 46 44 95 94 l87 90 0 247 0 247 -95 0 -95 0 0 -341z M639 1333 c-260 -274 -506 -532 -546 -574 l-73 -75 321 -337 c176 -185 325 -337 330 -337 5 0 254 258 554 573 l545 572 0 338 0 337 -329 0 -329 0 -473 -497z M2220 1614 c-162 -46 -312 -89 -332 -94 l-38 -11 0 -105 c0 -81 3 -105 13 -102 6 3 170 49 362 103 193 54 352 100 354 101 8 6 -44 194 -53 193 -6 -1 -144 -39 -306 -85z M1669 933 c-41 -43 -83 -88 -93 -100 l-19 -23 396 0 397 0 0 100 0 100 -303 0 -302 0 -76 -77z"/></g></svg>
  <svg x='432' y='469'><g transform="translate(-0.0554674755118,26.8844421949) scale(0.0100018126054,-0.00994152334566)"><path class="sym-line" fill="black" d="M1045 2665 c-53 -15 -80 -27 -79 -36 2 -12 120 -484 170 -676 l16 -63 100 0 c99 0 100 0 94 23 -3 12 -49 192 -102 400 -55 214 -102 377 -108 376 -6 0 -47 -11 -91 -24z M256 2439 l-67 -70 93 -99 c51 -54 176 -186 278 -292 l185 -194 3 68 3 68 64 0 c36 0 65 3 65 6 0 5 -550 584 -555 584 -1 0 -33 -32 -69 -71z M2000 1653 l0 -247 88 -90 c48 -50 90 -92 95 -94 4 -2 7 150 7 337 l0 341 -95 0 -95 0 0 -247z M830 1493 l0 -338 543 -569 c298 -313 547 -571 553 -573 7 -2 156 148 333 333 l321 338 -73 75 c-40 42 -286 300 -546 574 l-473 497 -329 0 -329 0 0 -337z M41 1604 c-13 -52 -22 -96 -20 -98 2 -1 162 -47 354 -101 193 -54 356 -100 363 -102 9 -4 12 20 12 100 l0 106 -52 15 c-93 26 -628 176 -631 176 -2 0 -13 -43 -26 -96z M250 910 l0 -100 397 0 396 0 -19 23 c-10 12 -52 57 -93 100 l-76 77 -302 0 -303 0 0 -100z"/></g></svg>
  <svg x='492' y='474'><g transform="translate(0.169849905175,5.76208528494) scale(0.0097007872376,-0.00950858679199)"><path class="sym-line" fill="black" d="M552 580 c-226 -60 -429 -239 -518 -459 -13 -33 -27 -73 -30 -90 l-6 -31 60 0 61 0 42 83 c54 103 163 217 264 273 205 113 445 113 650 0 101 -56 210 -170 264 -273 l42 -83 61 0 61 0 -7 31 c-22 111 -99 242 -206 349 -99 99 -217 167 -346 200 -105 27 -289 27 -392 0z"/></g></svg>
</svg>