<svg version='1.1' xmlns='http://www.w3.org/2000/svg' width='84' height='53' viewBox='467 474 84 53'>
  <text font-size='0'>AS18159S20336S20500S18137S20500S37806S37802S37802S36d00M551x527S37806501x508S20500502x494S18137480x503S37802479x476S37802480x476S36d00479x474S20336536x502S20500493x481S18159467x481</text>
  <svg x='501' y='508'><g transform="translate(0.0,2.0) scale(0.01,-0.01)"><path class="sym-line" fill="black" d="M0 100 l0 -100 1600 0 1600 0 0 100 0 100 -1600 0 -1600 0 0 -100z"/></g></svg>
  <svg x='502' y='494'><g transform="translate(-0.221878406359,10.7500002304) scale(0.0103429235226,-0.00963778430032)"><path class="sym-line" fill="black" d="M430 895 l0 -205 -37 23 c-21 13 -95 61 -165 105 l-128 82 -36 -71 c-19 -40 -32 -75 -27 -79 4 -3 74 -48 156 -99 81 -51 147 -97 147 -101 0 -4 -66 -50 -147 -101 -82 -51 -152 -96 -156 -99 -5 -4 8 -39 27 -79 l36 -71 128 82 c70 44 144 92 165 105 l37 23 0 -205 0 -205 70 0 70 0 0 205 0 205 38 -23 c20 -13 94 -61 164 -105 l128 -82 36 71 c19 40 32 75 27 79 -4 3 -74 48 -155 99 -82 51 -148 97 -148 101 0 4 66 50 148 101 81 51 151 96 155 99 5 4 -8 39 -27 79 l-36 71 -128 -82 c-70 -44 -144 -92 -164 -105 l-38 -23 0 205 0 205 -70 0 -70 0 0 -205z"/></g></svg>
  <svg x='480' y='503'><g transform="translate(-0.0789051780326,23.9681718404) scale(0.0100003518252,-0.00992488930849)"><path class="sym-fill" fill="white" d="M765 803 c-330 -85 -601 -156 -602 -157 -7 -6 135 -486 144 -486 17 0 1204 308 1211 314 3 3 -16 84 -42 178 -76 275 -86 308 -99 307 -7 0 -282 -70 -612 -156z"/><path class="sym-line" fill="black" d="M1765 2388 c-3 -7 -54 -190 -114 -407 l-109 -394 110 -396 c60 -217 111 -397 113 -400 3 -2 7 2 10 10 11 33 406 1456 408 1473 2 16 -25 25 -203 72 -113 29 -206 54 -208 54 -1 0 -5 -6 -7 -12z M740 912 c-393 -102 -716 -186 -717 -187 -2 -1 189 -698 193 -703 1 -2 324 80 718 182 394 102 719 186 721 186 11 0 2 38 -75 316 -110 396 -110 394 -118 393 -4 0 -329 -84 -722 -187z m722 -195 c36 -133 65 -244 62 -246 -5 -5 -1227 -321 -1230 -318 -7 8 -134 490 -130 494 8 8 1221 321 1226 316 3 -3 35 -113 72 -246z"/></g></svg>
  <svg x='479' y='476'><g transform="translate(0.00758934082336,32.4653326659) scale(0.00990600575607,-0.0103109685146)"><path class="sym-line" fill="black" d="M92 3084 c-65 -43 -82 -59 -77 -72 9 -26 1496 -2936 1504 -2944 6 -7 171 97 171 108 0 7 -1501 2947 -1509 2956 -3 3 -44 -18 -89 -48z"/></g></svg>
  <svg x='480' y='476'><g transform="translate(0.00758934082336,32.4653326659) scale(0.00990600575607,-0.0103109685146)"><path class="sym-line" fill="black" d="M92 3084 c-65 -43 -82 -59 -77 -72 9 -26 1496 -2936 1504 -2944 6 -7 171 97 171 108 0 7 -1501 2947 -1509 2956 -3 3 -44 -18 -89 -48z"/></g></svg>
  <svg x='479' y='474'><g transform="translate(0.0,4.0) scale(0.01,-0.01)"><path class="sym-line" fill="black" d="M0 200 l0 -200 2100 0 2100 0 0 200 0 200 -2100 0 -2100 0 0 -200z"/></g></svg>
  <svg x='536' y='502'><g transform="translate(0.0,15.0) scale(0.01,-0.01)"><path class="sym-fill" fill="white" d="M800 1400 l0 -100 -300 0 -300 0 0 -550 0 -550 300 0 300 0 0 -100 0 -100 150 0 150 0 0 100 0 100 100 0 100 0 0 550 0 550 -100 0 -100 0 0 100 0 100 -150 0 -150 0 0 -100z"/><path class="sym-line" fill="black" d="M0 750 l0 -750 400 0 400 0 0 100 0 100 -300 0 -300 0 0 550 0 550 300 0 300 0 0 100 0 100 -400 0 -400 0 0 -750z M1100 1400 l0 -100 100 0 100 0 0 -550 0 -550 -100 0 -100 0 0 -100 0 -100 200 0 200 0 0 750 0 750 -200 0 -200 0 0 -100z"/></g></svg>
  <svg x='493' y='481'><g transform="translate(-0.221878406359,10.7500002304) scale(0.0103429235226,-0.00963778430032)"><path class="sym-line" fill="black" d="M430 895 l0 -205 -37 23 c-21 13 -95 61 -165 105 l-128 82 -36 -71 c-19 -40 -32 -75 -27 -79 4 -3 74 -48 156 -99 81 -51 147 -97 147 -101 0 -4 -66 -50 -147 -101 -82 -51 -152 -96 -156 -99 -5 -4 8 -39 27 -79 l36 -71 128 82 c70 44 144 92 165 105 l37 23 0 -205 0 -205 70 0 70 0 0 205 0 205 38 -23 c20 -13 94 -61 164 -105 l128 -82 36 71 c19 40 32 75 27 79 -4 3 -74 48 -155 99 -82 51 -148 97 -148 101 0 4 66 50 148 101 81 51 151 96 155 99 5 4 -8 39 -27 79 l-36 71 -128 -82 c-70 -44 -144 -92 -164 -105 l-38 -23 0 205 0 205 -70 0 -70 0 0 -205z"/></g></svg>
  <svg x='467' y='481'><g transform="translate(-0.129871169591,21.9827517709) scale(0.00997739451193,-0.00998515252886)"><path class="sym-line" fill="black" d="M1540 1983 c-404 -113 -738 -208 -743 -212 -8 -8 755 -221 791 -221 25 0 793 210 805 220 9 8 -96 413 -109 416 -5 1 -340 -90 -744 -203z M377 1598 c-9 -35 -93 -358 -186 -718 -94 -360 -167 -658 -163 -661 7 -7 696 -199 698 -196 4 6 364 1407 366 1426 3 23 -7 26 -332 117 -184 52 -342 94 -351 94 -12 0 -21 -18 -32 -62z"/></g></svg>
</svg>