<svg version='1.1' xmlns='http://www.w3.org/2000/svg' width='55' height='167' viewBox='472 416 55 167'>
  <text font-size='0'>AS18250S15a37S20500S28801S15d02S20500S25504S15d01S15d09S20b00M527x583S15a37472x422S20500499x416S28801507x428S18250481x437S15d02490x479S20500499x502S25504497x516S15d09491x546S15d01503x548S20b00501x570</text>
  <svg x='472' y='422'><g transform="translate(-0.000223836172357,22.7560476437) scale(0.00989189550009,-0.00991168243272)"><path class="sym-fill" fill="white" d="M1438 1973 l-108 -108 -68 68 -67 67 -103 -103 -102 -102 67 -68 68 -67 -413 -413 -412 -412 275 -275 275 -275 413 413 412 412 68 -67 67 -68 102 102 103 103 -68 68 -67 67 110 110 110 110 0 272 0 273 -278 0 -277 0 -107 -107z"/><path class="sym-line" fill="black" d="M1327 2142 l-137 -137 70 -70 70 -70 113 113 113 112 269 -2 270 -3 3 -275 2 -274 -110 -111 -110 -110 70 -70 70 -70 140 140 140 140 0 412 0 413 -418 0 -417 0 -138 -138z M495 1310 l-480 -480 415 -415 415 -415 482 482 483 483 -70 70 -70 70 -413 -413 -412 -412 -275 275 -275 275 413 413 412 412 -68 68 c-37 37 -70 67 -72 67 -3 0 -221 -216 -485 -480z"/></g></svg>
  <svg x='499' y='416'><g transform="translate(-0.221878406359,10.7500002304) scale(0.0103429235226,-0.00963778430032)"><path class="sym-line" fill="black" d="M430 895 l0 -205 -37 23 c-21 13 -95 61 -165 105 l-128 82 -36 -71 c-19 -40 -32 -75 -27 -79 4 -3 74 -48 156 -99 81 -51 147 -97 147 -101 0 -4 -66 -50 -147 -101 -82 -51 -152 -96 -156 -99 -5 -4 8 -39 27 -79 l36 -71 128 82 c70 44 144 92 165 105 l37 23 0 -205 0 -205 70 0 70 0 0 205 0 205 38 -23 c20 -13 94 -61 164 -105 l128 -82 36 71 c19 40 32 75 27 79 -4 3 -74 48 -155 99 -82 51 -148 97 -148 101 0 4 66 50 148 101 81 51 151 96 155 99 5 4 -8 39 -27 79 l-36 71 -128 -82 c-70 -44 -144 -92 -164 -105 l-38 -23 0 205 0 205 -70 0 -70 0 0 -205z"/></g></svg>
  <svg x='507' y='428'><g transform="translate(0.149872906888,19.9605072334) scale(0.00988916715558,-0.0100055853339)"><path class="sym-fill" fill="white" d="M730 1256 l0 -206 158 0 c171 0 223 -9 305 -56 68 -38 136 -110 171 -184 l31 -65 5 -360 5 -360 205 0 205 0 -1 365 c-1 341 -2 370 -23 445 -55 203 -177 374 -344 482 -157 103 -268 132 -529 140 l-188 6 0 -207z"/><path class="sym-line" fill="black" d="M363 1621 c-200 -197 -363 -362 -363 -367 0 -10 724 -724 734 -724 3 0 6 81 6 180 l0 180 153 0 c144 0 156 -1 205 -26 57 -28 96 -69 123 -129 17 -36 19 -72 19 -377 l0 -338 80 0 80 0 0 337 c0 275 -3 347 -16 392 -32 115 -136 227 -251 272 -50 19 -82 23 -230 27 l-173 4 0 205 0 205 198 -5 c127 -3 217 -11 252 -20 305 -83 517 -283 606 -572 l28 -90 4 -377 3 -378 81 0 80 0 -4 378 c-5 369 -6 379 -32 477 -46 173 -119 305 -240 433 -119 125 -268 215 -442 268 -82 25 -107 27 -306 32 l-218 4 0 184 c0 101 -3 184 -7 183 -5 0 -171 -161 -370 -358z"/></g></svg>
  <svg x='481' y='437'><g transform="translate(0.0,15.0) scale(0.01,-0.01)"><path class="sym-line" fill="black" d="M0 1300 l0 -200 625 0 625 0 0 200 0 200 -625 0 -625 0 0 -200z M1430 750 l0 -750 385 0 385 0 0 750 0 750 -385 0 -385 0 0 -750z"/></g></svg>
  <svg x='490' y='479'><g transform="translate(0.130661630485,18.7501235081) scale(0.00985944212031,-0.00979036105688)"><path class="sym-fill" fill="white" d="M482 844 c-107 -112 -192 -208 -190 -213 2 -6 90 -102 197 -215 l194 -206 908 0 909 0 0 420 0 420 -912 -1 -913 0 -193 -205z"/><path class="sym-line" fill="black" d="M1722 1827 l-73 -73 226 -240 226 -239 -754 -3 -753 -2 -295 -311 c-161 -171 -295 -317 -297 -323 -1 -7 130 -152 293 -324 l296 -312 1055 0 1054 0 0 635 0 635 -148 0 -147 0 -298 315 c-164 173 -301 315 -305 315 -4 0 -40 -33 -80 -73z m778 -1192 l0 -425 -912 1 -913 1 -195 207 c-107 114 -195 210 -195 213 0 3 89 101 199 217 l199 211 908 0 909 0 0 -425z"/></g></svg>
  <svg x='499' y='502'><g transform="translate(-0.221878406359,10.7500002304) scale(0.0103429235226,-0.00963778430032)"><path class="sym-line" fill="black" d="M430 895 l0 -205 -37 23 c-21 13 -95 61 -165 105 l-128 82 -36 -71 c-19 -40 -32 -75 -27 -79 4 -3 74 -48 156 -99 81 -51 147 -97 147 -101 0 -4 -66 -50 -147 -101 -82 -51 -152 -96 -156 -99 -5 -4 8 -39 27 -79 l36 -71 128 82 c70 44 144 92 165 105 l37 23 0 -205 0 -205 70 0 70 0 0 205 0 205 38 -23 c20 -13 94 -61 164 -105 l128 -82 36 71 c19 40 32 75 27 79 -4 3 -74 48 -155 99 -82 51 -148 97 -148 101 0 4 66 50 148 101 81 51 151 96 155 99 5 4 -8 39 -27 79 l-36 71 -128 -82 c-70 -44 -144 -92 -164 -105 l-38 -23 0 205 0 205 -70 0 -70 0 0 -205z"/></g></svg>
  <svg x='497' y='516'><g transform="translate(0.149894744626,21.8502439916) scale(0.00969276276868,-0.00986445749619)"><path class="sym-fill" fill="white" d="M500 1895 l0 -305 150 0 150 0 0 305 0 305 -150 0 -150 0 0 -305z M500 980 l0 -300 150 0 150 0 0 300 0 300 -150 0 -150 0 0 -300z"/><path class="sym-line" fill="black" d="M300 1900 l0 -300 -150 0 -150 0 0 -160 0 -160 150 0 150 0 0 -300 0 -300 -151 0 c-86 0 -149 -4 -147 -9 2 -5 148 -156 326 -335 l322 -326 323 326 c177 179 324 330 325 335 2 5 -61 9 -147 9 l-151 0 0 300 0 300 150 0 150 0 0 160 0 160 -150 0 -150 0 0 300 0 300 -100 0 -100 0 0 -305 0 -305 -150 0 -150 0 0 305 0 305 -100 0 -100 0 0 -300z m500 -920 l0 -310 -150 0 -150 0 0 310 0 310 150 0 150 0 0 -310z"/></g></svg>
  <svg x='491' y='546'><g transform="translate(0.149415820392,22.899520137) scale(0.00991202148038,-0.00989177505957)"><path class="sym-fill" fill="white" d="M910 1475 l-625 -625 275 -275 275 -275 622 622 623 623 0 277 0 278 -273 0 -272 0 -625 -625z"/><path class="sym-line" fill="black" d="M932 1778 l-522 -523 0 313 0 312 -100 0 -100 0 0 -412 0 -413 -105 -105 -105 -105 415 -415 415 -415 725 725 725 725 0 417 0 418 -413 0 -412 0 -523 -522z m1156 47 l2 -270 -630 -630 -630 -630 -275 275 -275 275 627 628 628 627 275 -2 275 -3 3 -270z"/></g></svg>
  <svg x='503' y='548'><g transform="translate(-0.0476493766782,22.899520137) scale(0.00991202148038,-0.00989177505957)"><path class="sym-fill" fill="white" d="M220 1822 l0 -277 623 -623 622 -622 275 275 275 275 -625 625 -625 625 -272 0 -273 0 0 -278z"/><path class="sym-line" fill="black" d="M20 1882 l0 -417 725 -725 725 -725 415 415 415 415 -105 105 -105 105 0 413 0 412 -100 0 -100 0 0 -312 0 -313 -523 523 -522 522 -413 0 -412 0 0 -418z m1373 -410 l627 -627 -275 -275 -275 -275 -630 630 -630 630 0 266 c0 146 3 269 7 272 3 4 128 7 277 7 l271 0 628 -628z"/></g></svg>
  <svg x='501' y='570'><g transform="translate(0.0,13.0) scale(0.01,-0.01)"><path class="sym-fill" fill="white" d="M500 650 l0 -150 150 0 150 0 0 150 0 150 -150 0 -150 0 0 -150z"/><path class="sym-line" fill="black" d="M300 1150 l0 -150 -150 0 -150 0 0 -100 0 -100 150 0 150 0 0 -150 0 -150 -150 0 -150 0 0 -100 0 -100 150 0 150 0 0 -150 0 -150 100 0 100 0 0 150 0 150 150 0 150 0 0 -150 0 -150 100 0 100 0 0 150 0 150 150 0 150 0 0 100 0 100 -150 0 -150 0 0 150 0 150 150 0 150 0 0 100 0 100 -150 0 -150 0 0 150 0 150 -100 0 -100 0 0 -150 0 -150 -150 0 -150 0 0 150 0 150 -100 0 -100 0 0 -150z m500 -500 l0 -150 -150 0 -150 0 0 150 0 150 150 0 150 0 0 -150z"/></g></svg>
</svg>