<svg version='1.1' xmlns='http://www.w3.org/2000/svg' width='74' height='55' viewBox='463 473 74 55'>
  <text font-size='0'>AS18541S18549S26504S26514S22105S22103S20500S20500M537x528S22105503x497S20500505x517S18541510x495S18549463x495S26504506x473S26514477x474S20500484x517S22103488x497</text>
  <svg x='503' y='497'><g transform="translate(0.0499916618767,8.84614633988) scale(0.0100008470474,-0.0096641209332)"><path class="sym-line" fill="black" d="M660 565 l0 -335 -325 0 -325 0 0 -110 0 -110 430 0 430 0 0 445 0 445 -105 0 -105 0 0 -335z"/></g></svg>
  <svg x='505' y='517'><g transform="translate(-0.221878406359,10.7500002304) scale(0.0103429235226,-0.00963778430032)"><path class="sym-line" fill="black" d="M430 895 l0 -205 -37 23 c-21 13 -95 61 -165 105 l-128 82 -36 -71 c-19 -40 -32 -75 -27 -79 4 -3 74 -48 156 -99 81 -51 147 -97 147 -101 0 -4 -66 -50 -147 -101 -82 -51 -152 -96 -156 -99 -5 -4 8 -39 27 -79 l36 -71 128 82 c70 44 144 92 165 105 l37 23 0 -205 0 -205 70 0 70 0 0 205 0 205 38 -23 c20 -13 94 -61 164 -105 l128 -82 36 71 c19 40 32 75 27 79 -4 3 -74 48 -155 99 -82 51 -148 97 -148 101 0 4 66 50 148 101 81 51 151 96 155 99 5 4 -8 39 -27 79 l-36 71 -128 -82 c-70 -44 -144 -92 -164 -105 l-38 -23 0 205 0 205 -70 0 -70 0 0 -205z"/></g></svg>
  <svg x='510' y='495'><g transform="translate(0.130328577793,18.8282972157) scale(0.00987789698807,-0.00983989338101)"><path class="sym-fill" fill="white" d="M1309 1441 l-104 -99 50 -52 c28 -28 234 -232 458 -453 l408 -401 104 104 104 104 -377 370 c-207 204 -414 406 -458 449 l-81 78 -104 -100z"/><path class="sym-line" fill="black" d="M1341 1621 c-157 -152 -282 -281 -280 -287 4 -11 1046 -1038 1057 -1041 4 -1 135 123 292 277 l285 279 -440 436 c-242 239 -483 475 -535 524 l-96 89 -283 -277z m989 -980 c0 -15 -199 -203 -210 -199 -7 2 -217 204 -466 448 l-453 445 106 107 106 107 459 -451 c252 -248 458 -454 458 -457z M459 755 c-250 -245 -455 -451 -457 -458 -1 -7 60 -75 138 -151 l140 -138 182 176 181 176 564 0 c326 0 563 4 561 9 -1 5 -47 50 -100 100 l-96 92 -358 6 -358 6 178 174 179 174 -143 137 c-78 75 -146 138 -150 140 -4 1 -211 -198 -461 -443z"/></g></svg>
  <svg x='463' y='495'><g transform="translate(0.0510196050637,18.8293427346) scale(0.0098964210729,-0.00983205538664)"><path class="sym-fill" fill="white" d="M827 1092 l-457 -447 105 -104 104 -105 408 401 c224 221 430 424 458 452 l49 51 -59 61 c-33 33 -81 78 -106 100 l-46 39 -456 -448z"/><path class="sym-line" fill="black" d="M541 1379 c-292 -287 -531 -525 -531 -529 0 -11 559 -555 570 -555 9 0 1053 1023 1059 1038 4 11 -35 52 -331 338 l-236 229 -531 -521z m581 -413 c-473 -465 -536 -526 -548 -526 -5 0 -54 45 -109 101 l-100 100 460 454 460 454 107 -106 107 -107 -377 -370z M1631 1060 l-144 -139 179 -174 178 -174 -358 -6 -358 -6 -96 -92 c-53 -50 -98 -95 -100 -100 -2 -5 235 -9 561 -9 l564 0 181 -176 182 -176 140 138 c78 76 139 144 138 151 -3 14 -907 903 -917 902 -3 0 -71 -63 -150 -139z"/></g></svg>
  <svg x='506' y='473'><g transform="translate(0.199517282911,14.7025292494) scale(0.00964541675618,-0.00970272783292)"><path class="sym-line" fill="black" d="M600 1100 l0 -400 -302 0 -303 0 353 -352 352 -353 352 353 353 352 -303 0 -302 0 0 400 0 400 -100 0 -100 0 0 -400z"/></g></svg>
  <svg x='477' y='474'><g transform="translate(0.199517282911,14.7025292494) scale(0.00964541675618,-0.00970272783292)"><path class="sym-fill" fill="white" d="M473 373 l227 -228 227 228 228 227 -455 0 -455 0 228 -227z"/><path class="sym-line" fill="black" d="M600 1100 l0 -400 -302 0 -303 0 353 -352 352 -353 352 353 353 352 -303 0 -302 0 0 400 0 400 -100 0 -100 0 0 -400z m327 -727 l-227 -228 -227 228 -228 227 455 0 455 0 -228 -227z"/></g></svg>
  <svg x='484' y='517'><g transform="translate(-0.221878406359,10.7500002304) scale(0.0103429235226,-0.00963778430032)"><path class="sym-line" fill="black" d="M430 895 l0 -205 -37 23 c-21 13 -95 61 -165 105 l-128 82 -36 -71 c-19 -40 -32 -75 -27 -79 4 -3 74 -48 156 -99 81 -51 147 -97 147 -101 0 -4 -66 -50 -147 -101 -82 -51 -152 -96 -156 -99 -5 -4 8 -39 27 -79 l36 -71 128 82 c70 44 144 92 165 105 l37 23 0 -205 0 -205 70 0 70 0 0 205 0 205 38 -23 c20 -13 94 -61 164 -105 l128 -82 36 71 c19 40 32 75 27 79 -4 3 -74 48 -155 99 -82 51 -148 97 -148 101 0 4 66 50 148 101 81 51 151 96 155 99 5 4 -8 39 -27 79 l-36 71 -128 -82 c-70 -44 -144 -92 -164 -105 l-38 -23 0 205 0 205 -70 0 -70 0 0 -205z"/></g></svg>
  <svg x='488' y='497'><g transform="translate(0.0533325201544,9.05988763258) scale(0.00966145827002,-0.0100014216049)"><path class="sym-line" fill="black" d="M10 460 l0 -430 445 0 445 0 0 105 0 105 -335 0 -335 0 0 325 0 325 -110 0 -110 0 0 -430z"/></g></svg>
</svg>