<svg version='1.1' xmlns='http://www.w3.org/2000/svg' width='58' height='115' viewBox='471 443 58 115'>
  <text font-size='0'>AS1821dS18215S22a04S22a14S2fb04S10010S15a1aS28903S20500S37700S37706M529x558S20500480x535S10010506x491S2fb04494x476S37706471x546S37700519x519S28903476x505S15a1a498x546S18215472x443S22a04512x465S22a14477x465S1821d504x443</text>
  <svg x='480' y='535'><g transform="translate(-0.221878406359,10.7500002304) scale(0.0103429235226,-0.00963778430032)"><path class="sym-line" fill="black" d="M430 895 l0 -205 -37 23 c-21 13 -95 61 -165 105 l-128 82 -36 -71 c-19 -40 -32 -75 -27 -79 4 -3 74 -48 156 -99 81 -51 147 -97 147 -101 0 -4 -66 -50 -147 -101 -82 -51 -152 -96 -156 -99 -5 -4 8 -39 27 -79 l36 -71 128 82 c70 44 144 92 165 105 l37 23 0 -205 0 -205 70 0 70 0 0 205 0 205 38 -23 c20 -13 94 -61 164 -105 l128 -82 36 71 c19 40 32 75 27 79 -4 3 -74 48 -155 99 -82 51 -148 97 -148 101 0 4 66 50 148 101 81 51 151 96 155 99 5 4 -8 39 -27 79 l-36 71 -128 -82 c-70 -44 -144 -92 -164 -105 l-38 -23 0 205 0 205 -70 0 -70 0 0 -205z"/></g></svg>
  <svg x='506' y='491'><g transform="translate(0.0,30.0) scale(0.01,-0.01)"><path class="sym-fill" fill="white" d="M200 750 l0 -550 300 0 300 0 0 550 0 550 -300 0 -300 0 0 -550z"/><path class="sym-line" fill="black" d="M1300 2250 l0 -750 -650 0 -650 0 0 -750 0 -750 750 0 750 0 0 1500 0 1500 -100 0 -100 0 0 -750z m-500 -1500 l0 -550 -300 0 -300 0 0 550 0 550 300 0 300 0 0 -550z"/></g></svg>
  <svg x='494' y='476'><g transform="translate(0.178125321737,5.7484375) scale(0.00969593203301,-0.00933333333333)"><path class="sym-line" fill="black" d="M4 569 c22 -111 99 -242 206 -349 151 -151 320 -220 540 -220 220 0 389 69 540 220 107 107 184 238 206 349 l7 31 -61 0 -61 0 -42 -82 c-54 -104 -163 -218 -264 -274 -154 -85 -340 -108 -501 -61 -176 51 -331 177 -413 335 l-42 82 -61 0 -61 0 7 -31z"/></g></svg>
  <svg x='471' y='546'><g transform="translate(0.0,2.0) scale(0.01,-0.01)"><path class="sym-line" fill="black" d="M0 100 l0 -100 1250 0 1250 0 0 100 0 100 -1250 0 -1250 0 0 -100z"/></g></svg>
  <svg x='519' y='519'><g transform="translate(0.0,25.0) scale(0.01,-0.01)"><path class="sym-line" fill="black" d="M0 1250 l0 -1250 100 0 100 0 0 1250 0 1250 -100 0 -100 0 0 -1250z"/></g></svg>
  <svg x='476' y='505'><g transform="translate(0.0393366495508,26.8055192175) scale(0.00988354211854,-0.00994862606901)"><path class="sym-fill" fill="white" d="M1550 2495 c-410 -75 -742 -400 -851 -835 -29 -117 -38 -273 -32 -517 l6 -223 198 0 198 0 3 303 c4 297 4 303 31 382 38 113 90 198 177 286 55 55 96 86 150 113 141 69 137 69 628 73 l442 5 0 214 0 214 -437 -1 c-321 -1 -458 -4 -513 -14z"/><path class="sym-line" fill="black" d="M1589 2669 c-453 -48 -853 -387 -1008 -854 -59 -179 -63 -213 -68 -567 l-5 -328 -249 -2 -248 -3 421 -455 c232 -250 427 -455 435 -455 7 0 203 205 434 455 l421 455 -252 3 -252 2 5 278 c5 299 9 331 64 441 15 30 57 85 93 122 76 77 163 123 260 139 36 5 242 10 463 10 l397 0 0 80 0 80 -432 0 c-489 0 -507 -2 -641 -72 -132 -69 -239 -189 -304 -343 -44 -102 -53 -187 -53 -470 l0 -265 -200 0 -199 0 -7 35 c-12 67 3 574 20 655 50 236 153 428 319 595 139 139 282 223 472 278 65 19 105 21 548 24 l477 4 0 78 0 78 -242 6 c-299 9 -569 7 -669 -4z"/></g></svg>
  <svg x='498' y='546'><g transform="translate(0.150976194493,11.7516936221) scale(0.00983400277537,-0.00966938010173)"><path class="sym-fill" fill="white" d="M200 400 l0 -200 908 0 907 0 200 200 200 200 -1108 0 -1107 0 0 -200z"/><path class="sym-line" fill="black" d="M0 600 l0 -600 1053 0 1052 0 300 300 300 300 -300 300 -300 300 -1052 0 -1053 0 0 -600z m2225 -200 l-200 -200 -912 0 -913 0 0 200 0 200 1112 0 1113 0 -200 -200z"/></g></svg>
  <svg x='472' y='443'><g transform="translate(0.0511009205478,16.7465486107) scale(0.00988816045229,-0.00981753413505)"><path class="sym-fill" fill="white" d="M438 1216 l-97 -91 425 -403 426 -404 93 89 c51 48 93 91 94 95 1 5 -611 591 -794 760 l-50 46 -97 -92z"/><path class="sym-line" fill="black" d="M1745 1226 l-490 -465 -80 77 c-204 197 -628 597 -635 600 -9 3 -530 -487 -530 -499 0 -4 221 -217 491 -473 l492 -467 26 24 c298 278 1477 1402 1479 1411 2 10 -247 256 -260 256 -2 0 -224 -209 -493 -464z m-776 -321 l422 -400 -98 -92 c-54 -51 -101 -92 -105 -90 -4 1 -197 182 -429 402 l-421 400 97 93 c53 51 100 92 104 90 4 -2 197 -183 430 -403z"/></g></svg>
  <svg x='512' y='465'><g transform="translate(0.043463926586,14.7505211307) scale(0.00985915292844,-0.00973472242044)"><path class="sym-fill" fill="white" d="M510 1100 l0 -400 140 0 140 0 0 400 0 400 -140 0 -140 0 0 -400z"/><path class="sym-line" fill="black" d="M330 1100 l0 -400 -159 -2 -160 -3 315 -347 c174 -192 319 -348 324 -348 5 0 150 156 324 348 l315 347 -160 3 -159 2 0 400 0 400 -90 0 -90 0 0 -400 0 -400 -140 0 -140 0 0 400 0 400 -90 0 -90 0 0 -400z"/></g></svg>
  <svg x='477' y='465'><g transform="translate(0.043463926586,14.7505211307) scale(0.00985915292844,-0.00973472242044)"><path class="sym-fill" fill="white" d="M510 1100 l0 -400 140 0 140 0 0 400 0 400 -140 0 -140 0 0 -400z M277 557 c144 -163 368 -407 373 -407 5 0 229 244 373 407 l39 43 -412 0 -412 0 39 -43z"/><path class="sym-line" fill="black" d="M330 1100 l0 -400 -159 -2 -160 -3 315 -347 c174 -192 319 -348 324 -348 5 0 150 156 324 348 l315 347 -160 3 -159 2 0 400 0 400 -90 0 -90 0 0 -400 0 -400 -140 0 -140 0 0 400 0 400 -90 0 -90 0 0 -400z m714 -522 c-82 -96 -388 -428 -394 -428 -6 0 -312 332 -394 428 l-19 22 413 0 413 0 -19 -22z"/></g></svg>
  <svg x='504' y='443'><g transform="translate(0.114241987174,16.7465486107) scale(0.00989432494869,-0.00981753413505)"><path class="sym-fill" fill="white" d="M1542 908 c-232 -220 -421 -403 -421 -406 1 -4 43 -47 95 -96 l93 -88 403 382 c222 211 413 393 426 405 l23 21 -99 91 -99 91 -421 -400z"/><path class="sym-line" fill="black" d="M125 1565 c-102 -97 -128 -128 -120 -139 7 -10 1100 -1049 1471 -1398 l31 -29 491 466 c271 257 492 470 492 474 0 9 -516 501 -525 501 -6 0 -389 -361 -645 -607 l-75 -72 -490 465 c-269 255 -492 464 -495 464 -3 -1 -63 -57 -135 -125z m1941 -348 l96 -92 -421 -400 c-232 -220 -425 -401 -429 -402 -4 -1 -51 39 -105 90 l-97 92 422 402 c233 221 426 402 430 402 4 1 51 -41 104 -92z"/></g></svg>
</svg>