<svg version='1.1' xmlns='http://www.w3.org/2000/svg' width='98' height='41' viewBox='451 480 98 41'>
  <text font-size='0'>AS18041S18049S20500S20500S2f900S2f900S26a02S26a16S38517S38511M549x521S26a16451x485S20500482x503S20500503x503S2f900482x516S2f900503x516S18041504x480S18049468x480S26a02535x485</text>
  <svg x='451' y='485'><g transform="translate(0.150154255097,26.6987646633) scale(0.00967978724514,-0.00981574685289)"><path class="sym-fill" fill="white" d="M800 2000 l0 -455 227 228 228 227 -228 227 -227 228 0 -455z M800 700 l0 -455 227 228 228 227 -228 227 -227 228 0 -455z"/><path class="sym-line" fill="black" d="M700 2402 l0 -302 -350 0 -350 0 0 -100 0 -100 350 0 350 0 0 -550 0 -550 -350 0 -350 0 0 -100 0 -100 350 0 350 0 0 -302 0 -303 352 352 353 353 -325 325 -325 325 325 325 325 325 -353 353 -352 352 0 -303z m327 -629 l-227 -228 0 455 0 455 227 -228 228 -227 -228 -227z m0 -1300 l-227 -228 0 455 0 455 227 -228 228 -227 -228 -227z"/></g></svg>
  <svg x='482' y='503'><g transform="translate(-0.221878406359,10.7500002304) scale(0.0103429235226,-0.00963778430032)"><path class="sym-line" fill="black" d="M430 895 l0 -205 -37 23 c-21 13 -95 61 -165 105 l-128 82 -36 -71 c-19 -40 -32 -75 -27 -79 4 -3 74 -48 156 -99 81 -51 147 -97 147 -101 0 -4 -66 -50 -147 -101 -82 -51 -152 -96 -156 -99 -5 -4 8 -39 27 -79 l36 -71 128 82 c70 44 144 92 165 105 l37 23 0 -205 0 -205 70 0 70 0 0 205 0 205 38 -23 c20 -13 94 -61 164 -105 l128 -82 36 71 c19 40 32 75 27 79 -4 3 -74 48 -155 99 -82 51 -148 97 -148 101 0 4 66 50 148 101 81 51 151 96 155 99 5 4 -8 39 -27 79 l-36 71 -128 -82 c-70 -44 -144 -92 -164 -105 l-38 -23 0 205 0 205 -70 0 -70 0 0 -205z"/></g></svg>
  <svg x='503' y='503'><g transform="translate(-0.221878406359,10.7500002304) scale(0.0103429235226,-0.00963778430032)"><path class="sym-line" fill="black" d="M430 895 l0 -205 -37 23 c-21 13 -95 61 -165 105 l-128 82 -36 -71 c-19 -40 -32 -75 -27 -79 4 -3 74 -48 156 -99 81 -51 147 -97 147 -101 0 -4 -66 -50 -147 -101 -82 -51 -152 -96 -156 -99 -5 -4 8 -39 27 -79 l36 -71 128 82 c70 44 144 92 165 105 l37 23 0 -205 0 -205 70 0 70 0 0 205 0 205 38 -23 c20 -13 94 -61 164 -105 l128 -82 36 71 c19 40 32 75 27 79 -4 3 -74 48 -155 99 -82 51 -148 97 -148 101 0 4 66 50 148 101 81 51 151 96 155 99 5 4 -8 39 -27 79 l-36 71 -128 -82 c-70 -44 -144 -92 -164 -105 l-38 -23 0 205 0 205 -70 0 -70 0 0 -205z"/></g></svg>
  <svg x='482' y='516'><g transform="translate(0.180786096011,4.75000053092) scale(0.00958087152387,-0.00920312606184)"><path class="sym-line" fill="black" d="M245 488 c-55 -20 -116 -69 -150 -121 -45 -68 -84 -193 -92 -289 l-6 -78 107 0 106 0 0 40 c0 57 36 145 71 175 37 30 91 33 131 7 15 -10 53 -49 85 -87 82 -98 136 -129 231 -134 87 -4 139 9 200 51 86 59 157 215 169 371 l6 77 -107 0 -106 0 0 -40 c0 -57 -36 -145 -71 -175 -37 -30 -91 -33 -131 -7 -15 10 -53 49 -85 87 -32 38 -81 83 -107 100 -44 27 -59 30 -135 32 -47 1 -99 -3 -116 -9z"/></g></svg>
  <svg x='503' y='516'><g transform="translate(0.180786096011,4.75000053092) scale(0.00958087152387,-0.00920312606184)"><path class="sym-line" fill="black" d="M245 488 c-55 -20 -116 -69 -150 -121 -45 -68 -84 -193 -92 -289 l-6 -78 107 0 106 0 0 40 c0 57 36 145 71 175 37 30 91 33 131 7 15 -10 53 -49 85 -87 82 -98 136 -129 231 -134 87 -4 139 9 200 51 86 59 157 215 169 371 l6 77 -107 0 -106 0 0 -40 c0 -57 -36 -145 -71 -175 -37 -30 -91 -33 -131 -7 -15 10 -53 49 -85 87 -32 38 -81 83 -107 100 -44 27 -59 30 -135 32 -47 1 -99 -3 -116 -9z"/></g></svg>
  <svg x='504' y='480'><g transform="translate(0.129864969271,20.924574843) scale(0.00990358611834,-0.00998468980984)"><path class="sym-fill" fill="white" d="M1213 1540 c-48 -55 -89 -104 -91 -108 -4 -12 838 -963 847 -958 4 3 49 52 99 109 l90 103 -420 477 c-231 262 -424 477 -428 477 -5 0 -48 -45 -97 -100z"/><path class="sym-line" fill="black" d="M2100 1784 l0 -296 91 -104 c50 -57 95 -104 100 -104 5 0 9 176 9 400 l0 400 -100 0 -100 0 0 -296z M1245 1736 c-143 -163 -259 -302 -259 -309 1 -12 969 -1117 978 -1117 7 0 517 580 522 593 4 10 -835 976 -955 1100 l-27 28 -259 -295z m495 -569 c370 -421 420 -481 408 -495 -45 -57 -178 -203 -185 -201 -4 0 -151 164 -327 362 -175 199 -365 414 -422 478 l-103 117 97 111 c53 61 100 110 103 108 4 -1 197 -217 429 -480z M424 805 c-231 -261 -420 -480 -422 -487 -3 -18 258 -312 268 -301 4 4 197 223 429 486 l422 478 -27 32 c-79 95 -236 267 -243 267 -5 0 -197 -214 -427 -475z"/></g></svg>
  <svg x='468' y='480'><g transform="translate(0.0115099574224,20.924574843) scale(0.00990358611834,-0.00998468980984)"><path class="sym-fill" fill="white" d="M762 1163 l-420 -477 90 -103 c50 -57 95 -106 99 -109 9 -5 851 946 847 958 -5 14 -179 208 -188 208 -4 0 -197 -215 -428 -477z"/><path class="sym-line" fill="black" d="M200 1680 c0 -224 4 -400 9 -400 5 0 50 47 100 104 l91 104 0 296 0 296 -100 0 -100 0 0 -400z M501 1474 c-270 -307 -489 -564 -487 -571 10 -25 518 -593 527 -588 14 9 969 1095 975 1108 3 10 -400 480 -505 590 -17 18 -37 -4 -510 -539z m793 62 l95 -108 -138 -157 c-76 -86 -268 -302 -425 -481 -157 -179 -290 -323 -294 -321 -15 8 -192 215 -190 221 8 17 844 959 850 957 5 -1 50 -51 102 -111z M1529 1153 c-62 -71 -121 -138 -131 -149 -19 -21 -17 -23 403 -500 232 -264 425 -483 429 -487 10 -11 271 284 268 301 -4 16 -837 962 -848 962 -5 0 -59 -57 -121 -127z"/></g></svg>
  <svg x='535' y='485'><g transform="translate(0.198655335493,26.6999810561) scale(0.00967978724514,-0.00983390502079)"><path class="sym-line" fill="black" d="M345 2350 l-350 -350 325 -325 325 -325 -325 -325 -325 -325 353 -353 352 -352 0 303 0 302 350 0 350 0 0 100 0 100 -350 0 -350 0 0 550 0 550 350 0 350 0 0 100 0 100 -350 0 -350 0 -2 300 -3 300 -350 -350z"/></g></svg>
</svg>