<svg version='1.1' xmlns='http://www.w3.org/2000/svg' width='87' height='59' viewBox='456 482 87 59'>
  <text font-size='0'>AS18217S1821fS20500S20500S2d606S2d61eS2fb04S33b00M543x541S33b00482x482S20500505x496S20500484x496S2d61e456x493S1821f476x510S2d606521x492S18217508x510S2fb04493x535</text>
  <svg x='482' y='482'><g transform="translate(0.149874875465,34.7500790925) scale(0.00988906872676,-0.00988956850125)"><path class="sym-line" fill="black" d="M1528 3484 c-592 -92 -1088 -447 -1348 -963 -125 -249 -180 -485 -180 -771 0 -480 183 -911 529 -1242 350 -336 780 -508 1271 -508 451 0 864 150 1193 434 326 281 517 620 591 1051 21 121 21 409 0 530 -43 252 -114 444 -237 639 -282 453 -741 750 -1284 831 -127 19 -413 18 -535 -1z m607 -173 c583 -126 1038 -523 1224 -1069 59 -173 75 -277 75 -492 0 -165 -3 -211 -22 -300 -71 -327 -228 -611 -458 -829 -186 -177 -381 -295 -614 -374 -176 -60 -282 -78 -490 -84 -247 -7 -416 19 -628 97 -549 201 -944 674 -1043 1250 -17 97 -17 383 0 480 99 576 495 1050 1043 1250 105 38 177 58 303 81 143 26 467 21 610 -10z M1020 875 l0 -75 780 0 780 0 0 75 0 75 -780 0 -780 0 0 -75z"/></g></svg>
  <svg x='505' y='496'><g transform="translate(-0.221878406359,10.7500002304) scale(0.0103429235226,-0.00963778430032)"><path class="sym-line" fill="black" d="M430 895 l0 -205 -37 23 c-21 13 -95 61 -165 105 l-128 82 -36 -71 c-19 -40 -32 -75 -27 -79 4 -3 74 -48 156 -99 81 -51 147 -97 147 -101 0 -4 -66 -50 -147 -101 -82 -51 -152 -96 -156 -99 -5 -4 8 -39 27 -79 l36 -71 128 82 c70 44 144 92 165 105 l37 23 0 -205 0 -205 70 0 70 0 0 205 0 205 38 -23 c20 -13 94 -61 164 -105 l128 -82 36 71 c19 40 32 75 27 79 -4 3 -74 48 -155 99 -82 51 -148 97 -148 101 0 4 66 50 148 101 81 51 151 96 155 99 5 4 -8 39 -27 79 l-36 71 -128 -82 c-70 -44 -144 -92 -164 -105 l-38 -23 0 205 0 205 -70 0 -70 0 0 -205z"/></g></svg>
  <svg x='484' y='496'><g transform="translate(-0.221878406359,10.7500002304) scale(0.0103429235226,-0.00963778430032)"><path class="sym-line" fill="black" d="M430 895 l0 -205 -37 23 c-21 13 -95 61 -165 105 l-128 82 -36 -71 c-19 -40 -32 -75 -27 -79 4 -3 74 -48 156 -99 81 -51 147 -97 147 -101 0 -4 -66 -50 -147 -101 -82 -51 -152 -96 -156 -99 -5 -4 8 -39 27 -79 l36 -71 128 82 c70 44 144 92 165 105 l37 23 0 -205 0 -205 70 0 70 0 0 205 0 205 38 -23 c20 -13 94 -61 164 -105 l128 -82 36 71 c19 40 32 75 27 79 -4 3 -74 48 -155 99 -82 51 -148 97 -148 101 0 4 66 50 148 101 81 51 151 96 155 99 5 4 -8 39 -27 79 l-36 71 -128 -82 c-70 -44 -144 -92 -164 -105 l-38 -23 0 205 0 205 -70 0 -70 0 0 -205z"/></g></svg>
  <svg x='456' y='493'><g transform="translate(0.142855053868,21.7501089829) scale(0.00984331427029,-0.00980083226541)"><path class="sym-fill" fill="white" d="M1600 1467 l0 -477 137 142 c76 79 179 186 230 238 l92 95 -200 210 c-110 116 -214 223 -230 240 l-29 30 0 -478z"/><path class="sym-line" fill="black" d="M1500 1892 l0 -312 -443 0 c-460 0 -571 -7 -662 -41 -163 -61 -309 -215 -368 -389 -19 -59 -22 -89 -25 -343 -3 -257 -2 -283 18 -354 32 -116 74 -188 165 -279 56 -57 100 -90 145 -113 129 -62 103 -61 923 -61 l747 0 0 210 0 210 -744 0 c-745 0 -812 3 -882 36 -56 27 -120 98 -145 162 -21 51 -23 74 -23 222 0 191 12 245 74 337 65 96 160 157 271 173 35 5 263 10 506 10 l443 0 2 -316 3 -316 345 362 c190 199 345 368 345 376 0 12 -543 591 -659 703 l-36 35 0 -312z m334 -188 l227 -236 -53 -56 c-29 -32 -133 -140 -230 -242 l-178 -185 0 478 c0 262 2 477 4 477 2 0 106 -106 230 -236z"/></g></svg>
  <svg x='476' y='510'><g transform="translate(0.159705092581,24.8488904604) scale(0.00979990706628,-0.00988018118416)"><path class="sym-fill" fill="white" d="M407 1285 l-89 -94 404 -425 403 -425 91 97 92 97 -52 55 c-280 299 -750 790 -755 789 -3 -1 -46 -43 -94 -94z"/><path class="sym-line" fill="black" d="M765 1804 c-363 -382 -684 -721 -713 -754 l-53 -59 467 -490 c256 -270 469 -491 473 -491 7 0 467 481 489 512 12 17 -13 46 -264 311 -153 160 -306 321 -341 357 l-63 65 436 460 c240 253 450 474 466 492 l31 32 -124 130 c-68 72 -128 131 -134 131 -5 0 -307 -313 -670 -696z m159 -857 l387 -408 -40 -47 c-22 -26 -64 -71 -94 -100 l-54 -53 -399 420 c-219 232 -399 425 -399 430 0 5 40 53 89 106 85 92 90 96 106 78 9 -10 191 -202 404 -426z"/></g></svg>
  <svg x='521' y='492'><g transform="translate(0.131203053956,21.7501089829) scale(0.00982944116607,-0.00980083226541)"><path class="sym-line" fill="black" d="M347 1839 c-191 -200 -346 -369 -345 -376 2 -6 158 -174 348 -373 l345 -362 3 316 2 316 443 0 c243 0 471 -5 506 -10 111 -16 206 -77 271 -173 62 -92 74 -146 74 -337 0 -148 -2 -171 -23 -222 -25 -64 -89 -135 -145 -162 -70 -33 -137 -36 -882 -36 l-744 0 0 -210 0 -210 748 0 c819 0 793 -1 922 61 45 23 89 56 145 113 91 91 133 163 165 279 20 71 21 97 18 354 -3 254 -6 284 -25 343 -59 174 -205 328 -368 389 -91 34 -202 41 -662 41 l-443 0 -2 312 -3 312 -348 -365z"/></g></svg>
  <svg x='508' y='510'><g transform="translate(0.0719154225653,24.8481398877) scale(0.00980437558439,-0.00988621984581)"><path class="sym-fill" fill="white" d="M792 958 l-400 -421 91 -99 91 -99 21 23 c12 13 194 204 405 426 l382 403 -88 93 c-49 52 -92 94 -96 95 -3 0 -186 -189 -406 -421z"/><path class="sym-line" fill="black" d="M131 2370 l-123 -130 50 -55 c27 -30 235 -249 461 -487 226 -238 410 -437 410 -443 -1 -5 -151 -168 -335 -362 -184 -193 -334 -354 -334 -358 0 -9 493 -525 501 -525 4 0 217 221 474 492 l466 491 -29 31 c-477 507 -1397 1472 -1406 1474 -6 1 -67 -56 -135 -128z m1246 -1182 c-1 -4 -182 -197 -401 -428 l-399 -421 -64 63 c-36 35 -78 80 -94 100 l-30 37 403 426 403 425 92 -97 c51 -54 91 -101 90 -105z"/></g></svg>
  <svg x='493' y='535'><g transform="translate(0.178125321737,5.7484375) scale(0.00969593203301,-0.00933333333333)"><path class="sym-line" fill="black" d="M4 569 c22 -111 99 -242 206 -349 151 -151 320 -220 540 -220 220 0 389 69 540 220 107 107 184 238 206 349 l7 31 -61 0 -61 0 -42 -82 c-54 -104 -163 -218 -264 -274 -154 -85 -340 -108 -501 -61 -176 51 -331 177 -413 335 l-42 82 -61 0 -61 0 7 -31z"/></g></svg>
</svg>