<svg version='1.1' xmlns='http://www.w3.org/2000/svg' width='114' height='73' viewBox='443 463 114 73'>
  <text font-size='0'>AS18548S18510S17d10S17d48S26506S26506S26512S26512S20f00M557x536S26506507x503S26512484x522S18548443x480S18510532x479S17d10504x480S26506508x522S17d48475x480S26512483x503S20f00490x463</text>
  <svg x='507' y='503'><g transform="translate(0.149734255248,13.6974450331) scale(0.0097007872376,-0.00964308576999)"><path class="sym-line" fill="black" d="M800 1102 l0 -302 -400 0 -400 0 0 -100 0 -100 400 0 400 0 0 -302 0 -303 352 353 353 352 -353 352 -352 353 0 -303z"/></g></svg>
  <svg x='484' y='522'><g transform="translate(0.198128695057,13.7002011211) scale(0.0097007872376,-0.0096798311579)"><path class="sym-fill" fill="white" d="M370 925 l-225 -225 228 -228 227 -227 0 453 c0 248 -1 452 -3 452 -1 0 -103 -101 -227 -225z"/><path class="sym-line" fill="black" d="M345 1050 l-350 -350 353 -353 352 -352 0 303 0 302 400 0 400 0 0 100 0 100 -400 0 -400 0 -2 300 -3 300 -350 -350z m255 -352 l0 -453 -227 227 -228 228 225 225 c124 124 226 225 227 225 2 0 3 -204 3 -452z"/></g></svg>
  <svg x='443' y='480'><g transform="translate(0.0,15.0) scale(0.01,-0.01)"><path class="sym-fill" fill="white" d="M450 750 l0 -650 170 0 170 0 0 650 0 650 -170 0 -170 0 0 -650z"/><path class="sym-line" fill="black" d="M0 750 l0 -750 455 0 455 0 0 750 0 750 -455 0 -455 0 0 -750z m790 0 l0 -650 -170 0 -170 0 0 650 0 650 170 0 170 0 0 -650z M1130 1300 l0 -200 283 -2 284 -3 -284 -253 -283 -253 0 -144 c0 -80 2 -145 5 -145 3 0 208 180 457 400 l452 400 278 0 278 0 0 200 0 200 -735 0 -735 0 0 -200z"/></g></svg>
  <svg x='532' y='479'><g transform="translate(0.0,15.0) scale(0.01,-0.01)"><path class="sym-fill" fill="white" d="M1740 750 l0 -650 160 0 160 0 0 650 0 650 -160 0 -160 0 0 -650z"/><path class="sym-line" fill="black" d="M0 1300 l0 -200 268 0 267 0 545 -502 545 -502 3 -48 3 -48 435 0 434 0 0 750 0 750 -1250 0 -1250 0 0 -200z m2070 -550 l0 -650 -165 0 -165 0 0 650 0 650 165 0 165 0 0 -650z m-440 0 c0 -192 -2 -350 -5 -350 -6 0 -755 691 -755 696 0 2 171 4 380 4 l380 0 0 -350z"/></g></svg>
  <svg x='504' y='480'><g transform="translate(0.0,15.0) scale(0.01,-0.01)"><path class="sym-fill" fill="white" d="M1600 750 l0 -650 150 0 150 0 0 650 0 650 -150 0 -150 0 0 -650z"/><path class="sym-line" fill="black" d="M0 1300 l0 -200 750 0 750 0 0 -450 0 -450 -650 0 -650 0 0 -100 0 -100 1050 0 1050 0 0 750 0 750 -1150 0 -1150 0 0 -200z m1900 -550 l0 -650 -150 0 -150 0 0 650 0 650 150 0 150 0 0 -650z"/></g></svg>
  <svg x='508' y='522'><g transform="translate(0.149734255248,13.6974450331) scale(0.0097007872376,-0.00964308576999)"><path class="sym-line" fill="black" d="M800 1102 l0 -302 -400 0 -400 0 0 -100 0 -100 400 0 400 0 0 -302 0 -303 352 353 353 352 -353 352 -352 353 0 -303z"/></g></svg>
  <svg x='475' y='480'><g transform="translate(0.0,15.0) scale(0.01,-0.01)"><path class="sym-fill" fill="white" d="M420 750 l0 -650 155 0 155 0 0 650 0 650 -155 0 -155 0 0 -650z"/><path class="sym-line" fill="black" d="M0 750 l0 -750 420 0 420 0 0 750 0 750 -420 0 -420 0 0 -750z m730 0 l0 -650 -155 0 -155 0 0 650 0 650 155 0 155 0 0 -650z M1040 1300 l0 -200 680 0 680 0 0 200 0 200 -680 0 -680 0 0 -200z M1040 100 l0 -100 580 0 580 0 0 100 0 100 -580 0 -580 0 0 -100z"/></g></svg>
  <svg x='483' y='503'><g transform="translate(0.198128695057,13.7002011211) scale(0.0097007872376,-0.0096798311579)"><path class="sym-fill" fill="white" d="M370 925 l-225 -225 228 -228 227 -227 0 453 c0 248 -1 452 -3 452 -1 0 -103 -101 -227 -225z"/><path class="sym-line" fill="black" d="M345 1050 l-350 -350 353 -353 352 -352 0 303 0 302 400 0 400 0 0 100 0 100 -400 0 -400 0 -2 300 -3 300 -350 -350z m255 -352 l0 -453 -227 227 -228 228 225 225 c124 124 226 225 227 225 2 0 3 -204 3 -452z"/></g></svg>
  <svg x='490' y='463'><g transform="translate(0.146785402467,11.7544805477) scale(0.00984822987665,-0.00967852689504)"><path class="sym-fill" fill="white" d="M503 985 c-159 -43 -265 -159 -295 -325 -22 -116 23 -252 112 -340 88 -89 224 -134 340 -112 178 33 299 154 332 332 22 115 -23 252 -110 339 -56 56 -107 85 -189 106 -70 18 -121 18 -190 0z m175 -200 c104 -44 151 -167 103 -270 -71 -153 -291 -153 -362 0 -33 72 -19 166 34 224 52 56 151 76 225 46z M1903 985 c-159 -43 -265 -159 -295 -325 -22 -116 23 -252 112 -340 88 -89 224 -134 340 -112 178 33 299 154 332 332 22 115 -23 252 -110 339 -56 56 -107 85 -189 106 -70 18 -121 18 -190 0z m175 -200 c49 -21 81 -52 103 -100 48 -103 1 -226 -103 -270 -70 -29 -161 -13 -217 38 -76 70 -80 208 -8 286 52 56 151 76 225 46z"/><path class="sym-line" fill="black" d="M435 1181 c-206 -60 -366 -224 -419 -428 -21 -78 -21 -228 0 -306 54 -208 223 -377 431 -431 78 -21 228 -21 306 0 208 54 377 223 431 431 21 78 21 228 0 306 -26 103 -80 195 -158 273 -78 78 -170 132 -273 158 -82 21 -240 20 -318 -3z m276 -197 c134 -40 234 -140 273 -273 62 -211 -60 -432 -273 -495 -210 -62 -433 61 -495 273 -61 207 56 426 264 492 70 23 161 24 231 3z M509 772 c-43 -22 -59 -38 -81 -81 -36 -68 -36 -114 0 -182 22 -43 38 -59 81 -81 68 -36 114 -36 182 0 43 22 59 38 81 81 36 68 36 114 0 182 -22 43 -38 59 -81 81 -68 36 -114 36 -182 0z M1835 1181 c-206 -60 -366 -224 -419 -428 -9 -34 -16 -102 -16 -153 0 -51 7 -119 16 -153 54 -208 223 -377 431 -431 78 -21 228 -21 306 0 208 54 377 223 431 431 21 78 21 228 0 306 -54 208 -223 377 -431 431 -82 21 -240 20 -318 -3z m276 -197 c134 -40 234 -140 273 -273 62 -211 -60 -432 -273 -495 -210 -62 -433 61 -495 273 -61 207 56 426 264 492 70 23 161 24 231 3z M1909 772 c-43 -22 -59 -38 -81 -81 -36 -68 -36 -114 0 -182 22 -43 38 -59 81 -81 68 -36 114 -36 182 0 43 22 59 38 81 81 16 31 28 69 28 91 0 22 -12 60 -28 91 -22 43 -38 59 -81 81 -68 36 -114 36 -182 0z"/></g></svg>
</svg>