<svg version='1.1' xmlns='http://www.w3.org/2000/svg' width='76' height='116' viewBox='462 442 76 116'>
  <text font-size='0'>AS18510S18518S22b00S22b10S14212S1421aS2ea00S2ea44M538x558S18510508x543S18518467x543S22b10469x510S14212505x477S1421a465x476S2ea00523x447S2ea44462x442S22b00516x509</text>
  <svg x='508' y='543'><g transform="translate(0.0,15.0) scale(0.01,-0.01)"><path class="sym-fill" fill="white" d="M1740 750 l0 -650 160 0 160 0 0 650 0 650 -160 0 -160 0 0 -650z"/><path class="sym-line" fill="black" d="M0 1300 l0 -200 268 0 267 0 545 -502 545 -502 3 -48 3 -48 435 0 434 0 0 750 0 750 -1250 0 -1250 0 0 -200z m2070 -550 l0 -650 -165 0 -165 0 0 650 0 650 165 0 165 0 0 -650z m-440 0 c0 -192 -2 -350 -5 -350 -6 0 -755 691 -755 696 0 2 171 4 380 4 l380 0 0 -350z"/></g></svg>
  <svg x='467' y='543'><g transform="translate(0.0,15.0) scale(0.01,-0.01)"><path class="sym-fill" fill="white" d="M440 750 l0 -650 160 0 160 0 0 650 0 650 -160 0 -160 0 0 -650z"/><path class="sym-line" fill="black" d="M0 750 l0 -750 434 0 435 0 3 48 3 48 545 502 545 502 268 0 267 0 0 200 0 200 -1250 0 -1250 0 0 -750z m760 0 l0 -650 -165 0 -165 0 0 650 0 650 165 0 165 0 0 -650z m830 306 c-25 -24 -197 -184 -382 -355 l-338 -311 0 355 0 355 382 0 383 0 -45 -44z"/></g></svg>
  <svg x='469' y='510'><g transform="translate(0.198426155669,29.7519795905) scale(0.00968892587986,-0.00986784736349)"><path class="sym-fill" fill="white" d="M520 2575 l-275 -275 555 0 555 0 -275 275 c-151 151 -277 275 -280 275 -3 0 -129 -124 -280 -275z M600 1100 l0 -1100 200 0 200 0 0 1100 0 1100 -200 0 -200 0 0 -1100z"/><path class="sym-line" fill="black" d="M395 2600 l-400 -400 203 0 202 0 0 -1100 0 -1100 100 0 100 0 0 1100 0 1100 200 0 200 0 0 -1100 0 -1100 100 0 100 0 0 1100 0 1100 202 0 203 0 -400 400 c-220 220 -402 400 -405 400 -3 0 -185 -180 -405 -400z m685 -25 l275 -275 -555 0 -555 0 275 275 c151 151 277 275 280 275 3 0 129 -124 280 -275z"/></g></svg>
  <svg x='505' y='477'><g transform="translate(0.0,29.0) scale(0.01,-0.01)"><path class="sym-fill" fill="white" d="M1700 1900 l0 -300 550 0 550 0 0 300 0 300 -550 0 -550 0 0 -300z"/><path class="sym-line" fill="black" d="M1500 2250 l0 -650 -750 0 -750 0 0 -100 0 -100 750 0 750 0 0 -700 0 -700 100 0 100 0 0 248 0 247 453 453 452 452 198 0 197 0 0 750 0 750 -750 0 -750 0 0 -650z m1300 -350 l0 -300 -550 0 -550 0 0 300 0 300 550 0 550 0 0 -300z m-500 -503 c0 -1 -135 -137 -300 -302 l-300 -300 0 303 0 302 300 0 c165 0 300 -1 300 -3z"/></g></svg>
  <svg x='465' y='476'><g transform="translate(0.0,29.0) scale(0.01,-0.01)"><path class="sym-fill" fill="white" d="M200 1900 l0 -300 550 0 550 0 0 300 0 300 -550 0 -550 0 0 -300z"/><path class="sym-line" fill="black" d="M0 2150 l0 -750 198 0 197 0 453 -453 452 -452 0 -248 0 -247 100 0 100 0 0 700 0 700 750 0 750 0 0 100 0 100 -750 0 -750 0 0 650 0 650 -750 0 -750 0 0 -750z m1300 -250 l0 -300 -550 0 -550 0 0 300 0 300 550 0 550 0 0 -300z m0 -800 c0 -165 -1 -300 -3 -300 -1 0 -137 135 -302 300 l-300 300 303 0 302 0 0 -300z"/></g></svg>
  <svg x='523' y='447'><g transform="translate(0.149734255248,24.7501251158) scale(0.0097007872376,-0.00984067504631)"><path class="sym-line" fill="black" d="M345 2481 c-157 -72 -271 -271 -325 -565 -18 -101 -20 -153 -20 -666 0 -513 2 -565 20 -666 54 -294 168 -493 325 -565 34 -16 66 -19 205 -19 141 0 171 3 207 20 94 42 195 168 253 315 27 66 70 221 70 253 0 9 -47 12 -200 12 -110 0 -200 -2 -200 -4 0 -24 -44 -226 -59 -268 -118 -344 -294 -274 -381 151 -28 136 -40 372 -40 771 0 607 26 829 118 1018 59 122 136 156 202 90 45 -45 95 -155 122 -265 l23 -93 197 0 c159 0 198 3 198 13 0 26 -42 143 -80 222 -48 100 -139 203 -212 239 -50 25 -59 26 -217 26 -140 0 -172 -3 -206 -19z M595 1600 l-300 -300 300 0 300 0 -300 -300 -300 -300 605 0 605 0 -300 300 -300 300 300 0 300 0 -300 300 c-165 165 -302 300 -305 300 -3 0 -140 -135 -305 -300z"/></g></svg>
  <svg x='462' y='442'><g transform="translate(0.149238097992,24.7501251158) scale(0.00972559510041,-0.00984067504631)"><path class="sym-fill" fill="white" d="M359 1561 c72 -76 137 -144 146 -151 15 -12 15 -12 244 232 l54 58 -288 0 -287 0 131 -139z M359 961 c72 -76 137 -144 146 -151 15 -12 15 -12 244 232 l54 58 -288 0 -287 0 131 -139z"/><path class="sym-line" fill="black" d="M774 2470 c-122 -69 -221 -246 -274 -487 l-18 -83 97 0 97 0 12 78 c28 177 92 347 148 391 77 60 155 -11 213 -194 62 -194 66 -246 66 -925 0 -679 -4 -731 -66 -925 -79 -248 -192 -284 -283 -91 -25 53 -72 221 -78 281 l-3 30 -92 3 c-56 2 -93 -1 -93 -7 0 -25 33 -149 56 -209 55 -147 144 -266 232 -311 37 -19 58 -21 194 -21 128 0 160 4 194 19 147 67 260 280 310 581 20 123 20 1177 0 1300 -50 301 -163 514 -310 581 -34 16 -66 19 -196 19 -153 0 -156 0 -206 -30z M0 1795 c0 -10 502 -540 515 -543 7 -2 33 20 58 48 26 28 141 152 257 276 l212 224 -521 0 c-287 0 -521 -2 -521 -5z m769 -132 c-18 -21 -82 -91 -143 -155 l-110 -118 -96 103 c-53 56 -118 126 -144 155 l-49 52 288 0 287 0 -33 -37z M0 1195 c0 -10 502 -540 515 -543 7 -2 33 20 58 48 26 28 141 152 257 276 l212 224 -521 0 c-287 0 -521 -2 -521 -5z m769 -132 c-18 -21 -82 -91 -143 -155 l-110 -118 -96 103 c-53 56 -118 126 -144 155 l-49 52 288 0 287 0 -33 -37z"/></g></svg>
  <svg x='516' y='509'><g transform="translate(0.198426155669,29.7519795905) scale(0.00968892587986,-0.00986784736349)"><path class="sym-fill" fill="white" d="M600 1100 l0 -1100 200 0 200 0 0 1100 0 1100 -200 0 -200 0 0 -1100z"/><path class="sym-line" fill="black" d="M395 2600 l-400 -400 203 0 202 0 0 -1100 0 -1100 100 0 100 0 0 1100 0 1100 200 0 200 0 0 -1100 0 -1100 100 0 100 0 0 1100 0 1100 202 0 203 0 -400 400 c-220 220 -402 400 -405 400 -3 0 -185 -180 -405 -400z"/></g></svg>
</svg>