<svg version='1.1' xmlns='http://www.w3.org/2000/svg' width='69' height='106' viewBox='479 482 69 106'>
  <text font-size='0'>AS18720S22b03S17620S22b07S18720S2f900S2f700S34400M548x588S18720517x509S18720530x534S17620479x559S34400482x482S22b03493x533S22b07502x560S2f900534x567S2f700481x581</text>
  <svg x='517' y='509'><g transform="translate(0.148162968301,28.8094652733) scale(0.00977935158494,-0.00988311302526)"><path class="sym-line" fill="black" d="M798 2278 l-3 -623 -326 318 -327 317 -71 -66 c-39 -36 -71 -71 -71 -78 0 -6 144 -151 320 -320 177 -170 317 -312 313 -316 -4 -4 -23 -12 -42 -19 -151 -50 -322 -203 -405 -360 -68 -130 -81 -188 -81 -361 0 -148 1 -159 31 -243 44 -123 86 -188 184 -288 97 -99 201 -165 325 -206 75 -25 92 -27 255 -27 163 0 180 2 255 27 124 41 228 107 325 206 98 100 140 165 184 288 30 84 31 95 31 243 0 173 -13 231 -81 361 -83 157 -254 310 -405 360 -19 7 -38 15 -42 19 -4 4 136 146 313 316 176 169 320 314 320 320 0 7 -32 42 -71 78 l-71 66 -327 -317 -326 -318 -3 623 -2 622 -100 0 -100 0 -2 -622z"/></g></svg>
  <svg x='530' y='534'><g transform="translate(0.148162968301,28.8094652733) scale(0.00977935158494,-0.00988311302526)"><path class="sym-line" fill="black" d="M798 2278 l-3 -623 -326 318 -327 317 -71 -66 c-39 -36 -71 -71 -71 -78 0 -6 144 -151 320 -320 177 -170 317 -312 313 -316 -4 -4 -23 -12 -42 -19 -151 -50 -322 -203 -405 -360 -68 -130 -81 -188 -81 -361 0 -148 1 -159 31 -243 44 -123 86 -188 184 -288 97 -99 201 -165 325 -206 75 -25 92 -27 255 -27 163 0 180 2 255 27 124 41 228 107 325 206 98 100 140 165 184 288 30 84 31 95 31 243 0 173 -13 231 -81 361 -83 157 -254 310 -405 360 -19 7 -38 15 -42 19 -4 4 136 146 313 316 176 169 320 314 320 320 0 7 -32 42 -71 78 l-71 66 -327 -317 -326 -318 -3 623 -2 622 -100 0 -100 0 -2 -622z"/></g></svg>
  <svg x='479' y='559'><g transform="translate(0.0996925829584,15.7992338797) scale(0.00981117768656,-0.00980419842474)"><path class="sym-line" fill="black" d="M670 1594 c-235 -45 -460 -214 -578 -434 -73 -135 -87 -195 -87 -360 0 -125 3 -155 23 -215 88 -265 292 -469 557 -557 60 -20 90 -23 215 -23 125 0 155 3 215 23 265 88 469 292 557 557 20 60 23 90 23 215 0 125 -3 155 -23 215 -71 214 -218 389 -413 494 -125 67 -187 83 -334 86 -71 2 -141 1 -155 -1z"/></g></svg>
  <svg x='482' y='482'><g transform="translate(0.149874875465,34.7500790925) scale(0.00988906872676,-0.00988956850125)"><path class="sym-line" fill="black" d="M1528 3484 c-592 -92 -1088 -447 -1348 -963 -125 -249 -180 -485 -180 -771 0 -480 183 -911 529 -1242 350 -336 780 -508 1271 -508 451 0 864 150 1193 434 326 281 517 620 591 1051 21 121 21 409 0 530 -43 252 -114 444 -237 639 -282 453 -741 750 -1284 831 -127 19 -413 18 -535 -1z m607 -173 c583 -126 1038 -523 1224 -1069 59 -173 75 -277 75 -492 0 -165 -3 -211 -22 -300 -71 -327 -228 -611 -458 -829 -186 -177 -381 -295 -614 -374 -176 -60 -282 -78 -490 -84 -247 -7 -416 19 -628 97 -549 201 -944 674 -1043 1250 -17 97 -17 383 0 480 99 576 495 1050 1043 1250 105 38 177 58 303 81 143 26 467 21 610 -10z M1660 1386 c-119 -33 -235 -123 -283 -219 -114 -223 21 -482 288 -553 65 -18 206 -18 270 0 137 37 243 121 297 235 28 58 31 76 31 151 0 75 -3 93 -31 151 -54 114 -160 198 -297 235 -61 17 -214 17 -275 0z m295 -178 c193 -101 193 -313 0 -416 -45 -24 -61 -27 -155 -27 -90 0 -111 3 -147 23 -187 99 -205 288 -39 400 67 44 97 52 201 48 74 -2 99 -7 140 -28z"/></g></svg>
  <svg x='493' y='533'><g transform="translate(0.148922017325,24.0580861241) scale(0.00993671163373,-0.0100433737655)"><path class="sym-fill" fill="white" d="M1183 1473 l-764 -756 23 -22 c13 -12 76 -72 140 -135 l118 -113 485 479 c267 263 613 604 768 756 l282 276 -135 136 c-74 75 -139 136 -143 136 -5 0 -353 -341 -774 -757z"/><path class="sym-line" fill="black" d="M1250 1824 c-311 -306 -656 -647 -767 -758 l-203 -201 -140 140 -140 140 0 -558 0 -557 562 0 563 0 -138 138 -138 138 763 755 c420 415 763 758 763 763 0 4 -31 37 -70 71 l-70 63 -770 -759 -769 -760 -140 140 -140 140 495 487 c272 268 618 611 769 761 l275 273 -70 70 -70 70 -565 -556z"/></g></svg>
  <svg x='502' y='560'><g transform="translate(-0.0673304442042,23.9606685455) scale(0.00992376309108,-0.0100416832465)"><path class="sym-fill" fill="white" d="M1010 1274 c-377 -371 -721 -711 -765 -754 l-80 -80 135 -135 c74 -74 138 -135 143 -135 4 0 351 340 772 755 l763 756 -135 132 c-74 73 -138 133 -141 134 -4 1 -315 -301 -692 -673z"/><path class="sym-line" fill="black" d="M1413 2232 l138 -139 -763 -753 c-420 -415 -764 -757 -766 -761 -1 -3 30 -36 69 -74 l72 -67 286 284 c664 660 1244 1228 1255 1228 6 0 72 -60 145 -134 l134 -134 -474 -468 c-261 -257 -607 -600 -769 -761 l-295 -293 70 -70 70 -70 585 576 c322 317 667 658 767 758 l183 181 140 -140 140 -140 0 558 0 557 -562 0 -563 0 138 -138z"/></g></svg>
  <svg x='534' y='567'><g transform="translate(0.180786096011,4.75000053092) scale(0.00958087152387,-0.00920312606184)"><path class="sym-line" fill="black" d="M245 488 c-55 -20 -116 -69 -150 -121 -45 -68 -84 -193 -92 -289 l-6 -78 107 0 106 0 0 40 c0 57 36 145 71 175 37 30 91 33 131 7 15 -10 53 -49 85 -87 82 -98 136 -129 231 -134 87 -4 139 9 200 51 86 59 157 215 169 371 l6 77 -107 0 -106 0 0 -40 c0 -57 -36 -145 -71 -175 -37 -30 -91 -33 -131 -7 -15 10 -53 49 -85 87 -32 38 -81 83 -107 100 -44 27 -59 30 -135 32 -47 1 -99 -3 -116 -9z"/></g></svg>
  <svg x='481' y='581'><g transform="translate(0.0,7.0) scale(0.01,-0.01)"><path class="sym-line" fill="black" d="M463 432 l-463 -267 0 -82 0 -83 600 0 600 0 0 100 0 100 -355 2 -355 3 355 205 355 204 0 43 0 43 -137 0 -138 -1 -462 -267z"/></g></svg>
</svg>