<svg version='1.1' xmlns='http://www.w3.org/2000/svg' width='75' height='79' viewBox='479 460 75 79'>
  <text font-size='0'>AS18211S18219S36d00S20500S20500S2c300S2c311S2fb06M554x539S36d00479x505S18211518x486S18219487x516S20500507x491S20500508x513S2c300519x460S2c311517x516S2fb06548x502</text>
  <svg x='479' y='505'><g transform="translate(0.0,4.0) scale(0.01,-0.01)"><path class="sym-line" fill="black" d="M0 200 l0 -200 2100 0 2100 0 0 200 0 200 -2100 0 -2100 0 0 -200z"/></g></svg>
  <svg x='518' y='486'><g transform="translate(0.130143354338,16.8260312656) scale(0.00988816045229,-0.00987785535933)"><path class="sym-fill" fill="white" d="M1212 1288 l-94 -91 49 -48 c26 -26 216 -207 422 -402 l375 -355 98 91 98 92 -32 31 c-196 187 -817 774 -820 774 -2 0 -45 -42 -96 -92z"/><path class="sym-line" fill="black" d="M754 989 c-412 -391 -750 -716 -752 -722 -1 -7 56 -68 128 -136 l131 -124 32 31 c18 16 239 226 492 466 l460 436 65 -63 c36 -35 197 -188 357 -341 265 -251 294 -276 311 -264 31 22 512 482 512 489 0 6 -933 896 -971 926 -14 11 -123 -89 -765 -698z m987 -13 l420 -399 -53 -54 c-29 -30 -74 -72 -100 -94 l-47 -40 -425 403 -426 403 98 92 c53 51 100 92 105 90 4 -1 196 -182 428 -401z"/></g></svg>
  <svg x='487' y='516'><g transform="translate(0.0511009205478,16.8258633241) scale(0.00988816045229,-0.00987547572663)"><path class="sym-fill" fill="white" d="M874 1081 c-171 -163 -361 -344 -423 -402 l-111 -104 98 -92 99 -91 369 349 c203 193 393 374 423 403 l53 53 -92 89 c-50 49 -95 90 -98 91 -4 1 -147 -132 -318 -296z"/><path class="sym-line" fill="black" d="M501 1235 c-270 -257 -491 -470 -491 -474 0 -7 482 -467 512 -489 17 -12 45 12 300 255 156 147 317 300 358 340 l76 72 460 -436 c252 -239 473 -449 491 -465 l32 -31 131 124 c72 68 129 129 128 136 -2 9 -1381 1324 -1485 1416 -21 18 -28 12 -512 -448z m792 52 l97 -92 -425 -403 -426 -403 -47 40 c-26 22 -71 64 -100 94 l-53 54 423 401 c233 221 425 402 428 402 3 0 49 -42 103 -93z"/></g></svg>
  <svg x='507' y='491'><g transform="translate(-0.221878406359,10.7500002304) scale(0.0103429235226,-0.00963778430032)"><path class="sym-line" fill="black" d="M430 895 l0 -205 -37 23 c-21 13 -95 61 -165 105 l-128 82 -36 -71 c-19 -40 -32 -75 -27 -79 4 -3 74 -48 156 -99 81 -51 147 -97 147 -101 0 -4 -66 -50 -147 -101 -82 -51 -152 -96 -156 -99 -5 -4 8 -39 27 -79 l36 -71 128 82 c70 44 144 92 165 105 l37 23 0 -205 0 -205 70 0 70 0 0 205 0 205 38 -23 c20 -13 94 -61 164 -105 l128 -82 36 71 c19 40 32 75 27 79 -4 3 -74 48 -155 99 -82 51 -148 97 -148 101 0 4 66 50 148 101 81 51 151 96 155 99 5 4 -8 39 -27 79 l-36 71 -128 -82 c-70 -44 -144 -92 -164 -105 l-38 -23 0 205 0 205 -70 0 -70 0 0 -205z"/></g></svg>
  <svg x='508' y='513'><g transform="translate(-0.221878406359,10.7500002304) scale(0.0103429235226,-0.00963778430032)"><path class="sym-line" fill="black" d="M430 895 l0 -205 -37 23 c-21 13 -95 61 -165 105 l-128 82 -36 -71 c-19 -40 -32 -75 -27 -79 4 -3 74 -48 156 -99 81 -51 147 -97 147 -101 0 -4 -66 -50 -147 -101 -82 -51 -152 -96 -156 -99 -5 -4 8 -39 27 -79 l36 -71 128 82 c70 44 144 92 165 105 l37 23 0 -205 0 -205 70 0 70 0 0 205 0 205 38 -23 c20 -13 94 -61 164 -105 l128 -82 36 71 c19 40 32 75 27 79 -4 3 -74 48 -155 99 -82 51 -148 97 -148 101 0 4 66 50 148 101 81 51 151 96 155 99 5 4 -8 39 -27 79 l-36 71 -128 -82 c-70 -44 -144 -92 -164 -105 l-38 -23 0 205 0 205 -70 0 -70 0 0 -205z"/></g></svg>
  <svg x='519' y='460'><g transform="translate(0.198852735413,22.7498041047) scale(0.00982767908634,-0.00983706505647)"><path class="sym-line" fill="black" d="M775 2285 c-92 -34 -160 -86 -208 -158 -50 -76 -67 -137 -67 -239 l0 -88 -252 0 -253 0 278 -277 277 -278 277 278 278 277 -254 0 -254 0 7 79 c3 43 11 94 18 112 28 85 106 160 193 190 22 7 83 13 135 13 79 0 103 -3 142 -22 86 -42 158 -139 189 -253 8 -29 13 -191 16 -481 l5 -438 -651 0 -651 0 0 -50 0 -50 646 0 647 0 -6 -65 c-8 -85 -54 -220 -127 -372 -56 -118 -171 -321 -232 -410 -15 -23 -28 -44 -28 -47 0 -3 225 -6 500 -6 275 0 500 3 500 6 0 3 -13 24 -28 47 -61 89 -176 292 -232 410 -73 152 -119 287 -127 372 l-6 65 547 0 546 0 0 50 0 50 -550 0 -549 0 -3 463 c-3 456 -3 463 -26 519 -51 126 -166 240 -290 289 -49 20 -79 23 -212 26 -117 2 -165 -1 -195 -12z"/></g></svg>
  <svg x='517' y='516'><g transform="translate(0.151132653564,22.7514249835) scale(0.0098261798218,-0.00982565788311)"><path class="sym-fill" fill="white" d="M1898 1548 l152 -153 152 153 153 152 -305 0 -305 0 153 -152z"/><path class="sym-line" fill="black" d="M1448 2281 c-155 -50 -281 -175 -328 -328 -19 -61 -20 -93 -20 -509 l0 -444 -550 0 -550 0 0 -50 0 -50 546 0 547 0 -6 -65 c-8 -85 -54 -220 -127 -372 -56 -118 -171 -321 -232 -410 -15 -23 -28 -44 -28 -47 0 -3 225 -6 500 -6 275 0 500 3 500 6 0 3 -13 24 -28 47 -61 89 -176 292 -232 410 -73 152 -119 287 -127 372 l-6 65 647 0 646 0 0 50 0 50 -651 0 -651 0 5 438 c3 290 8 452 16 481 31 114 103 211 189 253 39 19 63 22 142 22 52 0 113 -6 135 -13 87 -30 165 -105 193 -190 7 -18 15 -69 18 -112 l7 -79 -254 0 -254 0 278 -277 277 -278 277 278 278 277 -253 0 -252 0 0 88 c0 89 -16 159 -49 212 -55 90 -132 152 -225 183 -72 24 -300 23 -378 -2z m754 -733 l-152 -153 -152 153 -153 152 305 0 305 0 -153 -152z"/></g></svg>
  <svg x='548' y='502'><g transform="translate(0.149283404326,14.7308019749) scale(0.00933270478371,-0.00970272783292)"><path class="sym-line" fill="black" d="M0 1442 l0 -61 83 -42 c103 -54 217 -163 273 -264 85 -154 108 -340 61 -501 -51 -176 -177 -331 -335 -413 l-82 -42 0 -61 0 -60 31 6 c111 22 242 99 349 206 151 151 220 320 220 540 0 220 -69 389 -220 540 -107 107 -238 184 -349 206 l-31 7 0 -61z"/></g></svg>
</svg>