<svg version='1.1' xmlns='http://www.w3.org/2000/svg' width='133' height='141' viewBox='435 482 133 141'>
  <text font-size='0'>AS18509S18501S2d608S2d610S14c30S14c38S32a00S35100S36d00S36d00S37802S3780aM568x623S18509508x564S18501466x563S36d00477x531S36d00480x589S37802490x576S3780a493x576S2d608493x541S2d610474x541S2fb04492x617S14c30544x557S14c38435x554S32a00480x482S35100480x482</text>
  <svg x='508' y='564'><g transform="translate(0.0510196050637,18.826359088) scale(0.0098964210729,-0.00982002042915)"><path class="sym-fill" fill="white" d="M619 1305 c-250 -245 -455 -449 -457 -453 -1 -4 93 -99 209 -211 l211 -204 206 204 c541 534 702 694 702 699 0 4 -94 97 -209 208 l-209 202 -453 -445z"/><path class="sym-line" fill="black" d="M542 1379 c-293 -287 -532 -525 -532 -528 0 -6 110 -116 442 -441 l128 -124 38 37 38 37 701 0 701 0 181 -176 181 -176 140 138 c78 76 139 144 138 150 -2 7 -327 331 -723 720 -396 388 -761 747 -811 796 l-91 90 -531 -523z m750 164 l207 -208 -453 -445 c-250 -245 -460 -446 -468 -448 -7 -1 -105 90 -218 204 l-205 205 455 449 c250 247 460 449 465 450 6 0 103 -93 217 -207z m513 -932 l39 -41 -265 0 c-146 0 -369 -3 -495 -7 l-229 -6 250 245 250 245 205 -197 c113 -109 223 -217 245 -239z"/></g></svg>
  <svg x='466' y='563'><g transform="translate(0.130328577793,18.8286661909) scale(0.00987789698807,-0.00983591235848)"><path class="sym-fill" fill="white" d="M1415 1543 l-210 -204 455 -449 c250 -247 457 -449 460 -449 3 0 100 92 215 204 l210 204 -395 388 c-217 214 -424 416 -460 449 l-65 62 -210 -205z"/><path class="sym-line" fill="black" d="M814 1104 c-445 -437 -810 -800 -812 -807 -1 -7 60 -75 138 -151 l140 -138 181 176 181 176 701 0 701 0 38 -37 37 -36 248 241 c136 132 266 259 288 282 l40 41 -440 435 c-242 238 -483 474 -536 523 l-95 90 -810 -795z m1276 196 l455 -449 -205 -205 c-113 -114 -211 -205 -218 -204 -8 2 -218 203 -468 448 l-453 445 207 208 c114 114 211 207 217 207 5 -1 215 -203 465 -450z m-254 -737 c-1 -1 -222 1 -491 4 l-490 6 245 238 244 237 247 -242 c136 -132 246 -242 245 -243z"/></g></svg>
  <svg x='477' y='531'><g transform="translate(0.0,4.0) scale(0.01,-0.01)"><path class="sym-line" fill="black" d="M0 200 l0 -200 2100 0 2100 0 0 200 0 200 -2100 0 -2100 0 0 -200z"/></g></svg>
  <svg x='480' y='589'><g transform="translate(0.0,4.0) scale(0.01,-0.01)"><path class="sym-line" fill="black" d="M0 200 l0 -200 2100 0 2100 0 0 200 0 200 -2100 0 -2100 0 0 -200z"/></g></svg>
  <svg x='490' y='576'><g transform="translate(0.00758934082336,32.4653326659) scale(0.00990600575607,-0.0103109685146)"><path class="sym-line" fill="black" d="M92 3084 c-65 -43 -82 -59 -77 -72 9 -26 1496 -2936 1504 -2944 6 -7 171 97 171 108 0 7 -1501 2947 -1509 2956 -3 3 -44 -18 -89 -48z"/></g></svg>
  <svg x='493' y='576'><g transform="translate(0.00743966815015,32.4618200022) scale(0.00993121378524,-0.0102889625306)"><path class="sym-line" fill="black" d="M1402 2907 c-272 -528 -1381 -2703 -1387 -2719 -5 -13 13 -30 76 -72 46 -31 86 -52 90 -48 19 21 1509 2953 1505 2961 -3 5 -42 32 -85 59 l-80 51 -119 -232z"/></g></svg>
  <svg x='493' y='541'><g transform="translate(0.198409507087,11.7551245826) scale(0.00984535298844,-0.00974923141752)"><path class="sym-line" fill="black" d="M1070 1184 c-148 -27 -310 -87 -434 -161 -112 -67 -220 -160 -431 -372 l-210 -211 70 -70 c38 -38 73 -70 78 -70 5 0 111 100 236 223 124 123 256 244 292 270 75 53 196 114 284 145 204 69 486 69 690 0 174 -60 305 -147 500 -333 l130 -124 -240 -241 -240 -240 553 0 552 0 0 552 0 553 -240 -240 -240 -239 -137 135 c-76 75 -165 156 -198 180 -169 127 -355 207 -561 243 -109 19 -348 19 -454 0z"/></g></svg>
  <svg x='474' y='541'><g transform="translate(0.150749190231,11.7548701066) scale(0.00984535298844,-0.00975232896833)"><path class="sym-fill" fill="white" d="M100 475 l0 -375 377 0 378 0 -375 375 c-206 206 -376 375 -377 375 -2 0 -3 -169 -3 -375z"/><path class="sym-line" fill="black" d="M1370 1184 c-148 -27 -311 -87 -434 -161 -104 -63 -176 -122 -319 -262 l-137 -135 -240 239 -240 240 0 -553 0 -552 552 0 553 0 -240 240 -240 241 130 124 c195 186 326 273 500 333 204 69 486 69 690 0 88 -31 209 -92 284 -145 36 -26 168 -147 292 -270 125 -123 231 -223 236 -223 5 0 40 32 78 70 l70 70 -210 211 c-211 212 -319 305 -431 372 -128 77 -285 134 -440 161 -109 19 -348 19 -454 0z m-698 -896 l180 -188 -376 0 -376 0 0 382 0 383 196 -195 c107 -107 277 -279 376 -382z"/></g></svg>
  <svg x='492' y='617'><g transform="translate(0.178125321737,5.7484375) scale(0.00969593203301,-0.00933333333333)"><path class="sym-line" fill="black" d="M4 569 c22 -111 99 -242 206 -349 151 -151 320 -220 540 -220 220 0 389 69 540 220 107 107 184 238 206 349 l7 31 -61 0 -61 0 -42 -82 c-54 -104 -163 -218 -264 -274 -154 -85 -340 -108 -501 -61 -176 51 -331 177 -413 335 l-42 82 -61 0 -61 0 7 -31z"/></g></svg>
  <svg x='544' y='557'><g transform="translate(-0.0476480274918,30.7516384396) scale(0.00989475189514,-0.00987200030311)"><path class="sym-fill" fill="white" d="M1112 1764 l-152 -146 0 -709 0 -709 310 0 310 0 0 709 0 709 -154 146 c-84 80 -155 146 -158 146 -2 0 -73 -66 -156 -146z"/><path class="sym-line" fill="black" d="M1160 2670 c0 -236 3 -430 7 -430 4 0 29 21 55 47 l48 47 48 -47 c26 -26 51 -47 55 -47 4 0 7 194 7 430 l0 430 -110 0 -110 0 0 -430z M453 2653 c-46 -26 -83 -50 -83 -55 0 -9 407 -698 421 -713 9 -9 159 130 159 147 0 16 -395 668 -405 668 -5 0 -47 -21 -92 -47z M1786 2371 c-108 -181 -196 -333 -196 -338 0 -17 150 -157 158 -148 12 13 410 687 417 705 3 11 -20 29 -79 63 -46 26 -88 47 -94 47 -5 0 -98 -148 -206 -329z M1003 1952 l-253 -248 0 -852 0 -852 520 0 520 0 0 853 -1 852 -255 248 c-141 136 -261 247 -267 246 -7 0 -126 -111 -264 -247z m424 -184 l153 -153 0 -707 0 -708 -310 0 -310 0 0 709 0 709 153 151 c83 83 154 151 157 151 3 0 73 -69 157 -152z M92 1977 l-72 -73 311 -302 c172 -166 316 -302 321 -302 4 0 8 63 8 141 l0 141 -236 231 c-130 128 -242 233 -248 235 -6 1 -44 -30 -84 -71z M2067 1167 l-187 -182 0 -142 c0 -79 4 -143 8 -143 4 0 122 112 262 249 l255 249 -75 75 -75 75 -188 -181z"/></g></svg>
  <svg x='435' y='554'><g transform="translate(0.201198550476,30.7516384396) scale(0.00988990203709,-0.00987200030311)"><path class="sym-fill" fill="white" d="M977 1767 l-147 -142 0 -712 0 -713 305 0 305 0 0 709 0 709 -150 146 c-83 80 -154 146 -158 145 -4 0 -73 -64 -155 -142z"/><path class="sym-line" fill="black" d="M1020 2670 c0 -236 3 -430 6 -430 4 0 29 21 56 46 l50 46 47 -46 c26 -25 50 -46 54 -46 4 0 7 194 7 430 l0 430 -110 0 -110 0 0 -430z M313 2652 c-52 -30 -81 -52 -78 -60 5 -14 414 -704 421 -711 9 -10 155 144 151 159 -8 33 -389 660 -400 660 -7 0 -49 -22 -94 -48z M1650 2373 c-107 -180 -196 -331 -198 -337 -4 -18 146 -162 157 -151 16 16 421 703 421 714 0 9 -160 101 -177 101 -5 0 -96 -147 -203 -327z M867 1953 l-256 -248 0 -852 -1 -853 520 0 520 0 0 853 0 853 -254 247 c-140 136 -259 247 -264 247 -5 0 -124 -111 -265 -247z m572 -1040 l1 -713 -310 0 -310 0 0 708 0 709 155 152 155 153 155 -149 154 -148 0 -712z M1978 1814 l-238 -235 0 -140 c0 -79 4 -139 9 -139 5 0 150 136 321 302 l311 302 -73 73 c-40 40 -77 73 -83 73 -5 0 -117 -106 -247 -236z M69 1273 l-74 -75 255 -249 c140 -137 258 -249 263 -249 4 0 7 65 7 144 l0 143 -188 181 -189 181 -74 -76z"/></g></svg>
  <svg x='480' y='482'><g transform="translate(0.102309309327,34.7500790925) scale(0.00989759602414,-0.00988956850125)"><path class="sym-line" fill="black" d="M1528 3484 c-389 -61 -720 -223 -999 -492 -253 -243 -424 -550 -501 -902 -20 -93 -23 -132 -23 -340 0 -208 3 -247 23 -340 107 -490 401 -899 832 -1157 281 -168 596 -253 940 -253 180 0 310 16 475 59 623 163 1109 640 1274 1251 70 259 70 621 0 880 -92 342 -281 639 -556 876 -258 223 -577 366 -930 419 -127 19 -413 18 -535 -1z m607 -173 c318 -69 584 -209 819 -432 81 -76 206 -226 206 -246 0 -4 -15 -18 -33 -29 -193 -125 -361 -362 -424 -599 -23 -88 -26 -119 -26 -255 0 -136 3 -167 26 -255 63 -237 231 -474 424 -599 18 -11 33 -25 33 -29 0 -20 -125 -170 -206 -246 -235 -223 -502 -363 -819 -431 -142 -31 -430 -39 -575 -16 -351 56 -629 188 -886 421 -77 70 -234 252 -234 271 0 5 20 21 44 37 115 72 263 242 333 381 180 356 143 766 -97 1084 -65 87 -167 186 -236 229 -24 16 -44 32 -44 37 0 19 157 201 234 271 248 225 512 354 851 416 143 26 467 21 610 -10z"/></g></svg>
  <svg x='480' y='482'><g transform="translate(0.149874875465,34.7500790925) scale(0.00988906872676,-0.00988956850125)"><path class="sym-line" fill="black" d="M1528 3484 c-592 -92 -1088 -447 -1348 -963 -125 -249 -180 -485 -180 -771 0 -480 183 -911 529 -1242 350 -336 780 -508 1271 -508 451 0 864 150 1193 434 326 281 517 620 591 1051 21 121 21 409 0 530 -43 252 -114 444 -237 639 -282 453 -741 750 -1284 831 -127 19 -413 18 -535 -1z m607 -173 c583 -126 1038 -523 1224 -1069 59 -173 75 -277 75 -492 0 -165 -3 -211 -22 -300 -71 -327 -228 -611 -458 -829 -186 -177 -381 -295 -614 -374 -176 -60 -282 -78 -490 -84 -247 -7 -416 19 -628 97 -549 201 -944 674 -1043 1250 -17 97 -17 383 0 480 99 576 495 1050 1043 1250 105 38 177 58 303 81 143 26 467 21 610 -10z M758 1417 c-60 -100 -119 -201 -133 -224 l-25 -42 43 -25 c24 -14 48 -26 53 -26 5 0 47 63 93 140 46 77 85 140 86 140 1 0 40 -63 86 -140 46 -77 88 -140 93 -140 5 0 29 11 53 25 35 21 41 29 34 43 -62 110 -258 426 -266 429 -6 1 -58 -79 -117 -180z M2713 1588 c-21 -27 -253 -425 -253 -434 0 -10 72 -54 88 -54 5 0 42 55 82 123 40 67 79 130 86 140 11 16 21 3 95 -120 45 -76 84 -140 86 -143 8 -9 98 46 95 59 -4 19 -256 441 -263 441 -4 0 -11 -6 -16 -12z M820 900 l0 -200 55 0 55 0 0 200 0 200 -55 0 -55 0 0 -200z M2670 900 l0 -200 55 0 55 0 0 200 0 200 -55 0 -55 0 0 -200z M1454 980 c-103 -41 -177 -136 -209 -271 -27 -115 -32 -109 94 -109 l108 0 7 46 c12 89 66 144 141 144 48 0 85 -20 157 -87 33 -30 85 -66 115 -80 50 -23 64 -25 156 -21 113 5 157 21 226 83 59 54 121 200 121 287 l0 29 -107 -3 -107 -3 -8 -42 c-15 -92 -65 -143 -141 -143 -50 0 -94 25 -167 95 -75 72 -119 90 -235 92 -80 2 -110 -1 -151 -17z"/></g></svg>
</svg>