<svg version='1.1' xmlns='http://www.w3.org/2000/svg' width='89' height='99' viewBox='479 451 89 99'>
  <text font-size='0'>AS18211S1821fS20500S20500S2c300S2c311S2fb05S36d00M568x550S36d00479x486S20500528x490S20500528x506S18211523x470S1821f506x506S2c300542x451S2c311523x527S2fb05550x500</text>
  <svg x='479' y='486'><g transform="translate(0.0,4.0) scale(0.01,-0.01)"><path class="sym-line" fill="black" d="M0 200 l0 -200 2100 0 2100 0 0 200 0 200 -2100 0 -2100 0 0 -200z"/></g></svg>
  <svg x='528' y='490'><g transform="translate(-0.221878406359,10.7500002304) scale(0.0103429235226,-0.00963778430032)"><path class="sym-line" fill="black" d="M430 895 l0 -205 -37 23 c-21 13 -95 61 -165 105 l-128 82 -36 -71 c-19 -40 -32 -75 -27 -79 4 -3 74 -48 156 -99 81 -51 147 -97 147 -101 0 -4 -66 -50 -147 -101 -82 -51 -152 -96 -156 -99 -5 -4 8 -39 27 -79 l36 -71 128 82 c70 44 144 92 165 105 l37 23 0 -205 0 -205 70 0 70 0 0 205 0 205 38 -23 c20 -13 94 -61 164 -105 l128 -82 36 71 c19 40 32 75 27 79 -4 3 -74 48 -155 99 -82 51 -148 97 -148 101 0 4 66 50 148 101 81 51 151 96 155 99 5 4 -8 39 -27 79 l-36 71 -128 -82 c-70 -44 -144 -92 -164 -105 l-38 -23 0 205 0 205 -70 0 -70 0 0 -205z"/></g></svg>
  <svg x='528' y='506'><g transform="translate(-0.221878406359,10.7500002304) scale(0.0103429235226,-0.00963778430032)"><path class="sym-line" fill="black" d="M430 895 l0 -205 -37 23 c-21 13 -95 61 -165 105 l-128 82 -36 -71 c-19 -40 -32 -75 -27 -79 4 -3 74 -48 156 -99 81 -51 147 -97 147 -101 0 -4 -66 -50 -147 -101 -82 -51 -152 -96 -156 -99 -5 -4 8 -39 27 -79 l36 -71 128 82 c70 44 144 92 165 105 l37 23 0 -205 0 -205 70 0 70 0 0 205 0 205 38 -23 c20 -13 94 -61 164 -105 l128 -82 36 71 c19 40 32 75 27 79 -4 3 -74 48 -155 99 -82 51 -148 97 -148 101 0 4 66 50 148 101 81 51 151 96 155 99 5 4 -8 39 -27 79 l-36 71 -128 -82 c-70 -44 -144 -92 -164 -105 l-38 -23 0 205 0 205 -70 0 -70 0 0 -205z"/></g></svg>
  <svg x='523' y='470'><g transform="translate(0.130143354338,16.8260312656) scale(0.00988816045229,-0.00987785535933)"><path class="sym-fill" fill="white" d="M1212 1288 l-94 -91 49 -48 c26 -26 216 -207 422 -402 l375 -355 98 91 98 92 -32 31 c-196 187 -817 774 -820 774 -2 0 -45 -42 -96 -92z"/><path class="sym-line" fill="black" d="M754 989 c-412 -391 -750 -716 -752 -722 -1 -7 56 -68 128 -136 l131 -124 32 31 c18 16 239 226 492 466 l460 436 65 -63 c36 -35 197 -188 357 -341 265 -251 294 -276 311 -264 31 22 512 482 512 489 0 6 -933 896 -971 926 -14 11 -123 -89 -765 -698z m987 -13 l420 -399 -53 -54 c-29 -30 -74 -72 -100 -94 l-47 -40 -425 403 -426 403 98 92 c53 51 100 92 105 90 4 -1 196 -182 428 -401z"/></g></svg>
  <svg x='506' y='506'><g transform="translate(0.159705092581,24.8488904604) scale(0.00979990706628,-0.00988018118416)"><path class="sym-fill" fill="white" d="M407 1285 l-89 -94 404 -425 403 -425 91 97 92 97 -52 55 c-280 299 -750 790 -755 789 -3 -1 -46 -43 -94 -94z"/><path class="sym-line" fill="black" d="M765 1804 c-363 -382 -684 -721 -713 -754 l-53 -59 467 -490 c256 -270 469 -491 473 -491 7 0 467 481 489 512 12 17 -13 46 -264 311 -153 160 -306 321 -341 357 l-63 65 436 460 c240 253 450 474 466 492 l31 32 -124 130 c-68 72 -128 131 -134 131 -5 0 -307 -313 -670 -696z m159 -857 l387 -408 -40 -47 c-22 -26 -64 -71 -94 -100 l-54 -53 -399 420 c-219 232 -399 425 -399 430 0 5 40 53 89 106 85 92 90 96 106 78 9 -10 191 -202 404 -426z"/></g></svg>
  <svg x='542' y='451'><g transform="translate(0.198852735413,22.7498041047) scale(0.00982767908634,-0.00983706505647)"><path class="sym-line" fill="black" d="M775 2285 c-92 -34 -160 -86 -208 -158 -50 -76 -67 -137 -67 -239 l0 -88 -252 0 -253 0 278 -277 277 -278 277 278 278 277 -254 0 -254 0 7 79 c3 43 11 94 18 112 28 85 106 160 193 190 22 7 83 13 135 13 79 0 103 -3 142 -22 86 -42 158 -139 189 -253 8 -29 13 -191 16 -481 l5 -438 -651 0 -651 0 0 -50 0 -50 646 0 647 0 -6 -65 c-8 -85 -54 -220 -127 -372 -56 -118 -171 -321 -232 -410 -15 -23 -28 -44 -28 -47 0 -3 225 -6 500 -6 275 0 500 3 500 6 0 3 -13 24 -28 47 -61 89 -176 292 -232 410 -73 152 -119 287 -127 372 l-6 65 547 0 546 0 0 50 0 50 -550 0 -549 0 -3 463 c-3 456 -3 463 -26 519 -51 126 -166 240 -290 289 -49 20 -79 23 -212 26 -117 2 -165 -1 -195 -12z"/></g></svg>
  <svg x='523' y='527'><g transform="translate(0.151132653564,22.7514249835) scale(0.0098261798218,-0.00982565788311)"><path class="sym-fill" fill="white" d="M1898 1548 l152 -153 152 153 153 152 -305 0 -305 0 153 -152z"/><path class="sym-line" fill="black" d="M1448 2281 c-155 -50 -281 -175 -328 -328 -19 -61 -20 -93 -20 -509 l0 -444 -550 0 -550 0 0 -50 0 -50 546 0 547 0 -6 -65 c-8 -85 -54 -220 -127 -372 -56 -118 -171 -321 -232 -410 -15 -23 -28 -44 -28 -47 0 -3 225 -6 500 -6 275 0 500 3 500 6 0 3 -13 24 -28 47 -61 89 -176 292 -232 410 -73 152 -119 287 -127 372 l-6 65 647 0 646 0 0 50 0 50 -651 0 -651 0 5 438 c3 290 8 452 16 481 31 114 103 211 189 253 39 19 63 22 142 22 52 0 113 -6 135 -13 87 -30 165 -105 193 -190 7 -18 15 -69 18 -112 l7 -79 -254 0 -254 0 278 -277 277 -278 277 278 278 277 -253 0 -252 0 0 88 c0 89 -16 159 -49 212 -55 90 -132 152 -225 183 -72 24 -300 23 -378 -2z m754 -733 l-152 -153 -152 153 -153 152 305 0 305 0 -153 -152z"/></g></svg>
  <svg x='550' y='500'><g transform="translate(0.052162597991,11.85902777) scale(0.00978030750568,-0.00975882522503)"><path class="sym-line" fill="black" d="M1031 1156 l-43 -44 28 -78 c33 -96 44 -250 23 -347 -45 -216 -187 -390 -391 -480 -153 -68 -355 -70 -507 -5 l-44 19 -44 -43 c-24 -23 -43 -45 -43 -49 0 -8 113 -63 170 -82 127 -42 327 -48 455 -13 257 71 461 277 537 542 32 111 32 295 0 407 -18 64 -85 217 -95 217 -2 0 -22 -20 -46 -44z"/></g></svg>
</svg>