<svg version='1.1' xmlns='http://www.w3.org/2000/svg' width='75' height='97' viewBox='462 452 75 97'>
  <text font-size='0'>AS18011S18019S20500S20500S22a04S22a14S2fb04S18037S1803fS36d00M537x549S36d00479x452S18011510x469S18019466x471S18037516x511S1803f462x511S20500505x494S20500485x494S22a04521x493S22a14465x493S2fb04493x543</text>
  <svg x='479' y='452'><g transform="translate(0.0,4.0) scale(0.01,-0.01)"><path class="sym-line" fill="black" d="M0 200 l0 -200 2100 0 2100 0 0 200 0 200 -2100 0 -2100 0 0 -200z"/></g></svg>
  <svg x='510' y='469'><g transform="translate(0.149893040954,19.9525280507) scale(0.00988816045229,-0.00999777060718)"><path class="sym-fill" fill="white" d="M1215 1469 c-49 -54 -90 -103 -90 -108 0 -6 178 -202 395 -436 217 -234 405 -438 418 -453 l23 -27 99 104 100 105 -53 55 c-29 31 -218 235 -420 453 -202 218 -370 399 -374 401 -5 2 -48 -40 -98 -94z"/><path class="sym-line" fill="black" d="M2098 1640 l-3 -341 -289 313 c-159 172 -293 314 -297 316 -9 4 -1509 -1615 -1509 -1629 0 -5 59 -73 131 -150 108 -115 134 -138 144 -127 7 7 227 245 490 528 262 283 478 514 481 513 3 -1 162 -172 355 -380 192 -208 356 -378 363 -378 13 0 516 535 524 556 2 6 -39 56 -92 113 l-96 104 0 451 0 451 -100 0 -100 0 -2 -340z m-359 -529 c339 -366 418 -457 411 -470 -6 -9 -49 -58 -98 -109 l-88 -93 -417 451 c-230 248 -420 457 -423 465 -6 15 174 218 188 213 4 -2 196 -207 427 -457z"/></g></svg>
  <svg x='466' y='471'><g transform="translate(0.0511921071792,19.8972848767) scale(0.00987889704846,-0.00996848758159)"><path class="sym-fill" fill="white" d="M814 1162 c-207 -224 -399 -430 -425 -457 l-49 -50 98 -105 99 -104 60 64 c252 270 783 846 783 850 0 3 -43 52 -95 108 l-94 101 -377 -407z"/><path class="sym-line" fill="black" d="M200 1529 l0 -451 -95 -103 c-52 -56 -95 -106 -95 -109 0 -14 513 -561 526 -561 7 0 171 170 363 378 193 208 353 378 357 378 3 1 224 -235 491 -522 266 -288 487 -525 491 -525 10 -2 262 272 262 285 0 15 -1499 1633 -1509 1629 -4 -2 -138 -144 -297 -316 l-289 -313 -3 341 -2 340 -100 0 -100 0 0 -451z m1093 -63 l97 -105 -427 -461 -427 -461 -88 93 c-48 51 -92 100 -98 109 -7 13 73 105 413 473 232 251 424 456 427 456 3 0 49 -47 103 -104z"/></g></svg>
  <svg x='516' y='511'><g transform="translate(-0.0163533739758,24.8904178034) scale(0.00998349236319,-0.00990311781055)"><path class="sym-fill" fill="white" d="M946 959 l-478 -422 28 -27 c55 -53 407 -360 413 -360 5 0 899 785 944 829 17 16 7 26 -198 206 -119 105 -219 191 -223 193 -5 1 -223 -187 -486 -419z"/><path class="sym-line" fill="black" d="M157 2369 c-82 -72 -145 -135 -140 -139 4 -4 223 -197 486 -429 l478 -422 32 27 c95 79 267 236 267 243 0 11 -946 845 -962 849 -7 1 -80 -57 -161 -129z M866 1030 c-306 -270 -556 -492 -556 -494 0 -7 580 -517 593 -522 7 -2 264 217 571 487 534 472 557 493 539 510 -58 56 -578 509 -584 509 -4 0 -258 -221 -563 -490z m797 152 c114 -101 207 -186 206 -190 -1 -11 -954 -847 -962 -845 -9 2 -437 379 -440 387 -1 3 214 196 478 429 391 346 483 422 495 413 8 -6 108 -93 223 -194z M1385 311 c-54 -49 -101 -94 -103 -100 -3 -8 107 -11 397 -11 l401 0 0 100 0 100 -297 0 -298 -1 -100 -88z"/></g></svg>
  <svg x='462' y='511'><g transform="translate(-0.0515613582567,24.8870886123) scale(0.00998538568623,-0.00989546044493)"><path class="sym-fill" fill="white" d="M460 1199 c-113 -99 -211 -186 -218 -193 -11 -10 77 -92 462 -432 262 -230 479 -420 484 -422 7 -2 334 279 416 358 l28 27 -478 422 c-262 231 -480 421 -483 421 -3 0 -98 -82 -211 -181z"/><path class="sym-line" fill="black" d="M1300 2081 c-261 -230 -476 -423 -478 -429 -3 -9 146 -147 265 -246 l32 -27 478 422 c263 232 482 425 486 429 9 8 -281 270 -298 270 -5 0 -224 -188 -485 -419z M385 1274 c-154 -135 -288 -254 -298 -263 -18 -17 5 -38 539 -510 307 -270 564 -489 571 -487 13 5 593 515 593 522 0 6 -1100 975 -1113 980 -7 2 -139 -106 -292 -242z m883 -412 c200 -176 364 -323 363 -327 0 -7 -426 -385 -438 -388 -8 -2 -961 834 -962 845 -1 4 98 95 220 202 l221 196 116 -104 c65 -57 280 -248 480 -424z M20 300 l0 -100 400 0 c224 0 400 4 400 9 0 5 -47 50 -104 100 l-104 91 -296 0 -296 0 0 -100z"/></g></svg>
  <svg x='505' y='494'><g transform="translate(-0.221878406359,10.7500002304) scale(0.0103429235226,-0.00963778430032)"><path class="sym-line" fill="black" d="M430 895 l0 -205 -37 23 c-21 13 -95 61 -165 105 l-128 82 -36 -71 c-19 -40 -32 -75 -27 -79 4 -3 74 -48 156 -99 81 -51 147 -97 147 -101 0 -4 -66 -50 -147 -101 -82 -51 -152 -96 -156 -99 -5 -4 8 -39 27 -79 l36 -71 128 82 c70 44 144 92 165 105 l37 23 0 -205 0 -205 70 0 70 0 0 205 0 205 38 -23 c20 -13 94 -61 164 -105 l128 -82 36 71 c19 40 32 75 27 79 -4 3 -74 48 -155 99 -82 51 -148 97 -148 101 0 4 66 50 148 101 81 51 151 96 155 99 5 4 -8 39 -27 79 l-36 71 -128 -82 c-70 -44 -144 -92 -164 -105 l-38 -23 0 205 0 205 -70 0 -70 0 0 -205z"/></g></svg>
  <svg x='485' y='494'><g transform="translate(-0.221878406359,10.7500002304) scale(0.0103429235226,-0.00963778430032)"><path class="sym-line" fill="black" d="M430 895 l0 -205 -37 23 c-21 13 -95 61 -165 105 l-128 82 -36 -71 c-19 -40 -32 -75 -27 -79 4 -3 74 -48 156 -99 81 -51 147 -97 147 -101 0 -4 -66 -50 -147 -101 -82 -51 -152 -96 -156 -99 -5 -4 8 -39 27 -79 l36 -71 128 82 c70 44 144 92 165 105 l37 23 0 -205 0 -205 70 0 70 0 0 205 0 205 38 -23 c20 -13 94 -61 164 -105 l128 -82 36 71 c19 40 32 75 27 79 -4 3 -74 48 -155 99 -82 51 -148 97 -148 101 0 4 66 50 148 101 81 51 151 96 155 99 5 4 -8 39 -27 79 l-36 71 -128 -82 c-70 -44 -144 -92 -164 -105 l-38 -23 0 205 0 205 -70 0 -70 0 0 -205z"/></g></svg>
  <svg x='521' y='493'><g transform="translate(0.043463926586,14.7505211307) scale(0.00985915292844,-0.00973472242044)"><path class="sym-fill" fill="white" d="M510 1100 l0 -400 140 0 140 0 0 400 0 400 -140 0 -140 0 0 -400z"/><path class="sym-line" fill="black" d="M330 1100 l0 -400 -159 -2 -160 -3 315 -347 c174 -192 319 -348 324 -348 5 0 150 156 324 348 l315 347 -160 3 -159 2 0 400 0 400 -90 0 -90 0 0 -400 0 -400 -140 0 -140 0 0 400 0 400 -90 0 -90 0 0 -400z"/></g></svg>
  <svg x='465' y='493'><g transform="translate(0.043463926586,14.7505211307) scale(0.00985915292844,-0.00973472242044)"><path class="sym-fill" fill="white" d="M510 1100 l0 -400 140 0 140 0 0 400 0 400 -140 0 -140 0 0 -400z M277 557 c144 -163 368 -407 373 -407 5 0 229 244 373 407 l39 43 -412 0 -412 0 39 -43z"/><path class="sym-line" fill="black" d="M330 1100 l0 -400 -159 -2 -160 -3 315 -347 c174 -192 319 -348 324 -348 5 0 150 156 324 348 l315 347 -160 3 -159 2 0 400 0 400 -90 0 -90 0 0 -400 0 -400 -140 0 -140 0 0 400 0 400 -90 0 -90 0 0 -400z m714 -522 c-82 -96 -388 -428 -394 -428 -6 0 -312 332 -394 428 l-19 22 413 0 413 0 -19 -22z"/></g></svg>
  <svg x='493' y='543'><g transform="translate(0.178125321737,5.7484375) scale(0.00969593203301,-0.00933333333333)"><path class="sym-line" fill="black" d="M4 569 c22 -111 99 -242 206 -349 151 -151 320 -220 540 -220 220 0 389 69 540 220 107 107 184 238 206 349 l7 31 -61 0 -61 0 -42 -82 c-54 -104 -163 -218 -264 -274 -154 -85 -340 -108 -501 -61 -176 51 -331 177 -413 335 l-42 82 -61 0 -61 0 7 -31z"/></g></svg>
</svg>