<svg version='1.1' xmlns='http://www.w3.org/2000/svg' width='106' height='78' viewBox='468 461 106 78'>
  <text font-size='0'>AS1852fS1852fS36d00S28b03S28b13S2fb00S18521S18529M574x539S1852f555x463S1852f529x461S18521503x520S18529468x520S36d00479x475S28b13484x489S28b03521x488S2fb00504x509</text>
  <svg x='555' y='463'><g transform="translate(0.13900884769,26.798581355) scale(0.00983687447955,-0.00987042364999)"><path class="sym-line" fill="black" d="M798 1888 l-797 -812 90 -95 c49 -53 285 -294 523 -536 l435 -440 41 40 c23 22 150 152 282 288 l241 248 -36 37 -37 38 0 701 0 701 176 181 176 181 -138 140 c-76 77 -142 140 -148 140 -6 0 -370 -366 -808 -812z m539 -1014 c-1 -7 -111 99 -243 235 l-242 247 237 244 236 243 7 -479 c4 -263 7 -484 5 -490z"/></g></svg>
  <svg x='529' y='461'><g transform="translate(0.13900884769,26.798581355) scale(0.00983687447955,-0.00987042364999)"><path class="sym-line" fill="black" d="M798 1888 l-797 -812 90 -95 c49 -53 285 -294 523 -536 l435 -440 41 40 c23 22 150 152 282 288 l241 248 -36 37 -37 38 0 701 0 701 176 181 176 181 -138 140 c-76 77 -142 140 -148 140 -6 0 -370 -366 -808 -812z m539 -1014 c-1 -7 -111 99 -243 235 l-242 247 237 244 236 243 7 -479 c4 -263 7 -484 5 -490z"/></g></svg>
  <svg x='503' y='520'><g transform="translate(0.130328577793,18.8286661909) scale(0.00987789698807,-0.00983591235848)"><path class="sym-line" fill="black" d="M814 1104 c-445 -437 -810 -800 -812 -807 -1 -7 60 -75 138 -151 l140 -138 181 176 181 176 701 0 701 0 38 -37 37 -36 248 241 c136 132 266 259 288 282 l40 41 -440 435 c-242 238 -483 474 -536 523 l-95 90 -810 -795z m1022 -541 c-1 -1 -222 1 -491 4 l-490 6 245 238 244 237 247 -242 c136 -132 246 -242 245 -243z"/></g></svg>
  <svg x='468' y='520'><g transform="translate(0.0510196050637,18.826359088) scale(0.0098964210729,-0.00982002042915)"><path class="sym-line" fill="black" d="M542 1379 c-293 -287 -532 -525 -532 -528 0 -6 110 -116 442 -441 l128 -124 38 37 38 37 701 0 701 0 181 -176 181 -176 140 138 c78 76 139 144 138 150 -2 7 -327 331 -723 720 -396 388 -761 747 -811 796 l-91 90 -531 -523z m1263 -768 l39 -41 -265 0 c-146 0 -369 -3 -495 -7 l-229 -6 250 245 250 245 205 -197 c113 -109 223 -217 245 -239z"/></g></svg>
  <svg x='479' y='475'><g transform="translate(0.0,4.0) scale(0.01,-0.01)"><path class="sym-line" fill="black" d="M0 200 l0 -200 2100 0 2100 0 0 200 0 200 -2100 0 -2100 0 0 -200z"/></g></svg>
  <svg x='484' y='489'><g transform="translate(0.0387612897312,35.7502171028) scale(0.00994703009862,-0.00988938322301)"><path class="sym-fill" fill="white" d="M2087 3424 c-558 -86 -1036 -453 -1265 -969 -131 -295 -155 -489 -150 -1195 l3 -395 200 0 200 0 6 555 c5 525 6 559 27 635 66 249 170 437 334 603 182 184 382 295 648 358 67 16 148 18 788 21 l712 4 0 199 0 200 -707 -1 c-547 -1 -728 -4 -796 -15z M565 458 c163 -167 302 -303 308 -303 7 0 147 136 312 303 l299 302 -608 0 -608 0 297 -302z"/><path class="sym-line" fill="black" d="M2090 3585 c-823 -120 -1446 -752 -1555 -1579 -12 -84 -15 -231 -15 -623 l0 -513 -254 -2 -255 -3 426 -432 c233 -238 431 -433 438 -433 12 0 855 852 855 864 0 3 -112 6 -250 6 l-250 0 0 478 c0 519 6 594 56 752 53 168 143 317 269 445 154 158 303 243 535 308 72 20 100 21 788 24 l712 4 0 80 0 80 -702 -4 c-669 -4 -708 -5 -796 -25 -181 -40 -336 -108 -478 -207 -196 -138 -375 -374 -458 -605 -70 -195 -70 -190 -74 -792 l-3 -548 -205 0 -204 0 0 478 c0 493 7 631 41 787 140 644 640 1146 1279 1284 160 34 326 41 976 41 l624 0 0 75 0 75 -707 -1 c-507 -1 -732 -5 -793 -14z m-628 -2828 c12 -1 -83 -105 -285 -311 l-302 -309 -302 307 c-167 169 -303 310 -303 314 0 7 1139 5 1192 -1z"/></g></svg>
  <svg x='521' y='488'><g transform="translate(0.0387612897312,35.7502171028) scale(0.00994703009862,-0.00988938322301)"><path class="sym-fill" fill="white" d="M2087 3424 c-558 -86 -1036 -453 -1265 -969 -131 -295 -155 -489 -150 -1195 l3 -395 200 0 200 0 6 555 c5 525 6 559 27 635 66 249 170 437 334 603 182 184 382 295 648 358 67 16 148 18 788 21 l712 4 0 199 0 200 -707 -1 c-547 -1 -728 -4 -796 -15z"/><path class="sym-line" fill="black" d="M2090 3585 c-823 -120 -1446 -752 -1555 -1579 -12 -84 -15 -231 -15 -623 l0 -513 -254 -2 -255 -3 426 -432 c233 -238 431 -433 438 -433 12 0 855 852 855 864 0 3 -112 6 -250 6 l-250 0 0 478 c0 519 6 594 56 752 53 168 143 317 269 445 154 158 303 243 535 308 72 20 100 21 788 24 l712 4 0 80 0 80 -702 -4 c-669 -4 -708 -5 -796 -25 -181 -40 -336 -108 -478 -207 -196 -138 -375 -374 -458 -605 -70 -195 -70 -190 -74 -792 l-3 -548 -205 0 -204 0 0 478 c0 493 7 631 41 787 140 644 640 1146 1279 1284 160 34 326 41 976 41 l624 0 0 75 0 75 -707 -1 c-507 -1 -732 -5 -793 -14z"/></g></svg>
  <svg x='504' y='509'><g transform="translate(0.169849905175,5.76208528494) scale(0.0097007872376,-0.00950858679199)"><path class="sym-line" fill="black" d="M552 580 c-226 -60 -429 -239 -518 -459 -13 -33 -27 -73 -30 -90 l-6 -31 60 0 61 0 42 83 c54 103 163 217 264 273 205 113 445 113 650 0 101 -56 210 -170 264 -273 l42 -83 61 0 61 0 -7 31 c-22 111 -99 242 -206 349 -99 99 -217 167 -346 200 -105 27 -289 27 -392 0z"/></g></svg>
</svg>