<svg version='1.1' xmlns='http://www.w3.org/2000/svg' width='70' height='82' viewBox='465 459 70 82'>
  <text font-size='0'>AS18511S18519S37703S3770bS22a00S22a10S15219S15211S2fb00M535x541S18511470x507S18519502x506S15211465x459S15219509x459S37703493x518S3770b482x519S22a00507x488S22a10479x489S2fb00491x461</text>
  <svg x='470' y='507'><g transform="translate(0.130328577793,18.8286661909) scale(0.00987789698807,-0.00983591235848)"><path class="sym-fill" fill="white" d="M1309 1441 l-104 -99 50 -52 c28 -28 234 -232 458 -453 l408 -401 104 104 104 104 -377 370 c-207 204 -414 406 -458 449 l-81 78 -104 -100z"/><path class="sym-line" fill="black" d="M814 1104 c-445 -437 -810 -800 -812 -807 -1 -7 60 -75 138 -151 l140 -138 181 176 181 176 701 0 701 0 38 -37 37 -36 248 241 c136 132 266 259 288 282 l40 41 -440 435 c-242 238 -483 474 -536 523 l-95 90 -810 -795z m1516 -463 c0 -15 -199 -203 -210 -199 -7 2 -217 204 -466 448 l-453 445 106 107 106 107 459 -451 c252 -248 458 -454 458 -457z m-494 -78 c-1 -1 -222 1 -491 4 l-490 6 245 238 244 237 247 -242 c136 -132 246 -242 245 -243z"/></g></svg>
  <svg x='502' y='506'><g transform="translate(0.0510196050637,18.826359088) scale(0.0098964210729,-0.00982002042915)"><path class="sym-fill" fill="white" d="M827 1092 l-457 -447 105 -104 104 -105 408 401 c224 221 430 424 458 452 l49 51 -59 61 c-33 33 -81 78 -106 100 l-46 39 -456 -448z"/><path class="sym-line" fill="black" d="M542 1379 c-293 -287 -532 -525 -532 -528 0 -6 110 -116 442 -441 l128 -124 38 37 38 37 701 0 701 0 181 -176 181 -176 140 138 c78 76 139 144 138 150 -2 7 -327 331 -723 720 -396 388 -761 747 -811 796 l-91 90 -531 -523z m580 -413 c-473 -465 -536 -526 -548 -526 -5 0 -54 45 -109 101 l-100 100 460 454 460 454 107 -106 107 -107 -377 -370z m683 -355 l39 -41 -265 0 c-146 0 -369 -3 -495 -7 l-229 -6 250 245 250 245 205 -197 c113 -109 223 -217 245 -239z"/></g></svg>
  <svg x='465' y='459'><g transform="translate(0.00362262470281,26.7084919559) scale(0.00991028737752,-0.00991153307595)"><path class="sym-fill" fill="white" d="M1030 1425 l0 -200 456 -473 c251 -260 460 -472 464 -470 4 2 48 46 98 98 l90 95 -520 540 c-285 297 -535 556 -554 575 l-34 35 0 -200z"/><path class="sym-line" fill="black" d="M1043 2657 c-40 -11 -73 -24 -73 -30 0 -5 45 -185 100 -399 55 -215 100 -392 100 -394 0 -2 -44 -4 -98 -4 l-98 0 -323 335 c-177 184 -325 335 -329 335 -4 0 -36 -32 -70 -70 l-64 -71 93 -97 c51 -53 197 -206 326 -338 l233 -241 0 -102 c0 -93 -2 -102 -17 -97 -143 43 -756 206 -760 202 -9 -9 -53 -179 -48 -184 3 -4 455 -131 788 -222 l37 -11 0 -61 c0 -61 0 -62 61 -130 l61 -68 -361 0 -361 0 0 -54 c0 -29 3 -74 6 -100 l7 -46 451 0 451 1 232 -238 232 -238 -295 -3 -294 -2 0 -100 0 -100 392 0 392 0 68 -67 68 -68 24 25 c509 530 626 654 624 660 -2 4 -250 264 -553 578 l-550 572 -61 0 -60 0 -110 425 c-99 385 -111 425 -129 424 -11 -1 -53 -11 -92 -22z m492 -1548 c275 -286 524 -546 554 -579 l53 -59 -98 -101 -99 -100 -462 481 -463 481 0 199 c0 109 3 199 8 198 4 0 232 -235 507 -520z"/></g></svg>
  <svg x='509' y='459'><g transform="translate(0.129744032484,26.7778746083) scale(0.00991028737752,-0.00996296663762)"><path class="sym-fill" fill="white" d="M1014 1047 l-552 -572 92 -95 c50 -52 94 -96 97 -98 4 -2 212 210 463 470 l456 473 0 197 c0 109 -1 198 -2 198 -2 0 -251 -258 -554 -573z"/><path class="sym-line" fill="black" d="M1440 2668 c0 -6 -48 -197 -106 -424 l-107 -413 -62 -3 -62 -3 -549 -569 c-302 -313 -550 -572 -552 -576 -3 -7 634 -672 649 -678 5 -2 36 26 70 62 l61 66 394 0 394 0 0 100 0 100 -296 0 -296 0 232 240 232 240 459 0 459 0 0 100 0 100 -361 0 -361 0 61 65 61 66 0 64 0 64 38 11 c319 87 784 218 787 221 5 6 -36 172 -45 182 -6 7 -568 -140 -762 -199 -16 -5 -18 4 -18 97 l0 101 262 272 c144 149 291 301 326 338 l65 66 -63 71 c-35 39 -66 71 -70 71 -5 0 -153 -151 -330 -335 l-323 -335 -99 0 c-90 0 -99 2 -94 18 15 49 196 770 196 779 0 5 -37 20 -82 32 -95 24 -108 26 -108 9z m140 -1238 l0 -200 -462 -481 -463 -480 -98 102 -98 103 39 40 c181 191 1075 1116 1078 1116 2 0 4 -90 4 -200z"/></g></svg>
  <svg x='493' y='518'><g transform="translate(-0.946174107756,22.3050086955) scale(0.0107616505441,-0.0103087417234)"><path class="sym-line" fill="black" d="M167 2075 c-38 -41 -67 -79 -65 -85 7 -21 1842 -1941 1853 -1938 6 2 43 37 82 79 l72 75 -923 970 c-508 533 -930 970 -938 971 -7 1 -44 -32 -81 -72z"/></g></svg>
  <svg x='482' y='519'><g transform="translate(-0.981442752515,22.333772324) scale(0.0107782670044,-0.0103182059236)"><path class="sym-line" fill="black" d="M1024 1185 c-505 -531 -919 -971 -919 -979 0 -7 31 -46 69 -86 51 -55 72 -71 83 -64 8 5 428 443 933 973 l919 965 -72 75 c-39 42 -76 77 -82 79 -6 1 -425 -432 -931 -963z"/></g></svg>
  <svg x='507' y='488'><g transform="translate(0.043463926586,14.7505211307) scale(0.00985915292844,-0.00973472242044)"><path class="sym-fill" fill="white" d="M510 400 l0 -400 140 0 140 0 0 400 0 400 -140 0 -140 0 0 -400z"/><path class="sym-line" fill="black" d="M326 1153 l-315 -348 160 -3 159 -2 0 -400 0 -400 90 0 90 0 0 400 0 400 140 0 140 0 0 -400 0 -400 90 0 90 0 0 400 0 400 159 2 160 3 -315 348 c-174 191 -319 347 -324 347 -5 0 -150 -156 -324 -347z"/></g></svg>
  <svg x='479' y='489'><g transform="translate(0.043463926586,14.7505211307) scale(0.00985915292844,-0.00973472242044)"><path class="sym-fill" fill="white" d="M443 1128 l-201 -223 204 -3 c112 -1 296 -1 408 0 l204 3 -198 220 c-110 121 -203 221 -208 223 -4 1 -99 -98 -209 -220z M510 400 l0 -400 140 0 140 0 0 400 0 400 -140 0 -140 0 0 -400z"/><path class="sym-line" fill="black" d="M326 1153 l-315 -348 160 -3 159 -2 0 -400 0 -400 90 0 90 0 0 400 0 400 140 0 140 0 0 -400 0 -400 90 0 90 0 0 400 0 400 159 2 160 3 -315 348 c-174 191 -319 347 -324 347 -5 0 -150 -156 -324 -347z m534 -25 l202 -223 -206 -3 c-113 -1 -299 -1 -412 0 l-206 3 202 223 c111 122 205 222 210 222 5 0 99 -100 210 -222z"/></g></svg>
  <svg x='491' y='461'><g transform="translate(0.169849905175,5.76208528494) scale(0.0097007872376,-0.00950858679199)"><path class="sym-line" fill="black" d="M552 580 c-226 -60 -429 -239 -518 -459 -13 -33 -27 -73 -30 -90 l-6 -31 60 0 61 0 42 83 c54 103 163 217 264 273 205 113 445 113 650 0 101 -56 210 -170 264 -273 l42 -83 61 0 61 0 -7 31 c-22 111 -99 242 -206 349 -99 99 -217 167 -346 200 -105 27 -289 27 -392 0z"/></g></svg>
</svg>