<svg version='1.1' xmlns='http://www.w3.org/2000/svg' width='111' height='64' viewBox='444 465 111 64'>
  <text font-size='0'>AS18221S18229S2b700S2b711S20e00S20e00S32a00S36e00M555x529S36e00477x517S32a00481x482S18221521x493S18229453x496S20e00543x483S20e00444x486S2b711464x465S2b700517x466</text>
  <svg x='477' y='517'><g transform="translate(0.0,12.0) scale(0.01,-0.01)"><path class="sym-line" fill="black" d="M0 1000 l0 -200 300 0 300 0 0 -400 0 -400 1700 0 1700 0 0 400 0 400 300 0 300 0 0 200 0 200 -450 0 -450 0 0 -400 0 -400 -1400 0 -1400 0 0 400 0 400 -450 0 -450 0 0 -200z"/></g></svg>
  <svg x='481' y='482'><g transform="translate(0.102309309327,34.7500790925) scale(0.00989759602414,-0.00988956850125)"><path class="sym-line" fill="black" d="M1528 3484 c-389 -61 -720 -223 -999 -492 -253 -243 -424 -550 -501 -902 -20 -93 -23 -132 -23 -340 0 -208 3 -247 23 -340 107 -490 401 -899 832 -1157 281 -168 596 -253 940 -253 180 0 310 16 475 59 623 163 1109 640 1274 1251 70 259 70 621 0 880 -92 342 -281 639 -556 876 -258 223 -577 366 -930 419 -127 19 -413 18 -535 -1z m607 -173 c318 -69 584 -209 819 -432 81 -76 206 -226 206 -246 0 -4 -15 -18 -33 -29 -193 -125 -361 -362 -424 -599 -23 -88 -26 -119 -26 -255 0 -136 3 -167 26 -255 63 -237 231 -474 424 -599 18 -11 33 -25 33 -29 0 -20 -125 -170 -206 -246 -235 -223 -502 -363 -819 -431 -142 -31 -430 -39 -575 -16 -351 56 -629 188 -886 421 -77 70 -234 252 -234 271 0 5 20 21 44 37 115 72 263 242 333 381 180 356 143 766 -97 1084 -65 87 -167 186 -236 229 -24 16 -44 32 -44 37 0 19 157 201 234 271 248 225 512 354 851 416 143 26 467 21 610 -10z"/></g></svg>
  <svg x='521' y='493'><g transform="translate(0.130143354338,16.8260312656) scale(0.00988816045229,-0.00987785535933)"><path class="sym-line" fill="black" d="M754 989 c-412 -391 -750 -716 -752 -722 -1 -7 56 -68 128 -136 l131 -124 32 31 c18 16 239 226 492 466 l460 436 65 -63 c36 -35 197 -188 357 -341 265 -251 294 -276 311 -264 31 22 512 482 512 489 0 6 -933 896 -971 926 -14 11 -123 -89 -765 -698z"/></g></svg>
  <svg x='453' y='496'><g transform="translate(0.0511009205478,16.8258633241) scale(0.00988816045229,-0.00987547572663)"><path class="sym-line" fill="black" d="M501 1235 c-270 -257 -491 -470 -491 -474 0 -7 482 -467 512 -489 17 -12 45 12 300 255 156 147 317 300 358 340 l76 72 460 -436 c252 -239 473 -449 491 -465 l32 -31 131 124 c72 68 129 129 128 136 -2 9 -1381 1324 -1485 1416 -21 18 -28 12 -512 -448z"/></g></svg>
  <svg x='543' y='483'><g transform="translate(0.146427179928,11.7544805477) scale(0.00967082850362,-0.00967852689504)"><path class="sym-fill" fill="white" d="M503 985 c-159 -43 -265 -159 -295 -325 -22 -116 23 -252 112 -340 88 -89 224 -134 340 -112 178 33 299 154 332 332 22 115 -23 252 -110 339 -56 56 -107 85 -189 106 -70 18 -121 18 -190 0z m175 -200 c104 -44 151 -167 103 -270 -71 -153 -291 -153 -362 0 -33 72 -19 166 34 224 52 56 151 76 225 46z"/><path class="sym-line" fill="black" d="M435 1181 c-206 -60 -366 -224 -419 -428 -21 -78 -21 -228 0 -306 54 -208 223 -377 431 -431 78 -21 228 -21 306 0 208 54 377 223 431 431 21 78 21 228 0 306 -26 103 -80 195 -158 273 -78 78 -170 132 -273 158 -82 21 -240 20 -318 -3z m276 -197 c134 -40 234 -140 273 -273 62 -211 -60 -432 -273 -495 -210 -62 -433 61 -495 273 -61 207 56 426 264 492 70 23 161 24 231 3z M509 772 c-43 -22 -59 -38 -81 -81 -36 -68 -36 -114 0 -182 22 -43 38 -59 81 -81 68 -36 114 -36 182 0 43 22 59 38 81 81 36 68 36 114 0 182 -22 43 -38 59 -81 81 -68 36 -114 36 -182 0z"/></g></svg>
  <svg x='444' y='486'><g transform="translate(0.146427179928,11.7544805477) scale(0.00967082850362,-0.00967852689504)"><path class="sym-fill" fill="white" d="M503 985 c-159 -43 -265 -159 -295 -325 -22 -116 23 -252 112 -340 88 -89 224 -134 340 -112 178 33 299 154 332 332 22 115 -23 252 -110 339 -56 56 -107 85 -189 106 -70 18 -121 18 -190 0z m175 -200 c104 -44 151 -167 103 -270 -71 -153 -291 -153 -362 0 -33 72 -19 166 34 224 52 56 151 76 225 46z"/><path class="sym-line" fill="black" d="M435 1181 c-206 -60 -366 -224 -419 -428 -21 -78 -21 -228 0 -306 54 -208 223 -377 431 -431 78 -21 228 -21 306 0 208 54 377 223 431 431 21 78 21 228 0 306 -26 103 -80 195 -158 273 -78 78 -170 132 -273 158 -82 21 -240 20 -318 -3z m276 -197 c134 -40 234 -140 273 -273 62 -211 -60 -432 -273 -495 -210 -62 -433 61 -495 273 -61 207 56 426 264 492 70 23 161 24 231 3z M509 772 c-43 -22 -59 -38 -81 -81 -36 -68 -36 -114 0 -182 22 -43 38 -59 81 -81 68 -36 114 -36 182 0 43 22 59 38 81 81 36 68 36 114 0 182 -22 43 -38 59 -81 81 -68 36 -114 36 -182 0z"/></g></svg>
  <svg x='464' y='465'><g transform="translate(0.14844965777,22.7514249835) scale(0.00976501711149,-0.00982565788311)"><path class="sym-line" fill="black" d="M748 2281 c-155 -50 -281 -175 -328 -328 -19 -61 -20 -93 -20 -542 0 -521 -5 -599 -51 -736 -52 -154 -206 -453 -321 -622 -15 -23 -28 -44 -28 -47 0 -3 225 -6 500 -6 275 0 500 3 500 6 0 3 -13 24 -28 47 -61 89 -176 292 -232 410 -77 161 -117 282 -130 397 -15 127 -8 997 9 1059 31 114 103 211 189 253 39 19 63 22 142 22 52 0 113 -6 135 -13 87 -30 165 -105 193 -190 7 -18 15 -69 18 -112 l7 -79 -254 0 -254 0 278 -277 277 -278 277 278 278 277 -253 0 -252 0 0 88 c0 89 -16 159 -49 212 -55 90 -132 152 -225 183 -72 24 -300 23 -378 -2z m749 -728 l-147 -148 -147 148 -148 147 295 0 295 0 -148 -147z"/></g></svg>
  <svg x='517' y='466'><g transform="translate(0.200475594973,22.7498041047) scale(0.00976296692944,-0.00983706505647)"><path class="sym-line" fill="black" d="M775 2285 c-92 -34 -160 -86 -208 -158 -50 -76 -67 -137 -67 -239 l0 -88 -252 0 -253 0 278 -277 277 -278 277 278 278 277 -254 0 -254 0 7 79 c3 43 11 94 18 112 28 85 106 160 193 190 22 7 83 13 135 13 79 0 103 -3 142 -22 86 -42 158 -139 189 -253 17 -62 24 -932 9 -1059 -13 -115 -53 -236 -130 -397 -56 -118 -171 -321 -232 -410 -15 -23 -28 -44 -28 -47 0 -3 225 -6 500 -6 275 0 500 3 500 6 0 3 -13 24 -28 47 -94 137 -224 378 -287 533 -80 190 -78 175 -84 789 -6 544 -7 551 -29 607 -50 125 -166 240 -290 289 -49 20 -79 23 -212 26 -117 2 -165 -1 -195 -12z"/></g></svg>
</svg>