<svg version='1.1' xmlns='http://www.w3.org/2000/svg' width='114' height='98' viewBox='444 482 114 98'>
  <text font-size='0'>AS18527S1852fS20500S22a07S22a11S2fb00S14c27S14c2fS31500M558x580S18527504x553S1852f478x553S20500495x541S14c2f444x511S14c27532x510S22a07516x538S22a11474x540S2fb00492x528S31500482x482</text>
  <svg x='504' y='553'><g transform="translate(0.0597200635158,26.8514448056) scale(0.00982683111346,-0.00989586507189)"><path class="sym-line" fill="black" d="M146 2560 l-137 -141 175 -180 176 -180 0 -702 0 -701 -37 -38 -36 -37 278 -286 c152 -157 281 -285 285 -285 4 0 242 239 530 531 l522 531 -70 72 c-1110 1132 -1525 1552 -1536 1554 -7 2 -74 -61 -150 -138z m723 -1020 l178 -185 -241 -247 -241 -247 3 492 2 491 61 -59 c33 -33 141 -143 238 -245z"/></g></svg>
  <svg x='478' y='553'><g transform="translate(0.13900884769,26.798581355) scale(0.00983687447955,-0.00987042364999)"><path class="sym-line" fill="black" d="M798 1888 l-797 -812 90 -95 c49 -53 285 -294 523 -536 l435 -440 41 40 c23 22 150 152 282 288 l241 248 -36 37 -37 38 0 701 0 701 176 181 176 181 -138 140 c-76 77 -142 140 -148 140 -6 0 -370 -366 -808 -812z m539 -1014 c-1 -7 -111 99 -243 235 l-242 247 237 244 236 243 7 -479 c4 -263 7 -484 5 -490z"/></g></svg>
  <svg x='495' y='541'><g transform="translate(-0.221878406359,10.7500002304) scale(0.0103429235226,-0.00963778430032)"><path class="sym-line" fill="black" d="M430 895 l0 -205 -37 23 c-21 13 -95 61 -165 105 l-128 82 -36 -71 c-19 -40 -32 -75 -27 -79 4 -3 74 -48 156 -99 81 -51 147 -97 147 -101 0 -4 -66 -50 -147 -101 -82 -51 -152 -96 -156 -99 -5 -4 8 -39 27 -79 l36 -71 128 82 c70 44 144 92 165 105 l37 23 0 -205 0 -205 70 0 70 0 0 205 0 205 38 -23 c20 -13 94 -61 164 -105 l128 -82 36 71 c19 40 32 75 27 79 -4 3 -74 48 -155 99 -82 51 -148 97 -148 101 0 4 66 50 148 101 81 51 151 96 155 99 5 4 -8 39 -27 79 l-36 71 -128 -82 c-70 -44 -144 -92 -164 -105 l-38 -23 0 205 0 205 -70 0 -70 0 0 -205z"/></g></svg>
  <svg x='444' y='511'><g transform="translate(-0.0593713605178,26.8533249356) scale(0.0100033275266,-0.00993004493302)"><path class="sym-line" fill="black" d="M1045 2665 c-53 -15 -80 -27 -79 -36 1 -8 45 -186 98 -396 53 -210 96 -386 96 -392 0 -7 -34 -11 -93 -11 l-92 0 -325 341 -324 342 -69 -72 -68 -72 130 -137 c71 -75 215 -227 320 -337 l190 -200 1 -102 c0 -57 -2 -103 -5 -103 -2 0 -174 47 -381 105 -207 58 -378 104 -379 103 -5 -7 -47 -189 -44 -192 2 -1 38 -12 79 -23 41 -12 222 -63 403 -113 l327 -93 0 -60 0 -60 67 -71 67 -71 -357 -3 -357 -2 0 -100 0 -100 454 0 454 0 382 -400 c209 -220 385 -400 390 -400 5 0 153 152 330 337 l320 337 -68 71 c-38 38 -125 130 -195 203 l-127 134 0 404 0 404 -95 0 -95 0 -2 -301 -3 -301 -253 266 -254 266 -61 0 -62 0 -109 430 c-63 247 -114 430 -120 429 -6 0 -47 -11 -91 -24z"/></g></svg>
  <svg x='532' y='510'><g transform="translate(-0.0515628792229,26.8533581039) scale(0.010004854053,-0.00992571299309)"><path class="sym-line" fill="black" d="M1344 2260 l-109 -430 -62 0 -61 0 -254 -266 -253 -266 -3 301 -2 301 -95 0 -95 0 0 -404 0 -404 -127 -134 c-70 -73 -158 -165 -195 -203 l-68 -71 321 -337 c176 -185 324 -337 329 -337 5 0 181 180 391 400 l381 400 454 0 454 0 0 100 0 100 -356 2 -356 3 66 71 66 72 0 60 0 59 328 93 c180 50 361 101 402 113 41 11 77 22 79 23 3 3 -39 185 -44 192 -1 1 -172 -45 -379 -103 -207 -58 -379 -105 -381 -105 -3 0 -5 46 -5 103 l1 102 190 200 c105 110 249 262 320 337 l130 137 -68 72 -69 71 -324 -341 -325 -341 -92 0 c-59 0 -93 4 -93 11 0 6 43 182 96 392 53 210 97 388 98 396 1 9 -28 22 -84 37 -47 13 -88 24 -91 24 -3 0 -55 -193 -115 -430z"/></g></svg>
  <svg x='516' y='538'><g transform="translate(-0.0674515882592,14.0731065957) scale(0.00985915292844,-0.0101494544892)"><path class="sym-fill" fill="white" d="M438 684 c-150 -157 -274 -290 -276 -294 -2 -5 43 -56 100 -114 l103 -106 272 288 c149 158 273 290 275 293 2 4 -43 54 -99 112 l-102 106 -273 -285z"/><path class="sym-line" fill="black" d="M346 1348 c10 -13 63 -69 117 -124 91 -94 98 -104 86 -121 -8 -11 -129 -140 -269 -287 -140 -146 -256 -272 -258 -279 -1 -7 28 -42 65 -79 l68 -68 274 288 c150 158 276 288 280 290 4 1 53 -47 109 -107 l101 -109 -274 -288 c-151 -159 -275 -292 -275 -296 0 -12 122 -138 134 -138 6 0 133 128 281 285 l270 286 122 -128 122 -128 1 513 0 512 -487 0 -486 0 19 -22z"/></g></svg>
  <svg x='474' y='540'><g transform="translate(-0.0515675887627,13.9964478699) scale(0.0100651361624,-0.00989143597848)"><path class="sym-fill" fill="white" d="M130 953 c0 -185 4 -333 8 -327 5 5 140 154 300 331 161 177 292 325 292 328 0 3 -135 5 -300 5 l-300 0 0 -337z M496 873 l-96 -107 23 -25 c13 -14 133 -147 267 -296 134 -148 246 -271 249 -272 3 -2 50 47 105 107 l98 111 -39 42 c-21 23 -141 156 -267 295 -125 138 -232 252 -236 252 -5 0 -51 -48 -104 -107z"/><path class="sym-line" fill="black" d="M20 875 c0 -289 3 -525 8 -524 4 0 59 58 122 129 63 71 115 128 116 127 26 -36 529 -582 536 -582 6 0 39 32 74 71 l63 70 -269 298 c-149 163 -270 299 -270 303 0 9 194 221 201 220 3 -1 127 -136 274 -299 l269 -297 60 66 c34 36 64 71 68 77 4 7 -100 130 -258 305 -146 160 -264 296 -262 301 2 5 51 62 111 128 59 66 107 123 107 126 0 3 -214 6 -475 6 l-475 0 0 -525z m624 308 c-53 -60 -189 -210 -302 -335 -113 -126 -210 -228 -214 -228 -4 0 -8 151 -8 335 l0 335 311 0 311 0 -98 -107z"/></g></svg>
  <svg x='492' y='528'><g transform="translate(0.169849905175,5.76208528494) scale(0.0097007872376,-0.00950858679199)"><path class="sym-line" fill="black" d="M552 580 c-226 -60 -429 -239 -518 -459 -13 -33 -27 -73 -30 -90 l-6 -31 60 0 61 0 42 83 c54 103 163 217 264 273 205 113 445 113 650 0 101 -56 210 -170 264 -273 l42 -83 61 0 61 0 -7 31 c-22 111 -99 242 -206 349 -99 99 -217 167 -346 200 -105 27 -289 27 -392 0z"/></g></svg>
  <svg x='482' y='482'><g transform="translate(0.149874875465,34.7500790925) scale(0.00988906872676,-0.00988956850125)"><path class="sym-line" fill="black" d="M1528 3484 c-592 -92 -1088 -447 -1348 -963 -125 -249 -180 -485 -180 -771 0 -480 183 -911 529 -1242 350 -336 780 -508 1271 -508 451 0 864 150 1193 434 326 281 517 620 591 1051 21 121 21 409 0 530 -43 252 -114 444 -237 639 -282 453 -741 750 -1284 831 -127 19 -413 18 -535 -1z m607 -173 c583 -126 1038 -523 1224 -1069 59 -173 75 -277 75 -492 0 -165 -3 -211 -22 -300 -71 -327 -228 -611 -458 -829 -186 -177 -381 -295 -614 -374 -176 -60 -282 -78 -490 -84 -247 -7 -416 19 -628 97 -549 201 -944 674 -1043 1250 -17 97 -17 383 0 480 99 576 495 1050 1043 1250 105 38 177 58 303 81 143 26 467 21 610 -10z M720 2175 l0 -75 465 0 465 0 0 75 0 75 -465 0 -465 0 0 -75z M1950 2175 l0 -75 470 0 470 0 0 75 0 75 -470 0 -470 0 0 -75z"/></g></svg>
</svg>