<svg version='1.1' xmlns='http://www.w3.org/2000/svg' width='56' height='106' viewBox='472 447 56 106'>
  <text font-size='0'>AS18220S15a5aS21100S2b700S18232S15a5aS20800S37816S37816M528x553S37816472x463S18232490x448S20800476x447S15a5a501x460S21100506x503S37816473x544S18220495x524S2b700491x478S15a5a499x541</text>
  <svg x='472' y='463'><g transform="translate(0.0,5.0) scale(0.01,-0.01)"><path class="sym-line" fill="black" d="M0 250 l0 -250 1600 0 1600 0 0 250 0 250 -1600 0 -1600 0 0 -250z"/></g></svg>
  <svg x='490' y='448'><g transform="translate(0.0,23.0) scale(0.01,-0.01)"><path class="sym-fill" fill="white" d="M100 1900 l0 -300 650 0 650 0 0 300 0 300 -650 0 -650 0 0 -300z"/><path class="sym-line" fill="black" d="M0 1900 l0 -400 750 0 750 0 0 400 0 400 -750 0 -750 0 0 -400z m1400 0 l0 -300 -650 0 -650 0 0 300 0 300 650 0 650 0 0 -300z M0 650 l0 -650 200 0 200 0 0 650 0 650 -200 0 -200 0 0 -650z"/></g></svg>
  <svg x='476' y='447'><g transform="translate(0.0,10.0) scale(0.01,-0.01)"><path class="sym-line" fill="black" d="M400 800 l0 -200 -200 0 -200 0 0 -100 0 -100 200 0 200 0 0 -200 0 -200 100 0 100 0 0 200 0 200 200 0 200 0 0 100 0 100 -200 0 -200 0 0 200 0 200 -100 0 -100 0 0 -200z"/></g></svg>
  <svg x='501' y='460'><g transform="translate(0.150976194493,11.7516936221) scale(0.00983400277537,-0.00966938010173)"><path class="sym-fill" fill="white" d="M1400 600 l0 -600 150 0 150 0 0 600 0 600 -150 0 -150 0 0 -600z"/><path class="sym-line" fill="black" d="M0 600 l0 -600 700 0 700 0 0 600 0 600 -700 0 -700 0 0 -600z M1700 600 l0 -600 203 0 202 0 300 300 300 300 -300 300 -300 300 -202 0 -203 0 0 -600z"/></g></svg>
  <svg x='506' y='503'><g transform="translate(0.100900989662,13.8028761369) scale(0.00973019545717,-0.00980171001958)"><path class="sym-fill" fill="white" d="M583 1185 c-269 -75 -434 -344 -368 -598 49 -187 188 -325 378 -374 159 -40 396 23 545 145 l33 27 -68 74 -68 74 -32 -27 c-89 -75 -261 -121 -366 -97 -230 51 -313 335 -147 501 60 60 117 83 223 88 l87 4 0 -100 0 -100 -70 -4 c-60 -3 -74 -8 -97 -31 -38 -38 -38 -96 0 -135 24 -23 35 -27 85 -26 105 1 209 71 255 173 30 64 30 178 0 242 -27 60 -93 125 -152 152 -59 26 -168 32 -238 12z"/><path class="sym-line" fill="black" d="M535 1386 c-139 -36 -249 -101 -348 -205 -73 -78 -116 -148 -155 -253 -25 -68 -27 -84 -27 -228 0 -144 2 -160 27 -228 42 -114 85 -180 172 -268 88 -87 154 -130 268 -172 68 -25 84 -27 233 -27 185 0 237 11 380 79 97 46 215 128 215 148 -1 7 -29 44 -64 82 l-63 68 -54 -41 c-197 -149 -458 -183 -653 -84 -65 33 -176 144 -209 209 -75 147 -75 321 0 468 33 65 144 176 209 209 168 85 351 71 450 -35 60 -63 79 -113 79 -208 0 -73 -4 -92 -27 -135 -50 -95 -138 -154 -243 -163 -58 -4 -63 -3 -93 28 -44 44 -45 96 -1 139 28 29 36 31 100 31 l69 0 0 101 0 102 -86 -6 c-143 -10 -231 -65 -282 -176 -68 -147 -2 -321 148 -389 106 -49 278 -25 388 54 26 19 57 38 69 44 31 13 107 119 135 188 19 49 23 75 23 182 0 107 -4 133 -23 182 -50 125 -166 241 -290 289 -70 28 -266 36 -347 15z"/></g></svg>
  <svg x='473' y='544'><g transform="translate(0.0,5.0) scale(0.01,-0.01)"><path class="sym-line" fill="black" d="M0 250 l0 -250 1600 0 1600 0 0 250 0 250 -1600 0 -1600 0 0 -250z"/></g></svg>
  <svg x='495' y='524'><g transform="translate(0.0,15.0) scale(0.01,-0.01)"><path class="sym-line" fill="black" d="M0 1300 l0 -200 750 0 750 0 0 -550 0 -550 400 0 400 0 0 750 0 750 -1150 0 -1150 0 0 -200z"/></g></svg>
  <svg x='491' y='478'><g transform="translate(0.200475594973,22.7498041047) scale(0.00976296692944,-0.00983706505647)"><path class="sym-line" fill="black" d="M775 2285 c-92 -34 -160 -86 -208 -158 -50 -76 -67 -137 -67 -239 l0 -88 -252 0 -253 0 278 -277 277 -278 277 278 278 277 -254 0 -254 0 7 79 c3 43 11 94 18 112 28 85 106 160 193 190 22 7 83 13 135 13 79 0 103 -3 142 -22 86 -42 158 -139 189 -253 17 -62 24 -932 9 -1059 -13 -115 -53 -236 -130 -397 -56 -118 -171 -321 -232 -410 -15 -23 -28 -44 -28 -47 0 -3 225 -6 500 -6 275 0 500 3 500 6 0 3 -13 24 -28 47 -94 137 -224 378 -287 533 -80 190 -78 175 -84 789 -6 544 -7 551 -29 607 -50 125 -166 240 -290 289 -49 20 -79 23 -212 26 -117 2 -165 -1 -195 -12z"/></g></svg>
  <svg x='499' y='541'><g transform="translate(0.150976194493,11.7516936221) scale(0.00983400277537,-0.00966938010173)"><path class="sym-fill" fill="white" d="M1400 600 l0 -600 150 0 150 0 0 600 0 600 -150 0 -150 0 0 -600z"/><path class="sym-line" fill="black" d="M0 600 l0 -600 700 0 700 0 0 600 0 600 -700 0 -700 0 0 -600z M1700 600 l0 -600 203 0 202 0 300 300 300 300 -300 300 -300 300 -202 0 -203 0 0 -600z"/></g></svg>
</svg>