<svg version='1.1' xmlns='http://www.w3.org/2000/svg' width='112' height='108' viewBox='444 446 112 108'>
  <text font-size='0'>AS18550S18558S22a06S22a12S1f702S15d37S20500S26527M556x554S18550507x447S18558471x446S22a06541x448S22a12444x447S15d37478x519S1f702488x523S20500480x543S26527511x516</text>
  <svg x='507' y='447'><g transform="translate(0.0,15.0) scale(0.01,-0.01)"><path class="sym-line" fill="black" d="M0 1300 l0 -200 268 0 267 0 434 -400 c239 -220 439 -400 443 -400 4 0 8 64 8 143 l0 142 -277 255 -276 255 276 3 277 2 0 200 0 200 -710 0 -710 0 0 -200z M1630 750 l0 -750 435 0 435 0 0 750 0 750 -435 0 -435 0 0 -750z"/></g></svg>
  <svg x='471' y='446'><g transform="translate(0.0,15.0) scale(0.01,-0.01)"><path class="sym-line" fill="black" d="M0 750 l0 -750 435 0 435 0 0 750 0 750 -435 0 -435 0 0 -750z M1080 1300 l0 -200 277 -2 276 -3 -276 -255 -277 -255 0 -142 c0 -79 4 -143 8 -143 4 0 204 180 443 400 l434 400 268 0 267 0 0 200 0 200 -710 0 -710 0 0 -200z"/></g></svg>
  <svg x='541' y='448'><g transform="translate(0.149086073535,12.8620963812) scale(0.00973319632325,-0.00982260446778)"><path class="sym-fill" fill="white" d="M0 650 l0 -140 400 0 400 0 0 140 0 140 -400 0 -400 0 0 -140z"/><path class="sym-line" fill="black" d="M800 1132 l0 -162 -400 0 -400 0 0 -90 0 -90 400 0 400 0 0 -140 0 -140 -400 0 -400 0 0 -90 0 -90 400 0 400 0 2 -159 3 -160 348 315 c191 174 347 319 347 324 0 4 -143 138 -317 296 -175 158 -333 301 -350 318 l-33 30 0 -162z"/></g></svg>
  <svg x='444' y='447'><g transform="translate(0.149086073535,12.8637027287) scale(0.00973319632325,-0.00985729409582)"><path class="sym-fill" fill="white" d="M375 860 c-121 -110 -220 -204 -220 -210 0 -6 99 -100 220 -210 l220 -198 3 204 c1 112 1 296 0 408 l-3 204 -220 -198z M700 650 l0 -140 400 0 400 0 0 140 0 140 -400 0 -400 0 0 -140z"/><path class="sym-line" fill="black" d="M348 974 c-192 -174 -348 -319 -348 -324 0 -5 156 -150 347 -324 l348 -315 3 160 2 159 400 0 400 0 0 90 0 90 -400 0 -400 0 0 140 0 140 400 0 400 0 0 90 0 90 -400 0 -400 0 -2 159 -3 160 -347 -315z m250 -530 l-3 -206 -222 202 c-123 111 -223 205 -223 210 0 5 100 99 223 210 l222 202 3 -206 c1 -113 1 -299 0 -412z"/></g></svg>
  <svg x='478' y='519'><g transform="translate(-0.000223836172357,22.7560476437) scale(0.00989189550009,-0.00991168243272)"><path class="sym-fill" fill="white" d="M1438 1973 l-108 -108 -68 68 -67 67 -103 -103 -102 -102 67 -68 68 -67 -413 -413 -412 -412 275 -275 275 -275 413 413 412 412 68 -67 67 -68 102 102 103 103 -68 68 -67 67 110 110 110 110 0 272 0 273 -278 0 -277 0 -107 -107z"/><path class="sym-line" fill="black" d="M1327 2142 l-137 -137 70 -70 70 -70 113 113 113 112 269 -2 270 -3 3 -275 2 -274 -110 -111 -110 -110 70 -70 70 -70 140 140 140 140 0 412 0 413 -418 0 -417 0 -138 -138z M495 1310 l-480 -480 415 -415 415 -415 105 105 105 105 413 0 412 0 0 100 0 100 -312 0 -313 0 278 278 277 277 -70 70 -70 70 -413 -413 -412 -412 -275 275 -275 275 413 413 412 412 -68 68 c-37 37 -70 67 -72 67 -3 0 -221 -216 -485 -480z"/></g></svg>
  <svg x='488' y='523'><g transform="translate(0.149086073535,19.7520845965) scale(0.00973319632325,-0.00980982176916)"><path class="sym-fill" fill="white" d="M200 750 l0 -550 550 0 550 0 0 550 0 550 -550 0 -550 0 0 -550z"/><path class="sym-line" fill="black" d="M578 1916 c-27 -46 -48 -86 -48 -88 0 -3 124 -77 276 -164 l277 -159 -542 -3 -541 -2 0 -750 0 -750 750 0 750 0 0 754 0 753 -422 244 c-232 134 -429 245 -438 247 -10 1 -32 -27 -62 -82z m722 -1166 l0 -550 -550 0 -550 0 0 550 0 550 550 0 550 0 0 -550z"/></g></svg>
  <svg x='480' y='543'><g transform="translate(-0.221878406359,10.7500002304) scale(0.0103429235226,-0.00963778430032)"><path class="sym-line" fill="black" d="M430 895 l0 -205 -37 23 c-21 13 -95 61 -165 105 l-128 82 -36 -71 c-19 -40 -32 -75 -27 -79 4 -3 74 -48 156 -99 81 -51 147 -97 147 -101 0 -4 -66 -50 -147 -101 -82 -51 -152 -96 -156 -99 -5 -4 8 -39 27 -79 l36 -71 128 82 c70 44 144 92 165 105 l37 23 0 -205 0 -205 70 0 70 0 0 205 0 205 38 -23 c20 -13 94 -61 164 -105 l128 -82 36 71 c19 40 32 75 27 79 -4 3 -74 48 -155 99 -82 51 -148 97 -148 101 0 4 66 50 148 101 81 51 151 96 155 99 5 4 -8 39 -27 79 l-36 71 -128 -82 c-70 -44 -144 -92 -164 -105 l-38 -23 0 205 0 205 -70 0 -70 0 0 -205z"/></g></svg>
  <svg x='511' y='516'><g transform="translate(-0.0990227783968,12.7676076804) scale(0.00988294432064,-0.00992219549537)"><path class="sym-line" fill="black" d="M295 1160 l110 -110 332 0 333 0 0 -333 0 -332 115 -115 115 -115 0 558 0 557 -557 0 -558 0 110 -110z M340 485 l-315 -315 85 -85 85 -85 317 317 318 318 -82 82 c-46 46 -85 83 -88 83 -3 0 -147 -142 -320 -315z"/></g></svg>
</svg>