<svg version='1.1' xmlns='http://www.w3.org/2000/svg' width='62' height='156' viewBox='479 482 62 156'>
  <text font-size='0'>AS18710S20500S30004S18128S18128S22114S22114S2c101S2c111S2fb00M541x638S18710491x519S30004482x482S20500479x516S18128514x608S18128481x609S22114479x600S22114511x600S2fb00510x560S2c101518x564S2c111486x565</text>
  <svg x='491' y='519'><g transform="translate(0.148162968301,28.8094652733) scale(0.00977935158494,-0.00988311302526)"><path class="sym-fill" fill="white" d="M765 1335 c-230 -51 -404 -228 -452 -460 -65 -317 179 -638 513 -673 l74 -8 0 578 0 578 -37 -1 c-21 0 -65 -7 -98 -14z"/><path class="sym-line" fill="black" d="M798 2278 l-3 -623 -326 318 -327 317 -71 -66 c-39 -36 -71 -71 -71 -78 0 -6 144 -151 320 -320 177 -170 317 -312 313 -316 -4 -4 -23 -12 -42 -19 -151 -50 -322 -203 -405 -360 -68 -130 -81 -188 -81 -361 0 -148 1 -159 31 -243 44 -123 86 -188 184 -288 97 -99 201 -165 325 -206 75 -25 92 -27 255 -27 163 0 180 2 255 27 124 41 228 107 325 206 98 100 140 165 184 288 30 84 31 95 31 243 0 173 -13 231 -81 361 -83 157 -254 310 -405 360 -19 7 -38 15 -42 19 -4 4 136 146 313 316 176 169 320 314 320 320 0 7 -32 42 -71 78 l-71 66 -327 -317 -326 -318 -3 623 -2 622 -100 0 -100 0 -2 -622z m102 -1508 l0 -580 -27 0 c-61 1 -173 32 -252 71 -238 118 -370 394 -306 644 28 110 72 184 159 270 111 110 246 173 374 174 l52 1 0 -580z"/></g></svg>
  <svg x='482' y='482'><g transform="translate(0.149874875465,34.7500790925) scale(0.00988906872676,-0.00988956850125)"><path class="sym-line" fill="black" d="M1528 3484 c-592 -92 -1088 -447 -1348 -963 -125 -249 -180 -485 -180 -771 0 -480 183 -911 529 -1242 350 -336 780 -508 1271 -508 451 0 864 150 1193 434 326 281 517 620 591 1051 21 121 21 409 0 530 -43 252 -114 444 -237 639 -282 453 -741 750 -1284 831 -127 19 -413 18 -535 -1z m607 -173 c583 -126 1038 -523 1224 -1069 59 -173 75 -277 75 -492 0 -165 -3 -211 -22 -300 -107 -494 -416 -893 -866 -1117 -37 -19 -69 -33 -71 -31 -1 2 -18 29 -38 60 -94 149 -268 273 -445 319 -101 26 -279 26 -378 0 -205 -53 -367 -177 -479 -366 -10 -16 -16 -15 -75 15 -473 236 -792 664 -881 1180 -17 97 -17 383 0 480 99 576 495 1050 1043 1250 105 38 177 58 303 81 143 26 467 21 610 -10z m-157 -2796 c80 -25 167 -76 234 -137 50 -45 111 -129 101 -139 -12 -11 -155 -46 -263 -64 -125 -20 -371 -20 -498 1 -92 14 -247 50 -264 60 -23 14 101 152 189 211 136 92 339 119 501 68z"/></g></svg>
  <svg x='479' y='516'><g transform="translate(-0.221878406359,10.7500002304) scale(0.0103429235226,-0.00963778430032)"><path class="sym-line" fill="black" d="M430 895 l0 -205 -37 23 c-21 13 -95 61 -165 105 l-128 82 -36 -71 c-19 -40 -32 -75 -27 -79 4 -3 74 -48 156 -99 81 -51 147 -97 147 -101 0 -4 -66 -50 -147 -101 -82 -51 -152 -96 -156 -99 -5 -4 8 -39 27 -79 l36 -71 128 82 c70 44 144 92 165 105 l37 23 0 -205 0 -205 70 0 70 0 0 205 0 205 38 -23 c20 -13 94 -61 164 -105 l128 -82 36 71 c19 40 32 75 27 79 -4 3 -74 48 -155 99 -82 51 -148 97 -148 101 0 4 66 50 148 101 81 51 151 96 155 99 5 4 -8 39 -27 79 l-36 71 -128 -82 c-70 -44 -144 -92 -164 -105 l-38 -23 0 205 0 205 -70 0 -70 0 0 -205z"/></g></svg>
  <svg x='514' y='608'><g transform="translate(0.149350612928,28.7729848978) scale(0.00991528185362,-0.00989233185571)"><path class="sym-line" fill="black" d="M804 2808 c-26 -51 -217 -425 -425 -830 -209 -406 -379 -744 -379 -752 0 -20 618 -1220 630 -1224 9 -3 481 296 532 338 19 15 10 33 -282 603 l-302 587 296 576 c163 317 296 579 296 584 0 4 -62 47 -137 95 -76 49 -148 95 -160 102 -21 14 -23 12 -69 -79z"/></g></svg>
  <svg x='481' y='609'><g transform="translate(0.149350612928,28.7729848978) scale(0.00991528185362,-0.00989233185571)"><path class="sym-line" fill="black" d="M804 2808 c-26 -51 -217 -425 -425 -830 -209 -406 -379 -744 -379 -752 0 -20 618 -1220 630 -1224 9 -3 481 296 532 338 19 15 10 33 -282 603 l-302 587 296 576 c163 317 296 579 296 584 0 4 -62 47 -137 95 -76 49 -148 95 -160 102 -21 14 -23 12 -69 -79z"/></g></svg>
  <svg x='479' y='600'><g transform="translate(0.150751748454,6.94494141144) scale(0.0098452250773,-0.00970929130205)"><path class="sym-line" fill="black" d="M64 638 c-35 -33 -64 -64 -64 -68 0 -10 589 -550 600 -550 11 0 600 540 600 550 0 11 -127 130 -140 130 -6 0 -110 -90 -231 -200 -121 -110 -224 -200 -229 -200 -5 0 -108 90 -229 200 -121 110 -225 200 -231 200 -7 0 -41 -28 -76 -62z M1464 638 c-35 -33 -64 -64 -64 -68 0 -10 589 -550 600 -550 11 0 600 540 600 550 0 11 -127 130 -140 130 -6 0 -110 -90 -231 -200 -121 -110 -224 -200 -229 -200 -5 0 -108 90 -229 200 -121 110 -225 200 -231 200 -7 0 -41 -28 -76 -62z"/></g></svg>
  <svg x='511' y='600'><g transform="translate(0.150751748454,6.94494141144) scale(0.0098452250773,-0.00970929130205)"><path class="sym-line" fill="black" d="M64 638 c-35 -33 -64 -64 -64 -68 0 -10 589 -550 600 -550 11 0 600 540 600 550 0 11 -127 130 -140 130 -6 0 -110 -90 -231 -200 -121 -110 -224 -200 -229 -200 -5 0 -108 90 -229 200 -121 110 -225 200 -231 200 -7 0 -41 -28 -76 -62z M1464 638 c-35 -33 -64 -64 -64 -68 0 -10 589 -550 600 -550 11 0 600 540 600 550 0 11 -127 130 -140 130 -6 0 -110 -90 -231 -200 -121 -110 -224 -200 -229 -200 -5 0 -108 90 -229 200 -121 110 -225 200 -231 200 -7 0 -41 -28 -76 -62z"/></g></svg>
  <svg x='510' y='560'><g transform="translate(0.169849905175,5.76208528494) scale(0.0097007872376,-0.00950858679199)"><path class="sym-line" fill="black" d="M552 580 c-226 -60 -429 -239 -518 -459 -13 -33 -27 -73 -30 -90 l-6 -31 60 0 61 0 42 83 c54 103 163 217 264 273 205 113 445 113 650 0 101 -56 210 -170 264 -273 l42 -83 61 0 61 0 -7 31 c-22 111 -99 242 -206 349 -99 99 -217 167 -346 200 -105 27 -289 27 -392 0z"/></g></svg>
  <svg x='518' y='564'><g transform="translate(0.151581254123,29.7519795905) scale(0.00980374979387,-0.00986784736349)"><path class="sym-line" fill="black" d="M1245 2650 l-350 -350 303 0 302 0 0 -287 c0 -382 -9 -433 -95 -518 -63 -63 -106 -80 -205 -80 -106 0 -146 19 -246 116 -94 91 -154 119 -254 119 -120 0 -217 -58 -272 -163 -21 -39 -23 -59 -29 -307 -6 -240 -9 -274 -33 -365 -48 -185 -161 -445 -299 -687 -37 -65 -67 -120 -67 -123 0 -3 225 -5 500 -5 275 0 500 2 500 5 0 3 -30 58 -67 123 -138 243 -251 503 -299 687 -21 84 -26 130 -31 291 -3 105 -3 211 1 236 9 62 45 98 97 98 34 0 48 -9 120 -75 145 -133 236 -170 403 -163 72 3 117 11 158 27 124 48 239 163 290 289 22 55 23 67 26 420 l3 362 302 0 302 0 -350 350 c-192 193 -352 350 -355 350 -3 0 -163 -157 -355 -350z"/></g></svg>
  <svg x='486' y='565'><g transform="translate(0.151581254123,29.7519795905) scale(0.00980374979387,-0.00986784736349)"><path class="sym-fill" fill="white" d="M1370 2625 l-225 -225 455 0 455 0 -225 225 c-124 124 -227 225 -230 225 -3 0 -106 -101 -230 -225z"/><path class="sym-line" fill="black" d="M1245 2650 l-350 -350 303 0 302 0 0 -287 c0 -382 -9 -433 -95 -518 -63 -63 -106 -80 -205 -80 -106 0 -146 19 -246 116 -94 91 -154 119 -254 119 -120 0 -217 -58 -272 -163 -21 -39 -23 -59 -29 -307 -6 -240 -9 -274 -33 -365 -48 -185 -161 -445 -299 -687 -37 -65 -67 -120 -67 -123 0 -3 225 -5 500 -5 275 0 500 2 500 5 0 3 -30 58 -67 123 -138 243 -251 503 -299 687 -21 84 -26 130 -31 291 -3 105 -3 211 1 236 9 62 45 98 97 98 34 0 48 -9 120 -75 145 -133 236 -170 403 -163 72 3 117 11 158 27 124 48 239 163 290 289 22 55 23 67 26 420 l3 362 302 0 302 0 -350 350 c-192 193 -352 350 -355 350 -3 0 -163 -157 -355 -350z m591 -25 l229 -224 -465 0 -465 0 229 224 c125 124 232 225 236 225 4 0 111 -101 236 -225z"/></g></svg>
</svg>