<svg version='1.1' xmlns='http://www.w3.org/2000/svg' width='63' height='141' viewBox='470 482 63 141'>
  <text font-size='0'>AS18610S20600S30004S1dc50S1dc58S2d60aS2d612S2fb04M533x623S18610492x516S30004482x482S20600470x514S1dc50506x558S1dc58474x559S2d60a510x595S2d612474x596S2fb04497x617</text>
  <svg x='492' y='516'><g transform="translate(0.0,30.0) scale(0.01,-0.01)"><path class="sym-fill" fill="white" d="M400 750 l0 -550 300 0 300 0 0 550 0 550 -300 0 -300 0 0 -550z"/><path class="sym-line" fill="black" d="M800 2353 l0 -648 -330 330 -330 330 -70 -70 c-38 -38 -70 -74 -70 -80 0 -5 159 -169 352 -362 l353 -353 -253 0 -252 0 0 -750 0 -750 750 0 750 0 0 750 0 750 -302 0 -303 0 353 353 c193 193 352 357 352 362 0 6 -32 42 -70 80 l-70 70 -330 -330 -330 -330 0 648 0 647 -100 0 -100 0 0 -647z m200 -1603 l0 -550 -300 0 -300 0 0 550 0 550 300 0 300 0 0 -550z"/></g></svg>
  <svg x='482' y='482'><g transform="translate(0.149874875465,34.7500790925) scale(0.00988906872676,-0.00988956850125)"><path class="sym-line" fill="black" d="M1528 3484 c-592 -92 -1088 -447 -1348 -963 -125 -249 -180 -485 -180 -771 0 -480 183 -911 529 -1242 350 -336 780 -508 1271 -508 451 0 864 150 1193 434 326 281 517 620 591 1051 21 121 21 409 0 530 -43 252 -114 444 -237 639 -282 453 -741 750 -1284 831 -127 19 -413 18 -535 -1z m607 -173 c583 -126 1038 -523 1224 -1069 59 -173 75 -277 75 -492 0 -165 -3 -211 -22 -300 -107 -494 -416 -893 -866 -1117 -37 -19 -69 -33 -71 -31 -1 2 -18 29 -38 60 -94 149 -268 273 -445 319 -101 26 -279 26 -378 0 -205 -53 -367 -177 -479 -366 -10 -16 -16 -15 -75 15 -473 236 -792 664 -881 1180 -17 97 -17 383 0 480 99 576 495 1050 1043 1250 105 38 177 58 303 81 143 26 467 21 610 -10z m-157 -2796 c80 -25 167 -76 234 -137 50 -45 111 -129 101 -139 -12 -11 -155 -46 -263 -64 -125 -20 -371 -20 -498 1 -92 14 -247 50 -264 60 -23 14 101 152 189 211 136 92 339 119 501 68z"/></g></svg>
  <svg x='470' y='514'><g transform="translate(-0.213271809649,10.7500002304) scale(0.0101476511593,-0.00963778430032)"><path class="sym-line" fill="black" d="M450 895 l0 -205 -172 105 -172 105 -39 -71 c-32 -57 -37 -73 -26 -80 8 -5 83 -50 167 -100 83 -50 152 -95 152 -99 0 -4 -69 -49 -152 -99 -84 -50 -159 -95 -167 -100 -11 -7 -6 -23 26 -80 l39 -71 172 105 172 105 0 -205 0 -205 75 0 75 0 2 204 3 204 155 -95 c85 -52 163 -99 172 -104 14 -7 23 2 52 58 20 37 36 70 36 74 0 4 -74 51 -165 105 -91 54 -165 101 -165 104 0 3 74 50 165 104 91 54 165 101 165 105 0 4 -16 37 -36 74 -29 56 -38 65 -52 58 -9 -5 -87 -52 -172 -104 l-155 -95 -3 204 -2 204 -75 0 -75 0 0 -205z M1600 895 l0 -204 -167 100 c-93 56 -171 103 -174 105 -4 2 -23 -28 -44 -67 -30 -57 -35 -73 -24 -80 8 -5 83 -50 166 -101 84 -51 153 -95 153 -98 0 -3 -69 -47 -153 -98 -83 -51 -158 -96 -166 -101 -11 -7 -6 -23 24 -80 21 -39 40 -69 44 -67 3 2 81 49 174 105 l167 100 0 -204 0 -205 75 0 75 0 0 205 0 204 168 -100 c92 -56 170 -103 173 -105 3 -1 23 29 43 68 31 56 36 72 25 79 -8 5 -83 50 -166 101 -84 51 -153 95 -153 98 0 3 69 47 153 98 83 51 158 96 166 101 11 7 6 23 -25 79 -20 39 -40 69 -43 68 -3 -2 -81 -49 -173 -105 l-168 -100 0 204 0 205 -75 0 -75 0 0 -205z"/></g></svg>
  <svg x='506' y='558'><g transform="translate(0.0,30.0) scale(0.01,-0.01)"><path class="sym-line" fill="black" d="M900 2250 l0 -750 100 0 100 0 0 750 0 750 -100 0 -100 0 0 -750z M900 650 l0 -650 750 0 750 0 0 650 0 650 -750 0 -750 0 0 -650z M0 700 l0 -100 400 0 400 0 0 100 0 100 -400 0 -400 0 0 -100z"/></g></svg>
  <svg x='474' y='559'><g transform="translate(0.0,30.0) scale(0.01,-0.01)"><path class="sym-line" fill="black" d="M1300 2250 l0 -750 100 0 100 0 0 750 0 750 -100 0 -100 0 0 -750z M0 650 l0 -650 750 0 750 0 0 650 0 650 -750 0 -750 0 0 -650z M1600 700 l0 -100 400 0 400 0 0 100 0 100 -400 0 -400 0 0 -100z"/></g></svg>
  <svg x='510' y='595'><g transform="translate(0.199534221055,19.7006261001) scale(0.009800504581,-0.00977609430003)"><path class="sym-line" fill="black" d="M300 1900 l0 -100 688 0 c403 0 716 -5 757 -10 91 -13 168 -51 231 -114 65 -66 101 -140 115 -241 13 -91 6 -273 -12 -325 -29 -83 -101 -156 -189 -191 -28 -11 -151 -14 -612 -17 l-578 -3 0 253 0 253 -352 -353 -353 -352 353 -352 352 -353 0 253 0 252 546 0 c464 0 555 2 607 16 208 54 377 223 431 431 23 87 23 519 0 606 -41 158 -160 310 -300 380 -137 69 -110 67 -938 67 l-746 0 0 -100z"/></g></svg>
  <svg x='474' y='596'><g transform="translate(0.151581254123,19.7006261001) scale(0.00980374979387,-0.00977609430003)"><path class="sym-fill" fill="white" d="M1700 700 l0 -455 227 228 228 227 -228 227 -227 228 0 -455z"/><path class="sym-line" fill="black" d="M435 1981 c-206 -60 -366 -224 -419 -428 -12 -47 -16 -115 -16 -303 0 -272 7 -314 67 -434 48 -96 153 -201 249 -249 133 -67 131 -67 738 -67 l546 0 0 -252 0 -253 352 353 353 352 -353 352 -352 353 0 -253 0 -253 -578 3 c-461 3 -584 6 -612 17 -88 35 -160 108 -189 191 -18 52 -25 234 -12 325 14 101 50 175 115 241 63 63 140 101 231 114 41 5 354 10 758 10 l687 0 0 100 0 100 -752 -1 c-687 0 -758 -2 -813 -18z m1605 -1155 l125 -126 -125 -126 c-69 -69 -173 -171 -232 -226 l-108 -100 0 452 0 452 108 -100 c59 -55 163 -157 232 -226z"/></g></svg>
  <svg x='497' y='617'><g transform="translate(0.178125321737,5.7484375) scale(0.00969593203301,-0.00933333333333)"><path class="sym-line" fill="black" d="M4 569 c22 -111 99 -242 206 -349 151 -151 320 -220 540 -220 220 0 389 69 540 220 107 107 184 238 206 349 l7 31 -61 0 -61 0 -42 -82 c-54 -104 -163 -218 -264 -274 -154 -85 -340 -108 -501 -61 -176 51 -331 177 -413 335 l-42 82 -61 0 -61 0 7 -31z"/></g></svg>
</svg>