<svg version='1.1' xmlns='http://www.w3.org/2000/svg' width='65' height='121' viewBox='469 482 65 121'>
  <text font-size='0'>AS18521S18529S2d200S2d211S18517S20500S33b00S2fb04M534x603S33b00482x482S20500489x522S18517499x510S2d200507x541S2d211473x541S2fb04496x566S18529469x583S18521507x584</text>
  <svg x='482' y='482'><g transform="translate(0.149874875465,34.7500790925) scale(0.00988906872676,-0.00988956850125)"><path class="sym-line" fill="black" d="M1528 3484 c-592 -92 -1088 -447 -1348 -963 -125 -249 -180 -485 -180 -771 0 -480 183 -911 529 -1242 350 -336 780 -508 1271 -508 451 0 864 150 1193 434 326 281 517 620 591 1051 21 121 21 409 0 530 -43 252 -114 444 -237 639 -282 453 -741 750 -1284 831 -127 19 -413 18 -535 -1z m607 -173 c583 -126 1038 -523 1224 -1069 59 -173 75 -277 75 -492 0 -165 -3 -211 -22 -300 -71 -327 -228 -611 -458 -829 -186 -177 -381 -295 -614 -374 -176 -60 -282 -78 -490 -84 -247 -7 -416 19 -628 97 -549 201 -944 674 -1043 1250 -17 97 -17 383 0 480 99 576 495 1050 1043 1250 105 38 177 58 303 81 143 26 467 21 610 -10z M1020 875 l0 -75 780 0 780 0 0 75 0 75 -780 0 -780 0 0 -75z"/></g></svg>
  <svg x='489' y='522'><g transform="translate(-0.221878406359,10.7500002304) scale(0.0103429235226,-0.00963778430032)"><path class="sym-line" fill="black" d="M430 895 l0 -205 -37 23 c-21 13 -95 61 -165 105 l-128 82 -36 -71 c-19 -40 -32 -75 -27 -79 4 -3 74 -48 156 -99 81 -51 147 -97 147 -101 0 -4 -66 -50 -147 -101 -82 -51 -152 -96 -156 -99 -5 -4 8 -39 27 -79 l36 -71 128 82 c70 44 144 92 165 105 l37 23 0 -205 0 -205 70 0 70 0 0 205 0 205 38 -23 c20 -13 94 -61 164 -105 l128 -82 36 71 c19 40 32 75 27 79 -4 3 -74 48 -155 99 -82 51 -148 97 -148 101 0 4 66 50 148 101 81 51 151 96 155 99 5 4 -8 39 -27 79 l-36 71 -128 -82 c-70 -44 -144 -92 -164 -105 l-38 -23 0 205 0 205 -70 0 -70 0 0 -205z"/></g></svg>
  <svg x='499' y='510'><g transform="translate(0.0597200635158,26.8514448056) scale(0.00982683111346,-0.00989586507189)"><path class="sym-fill" fill="white" d="M1105 1258 c-127 -128 -329 -333 -450 -455 l-220 -223 105 -105 104 -104 381 387 c209 213 411 419 449 459 l68 72 -97 100 c-54 56 -101 101 -104 101 -3 0 -110 -105 -236 -232z"/><path class="sym-line" fill="black" d="M146 2560 l-137 -141 175 -180 176 -180 0 -702 0 -701 -37 -38 -36 -37 278 -286 c152 -157 281 -285 285 -285 4 0 242 239 530 531 l522 531 -70 72 c-1110 1132 -1525 1552 -1536 1554 -7 2 -74 -61 -150 -138z m723 -1020 l178 -185 -241 -247 -241 -247 3 492 2 491 61 -59 c33 -33 141 -143 238 -245z m240 -701 c-241 -246 -446 -453 -455 -460 -14 -12 -29 0 -116 89 -55 56 -98 107 -96 113 2 6 204 215 448 464 l445 454 107 -106 107 -107 -440 -447z"/></g></svg>
  <svg x='507' y='541'><g transform="translate(0.150751748454,22.7361405685) scale(0.0098452250773,-0.00982074046458)"><path class="sym-line" fill="black" d="M845 1950 l-350 -350 303 0 302 0 0 -300 0 -300 -550 0 -550 0 0 -50 0 -50 550 0 550 0 0 -288 c0 -321 3 -342 67 -439 48 -73 119 -127 207 -156 77 -26 414 -24 522 3 197 50 369 178 448 335 33 65 56 146 56 203 l0 42 -355 0 -355 0 0 -50 c0 -113 -52 -254 -115 -309 -29 -25 -45 -31 -81 -31 -47 0 -108 25 -135 56 -52 59 -54 73 -57 362 l-4 272 651 0 651 0 0 50 0 50 -650 0 -650 0 0 300 0 300 302 0 303 0 -350 350 c-192 193 -352 350 -355 350 -3 0 -163 -157 -355 -350z"/></g></svg>
  <svg x='473' y='541'><g transform="translate(0.150751748454,22.7361405685) scale(0.0098452250773,-0.00982074046458)"><path class="sym-fill" fill="white" d="M1170 1925 l-225 -225 455 0 455 0 -225 225 c-124 124 -227 225 -230 225 -3 0 -106 -101 -230 -225z"/><path class="sym-line" fill="black" d="M1045 1950 l-350 -350 303 0 302 0 0 -300 0 -300 -650 0 -650 0 0 -50 0 -50 651 0 651 0 -4 -273 c-3 -288 -5 -302 -57 -361 -27 -31 -88 -56 -135 -56 -36 0 -52 6 -81 31 -63 55 -115 196 -115 309 l0 50 -355 0 -355 0 0 -42 c0 -57 23 -138 56 -203 79 -157 251 -285 448 -335 108 -27 445 -29 522 -3 88 29 159 83 207 156 64 97 67 118 67 439 l0 288 550 0 550 0 0 50 0 50 -550 0 -550 0 0 300 0 300 302 0 303 0 -350 350 c-192 193 -352 350 -355 350 -3 0 -163 -157 -355 -350z m591 -25 l229 -224 -465 0 -465 0 229 224 c125 124 232 225 236 225 4 0 111 -101 236 -225z"/></g></svg>
  <svg x='496' y='566'><g transform="translate(0.178125321737,5.7484375) scale(0.00969593203301,-0.00933333333333)"><path class="sym-line" fill="black" d="M4 569 c22 -111 99 -242 206 -349 151 -151 320 -220 540 -220 220 0 389 69 540 220 107 107 184 238 206 349 l7 31 -61 0 -61 0 -42 -82 c-54 -104 -163 -218 -264 -274 -154 -85 -340 -108 -501 -61 -176 51 -331 177 -413 335 l-42 82 -61 0 -61 0 7 -31z"/></g></svg>
  <svg x='469' y='583'><g transform="translate(0.0510196050637,18.826359088) scale(0.0098964210729,-0.00982002042915)"><path class="sym-line" fill="black" d="M542 1379 c-293 -287 -532 -525 -532 -528 0 -6 110 -116 442 -441 l128 -124 38 37 38 37 701 0 701 0 181 -176 181 -176 140 138 c78 76 139 144 138 150 -2 7 -327 331 -723 720 -396 388 -761 747 -811 796 l-91 90 -531 -523z m1263 -768 l39 -41 -265 0 c-146 0 -369 -3 -495 -7 l-229 -6 250 245 250 245 205 -197 c113 -109 223 -217 245 -239z"/></g></svg>
  <svg x='507' y='584'><g transform="translate(0.130328577793,18.8286661909) scale(0.00987789698807,-0.00983591235848)"><path class="sym-line" fill="black" d="M814 1104 c-445 -437 -810 -800 -812 -807 -1 -7 60 -75 138 -151 l140 -138 181 176 181 176 701 0 701 0 38 -37 37 -36 248 241 c136 132 266 259 288 282 l40 41 -440 435 c-242 238 -483 474 -536 523 l-95 90 -810 -795z m1022 -541 c-1 -1 -222 1 -491 4 l-490 6 245 238 244 237 247 -242 c136 -132 246 -242 245 -243z"/></g></svg>
</svg>