<svg version='1.1' xmlns='http://www.w3.org/2000/svg' width='107' height='80' viewBox='449 460 107 80'>
  <text font-size='0'>AS18502S1850aS20500S20500S26526S18502S1850aS20500S20500S36d00M556x540S36d00479x460S18502477x516S1850a449x516S1850a516x516S18502541x516S26526497x521S20500455x501S20500476x501S20500523x502S20500539x502</text>
  <svg x='479' y='460'><g transform="translate(0.0,4.0) scale(0.01,-0.01)"><path class="sym-line" fill="black" d="M0 200 l0 -200 2100 0 2100 0 0 200 0 200 -2100 0 -2100 0 0 -200z"/></g></svg>
  <svg x='477' y='516'><g transform="translate(0.0539201451906,23.5618939658) scale(0.00980399274047,-0.00971328915242)"><path class="sym-fill" fill="white" d="M100 1980 l0 -310 650 0 650 0 0 310 0 310 -650 0 -650 0 0 -310z"/><path class="sym-line" fill="black" d="M0 1200 l0 -1200 200 0 200 0 0 258 1 257 498 520 499 520 51 3 51 3 0 420 0 419 -750 0 -750 0 0 -1200z m1400 785 l0 -315 -650 0 -650 0 0 315 0 315 650 0 650 0 0 -315z m-366 -497 c-90 -94 -615 -640 -626 -652 -4 -6 -8 155 -8 357 l0 367 352 0 352 0 -70 -72z"/></g></svg>
  <svg x='449' y='516'><g transform="translate(0.0565878983172,23.1717367446) scale(0.00967060508414,-0.0095507236436)"><path class="sym-fill" fill="white" d="M100 1980 l0 -310 650 0 650 0 0 310 0 310 -650 0 -650 0 0 -310z"/><path class="sym-line" fill="black" d="M0 1981 l0 -420 51 -3 51 -3 499 -520 498 -520 1 -257 0 -258 200 0 200 0 0 1200 0 1200 -750 0 -750 0 0 -419z m1400 4 l0 -315 -650 0 -650 0 0 315 0 315 650 0 650 0 0 -315z m-300 -792 c0 -202 -4 -363 -8 -357 -11 12 -536 558 -626 652 l-70 72 352 0 352 0 0 -367z"/></g></svg>
  <svg x='516' y='516'><g transform="translate(0.0565878983172,23.1717367446) scale(0.00967060508414,-0.0095507236436)"><path class="sym-fill" fill="white" d="M100 1980 l0 -310 650 0 650 0 0 310 0 310 -650 0 -650 0 0 -310z"/><path class="sym-line" fill="black" d="M0 1981 l0 -420 51 -3 51 -3 499 -520 498 -520 1 -257 0 -258 200 0 200 0 0 1200 0 1200 -750 0 -750 0 0 -419z m1400 4 l0 -315 -650 0 -650 0 0 315 0 315 650 0 650 0 0 -315z m-300 -792 c0 -202 -4 -363 -8 -357 -11 12 -536 558 -626 652 l-70 72 352 0 352 0 0 -367z"/></g></svg>
  <svg x='541' y='516'><g transform="translate(0.0539201451906,23.5618939658) scale(0.00980399274047,-0.00971328915242)"><path class="sym-fill" fill="white" d="M100 1980 l0 -310 650 0 650 0 0 310 0 310 -650 0 -650 0 0 -310z"/><path class="sym-line" fill="black" d="M0 1200 l0 -1200 200 0 200 0 0 258 1 257 498 520 499 520 51 3 51 3 0 420 0 419 -750 0 -750 0 0 -1200z m1400 785 l0 -315 -650 0 -650 0 0 315 0 315 650 0 650 0 0 -315z m-366 -497 c-90 -94 -615 -640 -626 -652 -4 -6 -8 155 -8 357 l0 367 352 0 352 0 -70 -72z"/></g></svg>
  <svg x='497' y='521'><g transform="translate(0.149734255248,13.6974450331) scale(0.0097007872376,-0.00964308576999)"><path class="sym-line" fill="black" d="M800 1260 l0 -144 208 -202 207 -202 -207 -209 -208 -208 0 -150 0 -150 352 353 353 352 -353 352 -352 353 0 -145z M0 700 l0 -100 400 0 400 0 0 100 0 100 -400 0 -400 0 0 -100z"/></g></svg>
  <svg x='455' y='501'><g transform="translate(-0.221878406359,10.7500002304) scale(0.0103429235226,-0.00963778430032)"><path class="sym-line" fill="black" d="M430 895 l0 -205 -37 23 c-21 13 -95 61 -165 105 l-128 82 -36 -71 c-19 -40 -32 -75 -27 -79 4 -3 74 -48 156 -99 81 -51 147 -97 147 -101 0 -4 -66 -50 -147 -101 -82 -51 -152 -96 -156 -99 -5 -4 8 -39 27 -79 l36 -71 128 82 c70 44 144 92 165 105 l37 23 0 -205 0 -205 70 0 70 0 0 205 0 205 38 -23 c20 -13 94 -61 164 -105 l128 -82 36 71 c19 40 32 75 27 79 -4 3 -74 48 -155 99 -82 51 -148 97 -148 101 0 4 66 50 148 101 81 51 151 96 155 99 5 4 -8 39 -27 79 l-36 71 -128 -82 c-70 -44 -144 -92 -164 -105 l-38 -23 0 205 0 205 -70 0 -70 0 0 -205z"/></g></svg>
  <svg x='476' y='501'><g transform="translate(-0.221878406359,10.7500002304) scale(0.0103429235226,-0.00963778430032)"><path class="sym-line" fill="black" d="M430 895 l0 -205 -37 23 c-21 13 -95 61 -165 105 l-128 82 -36 -71 c-19 -40 -32 -75 -27 -79 4 -3 74 -48 156 -99 81 -51 147 -97 147 -101 0 -4 -66 -50 -147 -101 -82 -51 -152 -96 -156 -99 -5 -4 8 -39 27 -79 l36 -71 128 82 c70 44 144 92 165 105 l37 23 0 -205 0 -205 70 0 70 0 0 205 0 205 38 -23 c20 -13 94 -61 164 -105 l128 -82 36 71 c19 40 32 75 27 79 -4 3 -74 48 -155 99 -82 51 -148 97 -148 101 0 4 66 50 148 101 81 51 151 96 155 99 5 4 -8 39 -27 79 l-36 71 -128 -82 c-70 -44 -144 -92 -164 -105 l-38 -23 0 205 0 205 -70 0 -70 0 0 -205z"/></g></svg>
  <svg x='523' y='502'><g transform="translate(-0.221878406359,10.7500002304) scale(0.0103429235226,-0.00963778430032)"><path class="sym-line" fill="black" d="M430 895 l0 -205 -37 23 c-21 13 -95 61 -165 105 l-128 82 -36 -71 c-19 -40 -32 -75 -27 -79 4 -3 74 -48 156 -99 81 -51 147 -97 147 -101 0 -4 -66 -50 -147 -101 -82 -51 -152 -96 -156 -99 -5 -4 8 -39 27 -79 l36 -71 128 82 c70 44 144 92 165 105 l37 23 0 -205 0 -205 70 0 70 0 0 205 0 205 38 -23 c20 -13 94 -61 164 -105 l128 -82 36 71 c19 40 32 75 27 79 -4 3 -74 48 -155 99 -82 51 -148 97 -148 101 0 4 66 50 148 101 81 51 151 96 155 99 5 4 -8 39 -27 79 l-36 71 -128 -82 c-70 -44 -144 -92 -164 -105 l-38 -23 0 205 0 205 -70 0 -70 0 0 -205z"/></g></svg>
  <svg x='539' y='502'><g transform="translate(-0.221878406359,10.7500002304) scale(0.0103429235226,-0.00963778430032)"><path class="sym-line" fill="black" d="M430 895 l0 -205 -37 23 c-21 13 -95 61 -165 105 l-128 82 -36 -71 c-19 -40 -32 -75 -27 -79 4 -3 74 -48 156 -99 81 -51 147 -97 147 -101 0 -4 -66 -50 -147 -101 -82 -51 -152 -96 -156 -99 -5 -4 8 -39 27 -79 l36 -71 128 82 c70 44 144 92 165 105 l37 23 0 -205 0 -205 70 0 70 0 0 205 0 205 38 -23 c20 -13 94 -61 164 -105 l128 -82 36 71 c19 40 32 75 27 79 -4 3 -74 48 -155 99 -82 51 -148 97 -148 101 0 4 66 50 148 101 81 51 151 96 155 99 5 4 -8 39 -27 79 l-36 71 -128 -82 c-70 -44 -144 -92 -164 -105 l-38 -23 0 205 0 205 -70 0 -70 0 0 -205z"/></g></svg>
</svg>