<svg version='1.1' xmlns='http://www.w3.org/2000/svg' width='116' height='80' viewBox='442 460 116 80'>
  <text font-size='0'>AS18551S18559S20500S20500S2d60eS2d616S2fb00S14c57S14c5fM558x540S18551506x508S18559467x508S14c57532x460S14c5f442x462S2d60e504x478S2d616473x478S2fb00491x473S20500504x529S20500488x529</text>
  <svg x='506' y='508'><g transform="translate(0.130328577793,18.8282972157) scale(0.00987789698807,-0.00983989338101)"><path class="sym-line" fill="black" d="M1341 1621 c-157 -152 -282 -281 -280 -287 4 -11 1046 -1038 1057 -1041 4 -1 135 123 292 277 l285 279 -440 436 c-242 239 -483 475 -535 524 l-96 89 -283 -277z M459 755 c-250 -245 -455 -451 -457 -458 -1 -7 60 -75 138 -151 l140 -138 182 176 181 176 564 0 c326 0 563 4 561 9 -1 5 -47 50 -100 100 l-96 92 -358 6 -358 6 178 174 179 174 -143 137 c-78 75 -146 138 -150 140 -4 1 -211 -198 -461 -443z"/></g></svg>
  <svg x='467' y='508'><g transform="translate(0.0510196050637,18.8293427346) scale(0.0098964210729,-0.00983205538664)"><path class="sym-line" fill="black" d="M541 1379 c-292 -287 -531 -525 -531 -529 0 -11 559 -555 570 -555 9 0 1053 1023 1059 1038 4 11 -35 52 -331 338 l-236 229 -531 -521z M1631 1060 l-144 -139 179 -174 178 -174 -358 -6 -358 -6 -96 -92 c-53 -50 -98 -95 -100 -100 -2 -5 235 -9 561 -9 l564 0 181 -176 182 -176 140 138 c78 76 139 144 138 151 -3 14 -907 903 -917 902 -3 0 -71 -63 -150 -139z"/></g></svg>
  <svg x='532' y='460'><g transform="translate(-0.0515626425162,26.8533581039) scale(0.0100018242071,-0.00992571299309)"><path class="sym-line" fill="black" d="M1357 2313 c-54 -208 -100 -388 -103 -400 -6 -23 -5 -23 94 -23 l100 0 16 63 c50 191 168 664 170 676 1 9 -28 21 -84 37 -47 13 -88 24 -91 24 -3 0 -49 -170 -102 -377z M1997 2222 c-152 -160 -277 -293 -277 -296 0 -3 29 -6 65 -6 l64 0 3 -68 3 -68 185 194 c102 106 227 238 278 292 l93 99 -68 72 -68 71 -278 -290z M410 1559 c0 -187 3 -339 8 -337 4 2 46 44 95 94 l87 90 0 247 0 247 -95 0 -95 0 0 -341z M639 1333 c-260 -274 -506 -532 -546 -574 l-73 -75 321 -337 c176 -185 325 -337 330 -337 5 0 254 258 554 573 l545 572 0 338 0 337 -329 0 -329 0 -473 -497z M2220 1614 c-162 -46 -312 -89 -332 -94 l-38 -11 0 -105 c0 -81 3 -105 13 -102 6 3 170 49 362 103 193 54 352 100 354 101 8 6 -44 194 -53 193 -6 -1 -144 -39 -306 -85z M1669 933 c-41 -43 -83 -88 -93 -100 l-19 -23 396 0 397 0 0 100 0 100 -303 0 -302 0 -76 -77z"/></g></svg>
  <svg x='442' y='462'><g transform="translate(-0.0554674755118,26.8844421949) scale(0.0100018126054,-0.00994152334566)"><path class="sym-line" fill="black" d="M1045 2665 c-53 -15 -80 -27 -79 -36 2 -12 120 -484 170 -676 l16 -63 100 0 c99 0 100 0 94 23 -3 12 -49 192 -102 400 -55 214 -102 377 -108 376 -6 0 -47 -11 -91 -24z M256 2439 l-67 -70 93 -99 c51 -54 176 -186 278 -292 l185 -194 3 68 3 68 64 0 c36 0 65 3 65 6 0 5 -550 584 -555 584 -1 0 -33 -32 -69 -71z M2000 1653 l0 -247 88 -90 c48 -50 90 -92 95 -94 4 -2 7 150 7 337 l0 341 -95 0 -95 0 0 -247z M830 1493 l0 -338 543 -569 c298 -313 547 -571 553 -573 7 -2 156 148 333 333 l321 338 -73 75 c-40 42 -286 300 -546 574 l-473 497 -329 0 -329 0 0 -337z M41 1604 c-13 -52 -22 -96 -20 -98 2 -1 162 -47 354 -101 193 -54 356 -100 363 -102 9 -4 12 20 12 100 l0 106 -52 15 c-93 26 -628 176 -631 176 -2 0 -13 -43 -26 -96z M250 910 l0 -100 397 0 396 0 -19 23 c-10 12 -52 57 -93 100 l-76 77 -302 0 -303 0 0 -100z"/></g></svg>
  <svg x='504' y='478'><g transform="translate(0.142855053868,21.7501089829) scale(0.00984331427029,-0.00980083226541)"><path class="sym-line" fill="black" d="M1500 1892 l0 -312 -443 0 c-460 0 -571 -7 -662 -41 -163 -61 -309 -215 -368 -389 -19 -59 -22 -89 -25 -343 -3 -257 -2 -283 18 -354 32 -116 74 -188 165 -279 56 -57 100 -90 145 -113 129 -62 103 -61 923 -61 l747 0 0 210 0 210 -744 0 c-745 0 -812 3 -882 36 -56 27 -120 98 -145 162 -21 51 -23 74 -23 222 0 191 12 245 74 337 65 96 160 157 271 173 35 5 263 10 506 10 l443 0 2 -316 3 -316 345 362 c190 199 345 368 345 376 0 12 -543 591 -659 703 l-36 35 0 -312z"/></g></svg>
  <svg x='473' y='478'><g transform="translate(0.131203053956,21.7501089829) scale(0.00982944116607,-0.00980083226541)"><path class="sym-fill" fill="white" d="M368 1703 l-227 -238 92 -95 c51 -52 154 -159 230 -238 l137 -142 0 475 c0 261 -1 475 -3 475 -1 0 -105 -107 -229 -237z"/><path class="sym-line" fill="black" d="M347 1839 c-191 -200 -346 -369 -345 -376 2 -6 158 -174 348 -373 l345 -362 3 316 2 316 443 0 c243 0 471 -5 506 -10 111 -16 206 -77 271 -173 62 -92 74 -146 74 -337 0 -148 -2 -171 -23 -222 -25 -64 -89 -135 -145 -162 -70 -33 -137 -36 -882 -36 l-744 0 0 -210 0 -210 748 0 c819 0 793 -1 922 61 45 23 89 56 145 113 91 91 133 163 165 279 20 71 21 97 18 354 -3 254 -6 284 -25 343 -59 174 -205 328 -368 389 -91 34 -202 41 -662 41 l-443 0 -2 312 -3 312 -348 -365z m253 -376 l0 -478 -178 185 c-97 102 -201 210 -230 242 l-53 56 227 236 c124 130 228 236 230 236 2 0 4 -215 4 -477z"/></g></svg>
  <svg x='491' y='473'><g transform="translate(0.169849905175,5.76208528494) scale(0.0097007872376,-0.00950858679199)"><path class="sym-line" fill="black" d="M552 580 c-226 -60 -429 -239 -518 -459 -13 -33 -27 -73 -30 -90 l-6 -31 60 0 61 0 42 83 c54 103 163 217 264 273 205 113 445 113 650 0 101 -56 210 -170 264 -273 l42 -83 61 0 61 0 -7 31 c-22 111 -99 242 -206 349 -99 99 -217 167 -346 200 -105 27 -289 27 -392 0z"/></g></svg>
  <svg x='504' y='529'><g transform="translate(-0.221878406359,10.7500002304) scale(0.0103429235226,-0.00963778430032)"><path class="sym-line" fill="black" d="M430 895 l0 -205 -37 23 c-21 13 -95 61 -165 105 l-128 82 -36 -71 c-19 -40 -32 -75 -27 -79 4 -3 74 -48 156 -99 81 -51 147 -97 147 -101 0 -4 -66 -50 -147 -101 -82 -51 -152 -96 -156 -99 -5 -4 8 -39 27 -79 l36 -71 128 82 c70 44 144 92 165 105 l37 23 0 -205 0 -205 70 0 70 0 0 205 0 205 38 -23 c20 -13 94 -61 164 -105 l128 -82 36 71 c19 40 32 75 27 79 -4 3 -74 48 -155 99 -82 51 -148 97 -148 101 0 4 66 50 148 101 81 51 151 96 155 99 5 4 -8 39 -27 79 l-36 71 -128 -82 c-70 -44 -144 -92 -164 -105 l-38 -23 0 205 0 205 -70 0 -70 0 0 -205z"/></g></svg>
  <svg x='488' y='529'><g transform="translate(-0.221878406359,10.7500002304) scale(0.0103429235226,-0.00963778430032)"><path class="sym-line" fill="black" d="M430 895 l0 -205 -37 23 c-21 13 -95 61 -165 105 l-128 82 -36 -71 c-19 -40 -32 -75 -27 -79 4 -3 74 -48 156 -99 81 -51 147 -97 147 -101 0 -4 -66 -50 -147 -101 -82 -51 -152 -96 -156 -99 -5 -4 8 -39 27 -79 l36 -71 128 82 c70 44 144 92 165 105 l37 23 0 -205 0 -205 70 0 70 0 0 205 0 205 38 -23 c20 -13 94 -61 164 -105 l128 -82 36 71 c19 40 32 75 27 79 -4 3 -74 48 -155 99 -82 51 -148 97 -148 101 0 4 66 50 148 101 81 51 151 96 155 99 5 4 -8 39 -27 79 l-36 71 -128 -82 c-70 -44 -144 -92 -164 -105 l-38 -23 0 205 0 205 -70 0 -70 0 0 -205z"/></g></svg>
</svg>