<svg version='1.1' xmlns='http://www.w3.org/2000/svg' width='62' height='122' viewBox='469 439 62 122'>
  <text font-size='0'>AS18250S15a37S20500S28801S15a20S15a56S20500S37800S37806M531x561S15a37474x444S18250484x459S20500500x439S28801511x449S37800516x514S37806469x554S15a20511x488S15a56504x549S20500502x533</text>
  <svg x='474' y='444'><g transform="translate(-0.000223836172357,22.7560476437) scale(0.00989189550009,-0.00991168243272)"><path class="sym-fill" fill="white" d="M1438 1973 l-108 -108 -68 68 -67 67 -103 -103 -102 -102 67 -68 68 -67 -413 -413 -412 -412 275 -275 275 -275 413 413 412 412 68 -67 67 -68 102 102 103 103 -68 68 -67 67 110 110 110 110 0 272 0 273 -278 0 -277 0 -107 -107z"/><path class="sym-line" fill="black" d="M1327 2142 l-137 -137 70 -70 70 -70 113 113 113 112 269 -2 270 -3 3 -275 2 -274 -110 -111 -110 -110 70 -70 70 -70 140 140 140 140 0 412 0 413 -418 0 -417 0 -138 -138z M495 1310 l-480 -480 415 -415 415 -415 482 482 483 483 -70 70 -70 70 -413 -413 -412 -412 -275 275 -275 275 413 413 412 412 -68 68 c-37 37 -70 67 -72 67 -3 0 -221 -216 -485 -480z"/></g></svg>
  <svg x='484' y='459'><g transform="translate(0.0,15.0) scale(0.01,-0.01)"><path class="sym-line" fill="black" d="M0 1300 l0 -200 625 0 625 0 0 200 0 200 -625 0 -625 0 0 -200z M1430 750 l0 -750 385 0 385 0 0 750 0 750 -385 0 -385 0 0 -750z"/></g></svg>
  <svg x='500' y='439'><g transform="translate(-0.221878406359,10.7500002304) scale(0.0103429235226,-0.00963778430032)"><path class="sym-line" fill="black" d="M430 895 l0 -205 -37 23 c-21 13 -95 61 -165 105 l-128 82 -36 -71 c-19 -40 -32 -75 -27 -79 4 -3 74 -48 156 -99 81 -51 147 -97 147 -101 0 -4 -66 -50 -147 -101 -82 -51 -152 -96 -156 -99 -5 -4 8 -39 27 -79 l36 -71 128 82 c70 44 144 92 165 105 l37 23 0 -205 0 -205 70 0 70 0 0 205 0 205 38 -23 c20 -13 94 -61 164 -105 l128 -82 36 71 c19 40 32 75 27 79 -4 3 -74 48 -155 99 -82 51 -148 97 -148 101 0 4 66 50 148 101 81 51 151 96 155 99 5 4 -8 39 -27 79 l-36 71 -128 -82 c-70 -44 -144 -92 -164 -105 l-38 -23 0 205 0 205 -70 0 -70 0 0 -205z"/></g></svg>
  <svg x='511' y='449'><g transform="translate(0.149872906888,19.9605072334) scale(0.00988916715558,-0.0100055853339)"><path class="sym-fill" fill="white" d="M730 1256 l0 -206 158 0 c171 0 223 -9 305 -56 68 -38 136 -110 171 -184 l31 -65 5 -360 5 -360 205 0 205 0 -1 365 c-1 341 -2 370 -23 445 -55 203 -177 374 -344 482 -157 103 -268 132 -529 140 l-188 6 0 -207z"/><path class="sym-line" fill="black" d="M363 1621 c-200 -197 -363 -362 -363 -367 0 -10 724 -724 734 -724 3 0 6 81 6 180 l0 180 153 0 c144 0 156 -1 205 -26 57 -28 96 -69 123 -129 17 -36 19 -72 19 -377 l0 -338 80 0 80 0 0 337 c0 275 -3 347 -16 392 -32 115 -136 227 -251 272 -50 19 -82 23 -230 27 l-173 4 0 205 0 205 198 -5 c127 -3 217 -11 252 -20 305 -83 517 -283 606 -572 l28 -90 4 -377 3 -378 81 0 80 0 -4 378 c-5 369 -6 379 -32 477 -46 173 -119 305 -240 433 -119 125 -268 215 -442 268 -82 25 -107 27 -306 32 l-218 4 0 184 c0 101 -3 184 -7 183 -5 0 -171 -161 -370 -358z"/></g></svg>
  <svg x='516' y='514'><g transform="translate(0.0,32.0) scale(0.01,-0.01)"><path class="sym-line" fill="black" d="M0 1600 l0 -1600 100 0 100 0 0 1600 0 1600 -100 0 -100 0 0 -1600z"/></g></svg>
  <svg x='469' y='554'><g transform="translate(0.0,2.0) scale(0.01,-0.01)"><path class="sym-line" fill="black" d="M0 100 l0 -100 1600 0 1600 0 0 100 0 100 -1600 0 -1600 0 0 -100z"/></g></svg>
  <svg x='511' y='488'><g transform="translate(0.0,27.0) scale(0.01,-0.01)"><path class="sym-line" fill="black" d="M297 2402 l-297 -297 0 -1053 0 -1052 600 0 600 0 0 1053 0 1052 -298 298 c-163 163 -299 297 -302 297 -3 0 -139 -134 -303 -298z"/></g></svg>
  <svg x='504' y='549'><g transform="translate(0.150976194493,11.7516936221) scale(0.00983400277537,-0.00966938010173)"><path class="sym-fill" fill="white" d="M1400 600 l0 -600 150 0 150 0 0 600 0 600 -150 0 -150 0 0 -600z"/><path class="sym-line" fill="black" d="M0 600 l0 -600 700 0 700 0 0 600 0 600 -700 0 -700 0 0 -600z M1700 600 l0 -600 203 0 202 0 300 300 300 300 -300 300 -300 300 -202 0 -203 0 0 -600z"/></g></svg>
  <svg x='502' y='533'><g transform="translate(-0.221878406359,10.7500002304) scale(0.0103429235226,-0.00963778430032)"><path class="sym-line" fill="black" d="M430 895 l0 -205 -37 23 c-21 13 -95 61 -165 105 l-128 82 -36 -71 c-19 -40 -32 -75 -27 -79 4 -3 74 -48 156 -99 81 -51 147 -97 147 -101 0 -4 -66 -50 -147 -101 -82 -51 -152 -96 -156 -99 -5 -4 8 -39 27 -79 l36 -71 128 82 c70 44 144 92 165 105 l37 23 0 -205 0 -205 70 0 70 0 0 205 0 205 38 -23 c20 -13 94 -61 164 -105 l128 -82 36 71 c19 40 32 75 27 79 -4 3 -74 48 -155 99 -82 51 -148 97 -148 101 0 4 66 50 148 101 81 51 151 96 155 99 5 4 -8 39 -27 79 l-36 71 -128 -82 c-70 -44 -144 -92 -164 -105 l-38 -23 0 205 0 205 -70 0 -70 0 0 -205z"/></g></svg>
</svg>