<svg version='1.1' xmlns='http://www.w3.org/2000/svg' width='92' height='125' viewBox='474 482 92 125'>
  <text font-size='0'>AS19a20S15d02S2df00S22a04S20e00S34800S37706S37706M566x607S34800482x482S19a20538x533S15d02488x534S2df00517x516S20e00497x558S22a04496x578S37706474x605S37706508x605</text>
  <svg x='482' y='482'><g transform="translate(0.149874875465,34.7500790925) scale(0.00988906872676,-0.00988956850125)"><path class="sym-line" fill="black" d="M1528 3484 c-592 -92 -1088 -447 -1348 -963 -125 -249 -180 -485 -180 -771 0 -480 183 -911 529 -1242 350 -336 780 -508 1271 -508 451 0 864 150 1193 434 326 281 517 620 591 1051 21 121 21 409 0 530 -43 252 -114 444 -237 639 -282 453 -741 750 -1284 831 -127 19 -413 18 -535 -1z m607 -173 c583 -126 1038 -523 1224 -1069 59 -173 75 -277 75 -492 0 -165 -3 -211 -22 -300 -71 -327 -228 -611 -458 -829 -186 -177 -381 -295 -614 -374 -176 -60 -282 -78 -490 -84 -247 -7 -416 19 -628 97 -549 201 -944 674 -1043 1250 -17 97 -17 383 0 480 99 576 495 1050 1043 1250 105 38 177 58 303 81 143 26 467 21 610 -10z M993 1381 c-105 -36 -188 -110 -237 -211 -29 -60 -31 -73 -31 -170 0 -97 2 -110 31 -170 65 -134 207 -230 342 -230 l43 0 -3 52 c-3 52 -4 53 -38 59 -54 9 -115 44 -149 88 -39 49 -71 139 -71 201 0 62 32 152 71 201 34 44 95 79 149 88 34 6 35 7 38 59 l3 52 -48 -1 c-26 0 -72 -8 -100 -18z M2462 1349 l3 -54 44 -7 c117 -20 211 -148 211 -288 0 -140 -94 -268 -211 -288 l-44 -7 -3 -54 -3 -54 65 5 c118 10 235 83 302 189 75 119 75 299 0 418 -67 106 -184 179 -302 189 l-65 5 3 -54z M1586 1290 c-88 -14 -199 -46 -269 -79 -265 -122 -246 -330 41 -439 149 -57 215 -67 452 -66 201 0 222 2 314 27 229 62 346 152 346 267 0 115 -119 207 -346 266 -87 23 -122 27 -289 30 -104 1 -217 -1 -249 -6z m532 -179 c90 -23 135 -42 170 -74 57 -52 -6 -107 -175 -149 -78 -20 -114 -23 -308 -23 -180 0 -234 3 -300 19 -105 24 -179 58 -200 90 -16 24 -16 28 0 52 27 42 125 77 295 108 14 2 117 3 230 1 169 -2 220 -6 288 -24z"/></g></svg>
  <svg x='538' y='533'><g transform="translate(0.138875399968,19.7571138629) scale(0.00984396215938,-0.00989909330674)"><path class="sym-line" fill="black" d="M2356 1720 l-290 -260 -713 0 -713 0 -2 -391 -3 -392 -220 198 c-121 109 -230 207 -242 217 l-22 20 -75 -67 c-42 -38 -76 -73 -75 -79 0 -6 144 -139 319 -296 l319 -285 1 -192 0 -193 815 0 815 0 0 678 0 677 243 218 c134 119 255 229 268 243 l24 26 -75 69 c-41 37 -77 68 -80 69 -3 0 -135 -117 -294 -260z"/></g></svg>
  <svg x='488' y='534'><g transform="translate(0.130661630485,18.7501235081) scale(0.00985944212031,-0.00979036105688)"><path class="sym-fill" fill="white" d="M482 844 c-107 -112 -192 -208 -190 -213 2 -6 90 -102 197 -215 l194 -206 908 0 909 0 0 420 0 420 -912 -1 -913 0 -193 -205z"/><path class="sym-line" fill="black" d="M1722 1827 l-73 -73 226 -240 226 -239 -754 -3 -753 -2 -295 -311 c-161 -171 -295 -317 -297 -323 -1 -7 130 -152 293 -324 l296 -312 1055 0 1054 0 0 635 0 635 -148 0 -147 0 -298 315 c-164 173 -301 315 -305 315 -4 0 -40 -33 -80 -73z m778 -1192 l0 -425 -912 1 -913 1 -195 207 c-107 114 -195 210 -195 213 0 3 89 101 199 217 l199 211 908 0 909 0 0 -425z"/></g></svg>
  <svg x='517' y='516'><g transform="translate(0.151770660401,20.7485491077) scale(0.00979427947994,-0.00980957695607)"><path class="sym-fill" fill="white" d="M1000 1050 l0 -1050 150 0 150 0 0 1050 0 1050 -150 0 -150 0 0 -1050z"/><path class="sym-line" fill="black" d="M900 1685 l0 -415 -27 -6 c-59 -15 -181 -72 -253 -119 -41 -28 -124 -99 -183 -159 l-108 -110 -165 165 -164 164 0 -403 0 -402 402 0 403 0 -165 165 -165 165 80 81 c98 98 179 160 267 205 37 19 70 34 73 34 3 0 5 -236 5 -525 l0 -525 50 0 50 0 0 1050 0 1050 -50 0 -50 0 0 -415z M1300 1050 l0 -1050 50 0 50 0 0 525 c0 289 2 525 5 525 12 0 133 -64 175 -93 25 -17 120 -105 213 -196 l168 -165 71 71 71 71 -21 29 c-43 60 -331 331 -403 378 -71 47 -193 104 -251 119 l-28 6 0 415 0 415 -50 0 -50 0 0 -1050z"/></g></svg>
  <svg x='497' y='558'><g transform="translate(0.146427179928,11.7544805477) scale(0.00967082850362,-0.00967852689504)"><path class="sym-fill" fill="white" d="M503 985 c-159 -43 -265 -159 -295 -325 -22 -116 23 -252 112 -340 88 -89 224 -134 340 -112 178 33 299 154 332 332 22 115 -23 252 -110 339 -56 56 -107 85 -189 106 -70 18 -121 18 -190 0z m175 -200 c104 -44 151 -167 103 -270 -71 -153 -291 -153 -362 0 -33 72 -19 166 34 224 52 56 151 76 225 46z"/><path class="sym-line" fill="black" d="M435 1181 c-206 -60 -366 -224 -419 -428 -21 -78 -21 -228 0 -306 54 -208 223 -377 431 -431 78 -21 228 -21 306 0 208 54 377 223 431 431 21 78 21 228 0 306 -26 103 -80 195 -158 273 -78 78 -170 132 -273 158 -82 21 -240 20 -318 -3z m276 -197 c134 -40 234 -140 273 -273 62 -211 -60 -432 -273 -495 -210 -62 -433 61 -495 273 -61 207 56 426 264 492 70 23 161 24 231 3z M509 772 c-43 -22 -59 -38 -81 -81 -36 -68 -36 -114 0 -182 22 -43 38 -59 81 -81 68 -36 114 -36 182 0 43 22 59 38 81 81 36 68 36 114 0 182 -22 43 -38 59 -81 81 -68 36 -114 36 -182 0z"/></g></svg>
  <svg x='496' y='578'><g transform="translate(0.043463926586,14.7505211307) scale(0.00985915292844,-0.00973472242044)"><path class="sym-fill" fill="white" d="M510 1100 l0 -400 140 0 140 0 0 400 0 400 -140 0 -140 0 0 -400z"/><path class="sym-line" fill="black" d="M330 1100 l0 -400 -159 -2 -160 -3 315 -347 c174 -192 319 -348 324 -348 5 0 150 156 324 348 l315 347 -160 3 -159 2 0 400 0 400 -90 0 -90 0 0 -400 0 -400 -140 0 -140 0 0 400 0 400 -90 0 -90 0 0 -400z"/></g></svg>
  <svg x='474' y='605'><g transform="translate(0.0,2.0) scale(0.01,-0.01)"><path class="sym-line" fill="black" d="M0 100 l0 -100 1250 0 1250 0 0 100 0 100 -1250 0 -1250 0 0 -100z"/></g></svg>
  <svg x='508' y='605'><g transform="translate(0.0,2.0) scale(0.01,-0.01)"><path class="sym-line" fill="black" d="M0 100 l0 -100 1250 0 1250 0 0 100 0 100 -1250 0 -1250 0 0 -100z"/></g></svg>
</svg>