<svg version='1.1' xmlns='http://www.w3.org/2000/svg' width='66' height='88' viewBox='467 456 66 88'>
  <text font-size='0'>AS19a00S19a08S22a04S22a14S2fb04S18051S15a5aS20500S37716M533x544S15a5a498x532S18051483x511S20500511x517S19a00505x456S19a08467x456S22a04513x481S22a14476x481S2fb04494x490S37716469x535</text>
  <svg x='498' y='532'><g transform="translate(0.150976194493,11.7516936221) scale(0.00983400277537,-0.00966938010173)"><path class="sym-fill" fill="white" d="M1400 600 l0 -600 150 0 150 0 0 600 0 600 -150 0 -150 0 0 -600z"/><path class="sym-line" fill="black" d="M0 600 l0 -600 700 0 700 0 0 600 0 600 -700 0 -700 0 0 -600z M1700 600 l0 -600 203 0 202 0 300 300 300 300 -300 300 -300 300 -202 0 -203 0 0 -600z"/></g></svg>
  <svg x='483' y='511'><g transform="translate(0.113910421892,19.846441438) scale(0.0099144388615,-0.00994331658894)"><path class="sym-line" fill="black" d="M2100 1699 l0 -281 91 -99 c50 -55 95 -99 100 -99 5 0 9 165 9 380 l0 380 -100 0 -100 0 0 -281z M1241 1649 c-144 -154 -261 -284 -261 -288 0 -14 971 -1056 984 -1056 17 0 521 543 521 561 0 11 -959 1055 -976 1062 -4 2 -125 -124 -268 -279z M426 770 c-229 -248 -419 -457 -422 -465 -4 -9 42 -65 127 -155 l132 -141 22 23 c19 20 746 807 812 879 l25 27 -132 141 c-72 77 -135 141 -139 141 -4 0 -195 -203 -425 -450z"/></g></svg>
  <svg x='511' y='517'><g transform="translate(-0.221878406359,10.7500002304) scale(0.0103429235226,-0.00963778430032)"><path class="sym-line" fill="black" d="M430 895 l0 -205 -37 23 c-21 13 -95 61 -165 105 l-128 82 -36 -71 c-19 -40 -32 -75 -27 -79 4 -3 74 -48 156 -99 81 -51 147 -97 147 -101 0 -4 -66 -50 -147 -101 -82 -51 -152 -96 -156 -99 -5 -4 8 -39 27 -79 l36 -71 128 82 c70 44 144 92 165 105 l37 23 0 -205 0 -205 70 0 70 0 0 205 0 205 38 -23 c20 -13 94 -61 164 -105 l128 -82 36 71 c19 40 32 75 27 79 -4 3 -74 48 -155 99 -82 51 -148 97 -148 101 0 4 66 50 148 101 81 51 151 96 155 99 5 4 -8 39 -27 79 l-36 71 -128 -82 c-70 -44 -144 -92 -164 -105 l-38 -23 0 205 0 205 -70 0 -70 0 0 -205z"/></g></svg>
  <svg x='505' y='456'><g transform="translate(0.198444386472,19.7571138629) scale(0.00984396215938,-0.00989909330674)"><path class="sym-fill" fill="white" d="M760 730 l0 -530 590 0 590 0 -2 528 -3 527 -587 3 -588 2 0 -530z"/><path class="sym-line" fill="black" d="M70 1911 l-75 -69 24 -26 c13 -14 134 -124 268 -243 l243 -218 0 -677 0 -678 815 0 815 0 0 193 1 192 319 285 c175 157 319 290 319 296 1 6 -33 41 -75 79 l-75 68 -27 -26 c-15 -13 -124 -111 -242 -217 l-215 -192 -3 391 -2 391 -713 0 -713 0 -289 260 c-160 143 -292 260 -295 260 -3 -1 -39 -32 -80 -69z m1870 -1186 l0 -535 -595 0 -595 0 0 535 0 535 595 0 595 0 0 -535z"/></g></svg>
  <svg x='467' y='456'><g transform="translate(0.138875399968,19.7571138629) scale(0.00984396215938,-0.00989909330674)"><path class="sym-fill" fill="white" d="M867 1253 c-4 -3 -7 -242 -7 -530 l0 -523 590 0 590 0 0 530 0 530 -583 0 c-321 0 -587 -3 -590 -7z"/><path class="sym-line" fill="black" d="M2356 1720 l-290 -260 -713 0 -713 0 -2 -391 -3 -392 -220 198 c-121 109 -230 207 -242 217 l-22 20 -75 -67 c-42 -38 -76 -73 -75 -79 0 -6 144 -139 319 -296 l319 -285 1 -192 0 -193 815 0 815 0 0 678 0 677 243 218 c134 119 255 229 268 243 l24 26 -75 69 c-41 37 -77 68 -80 69 -3 0 -135 -117 -294 -260z m-306 -995 l0 -535 -595 0 -595 0 0 535 0 535 595 0 595 0 0 -535z"/></g></svg>
  <svg x='513' y='481'><g transform="translate(0.043463926586,14.7505211307) scale(0.00985915292844,-0.00973472242044)"><path class="sym-fill" fill="white" d="M510 1100 l0 -400 140 0 140 0 0 400 0 400 -140 0 -140 0 0 -400z"/><path class="sym-line" fill="black" d="M330 1100 l0 -400 -159 -2 -160 -3 315 -347 c174 -192 319 -348 324 -348 5 0 150 156 324 348 l315 347 -160 3 -159 2 0 400 0 400 -90 0 -90 0 0 -400 0 -400 -140 0 -140 0 0 400 0 400 -90 0 -90 0 0 -400z"/></g></svg>
  <svg x='476' y='481'><g transform="translate(0.043463926586,14.7505211307) scale(0.00985915292844,-0.00973472242044)"><path class="sym-fill" fill="white" d="M510 1100 l0 -400 140 0 140 0 0 400 0 400 -140 0 -140 0 0 -400z M277 557 c144 -163 368 -407 373 -407 5 0 229 244 373 407 l39 43 -412 0 -412 0 39 -43z"/><path class="sym-line" fill="black" d="M330 1100 l0 -400 -159 -2 -160 -3 315 -347 c174 -192 319 -348 324 -348 5 0 150 156 324 348 l315 347 -160 3 -159 2 0 400 0 400 -90 0 -90 0 0 -400 0 -400 -140 0 -140 0 0 400 0 400 -90 0 -90 0 0 -400z m714 -522 c-82 -96 -388 -428 -394 -428 -6 0 -312 332 -394 428 l-19 22 413 0 413 0 -19 -22z"/></g></svg>
  <svg x='494' y='490'><g transform="translate(0.178125321737,5.7484375) scale(0.00969593203301,-0.00933333333333)"><path class="sym-line" fill="black" d="M4 569 c22 -111 99 -242 206 -349 151 -151 320 -220 540 -220 220 0 389 69 540 220 107 107 184 238 206 349 l7 31 -61 0 -61 0 -42 -82 c-54 -104 -163 -218 -264 -274 -154 -85 -340 -108 -501 -61 -176 51 -331 177 -413 335 l-42 82 -61 0 -61 0 7 -31z"/></g></svg>
  <svg x='469' y='535'><g transform="translate(0.0,5.0) scale(0.01,-0.01)"><path class="sym-line" fill="black" d="M0 250 l0 -250 1250 0 1250 0 0 250 0 250 -1250 0 -1250 0 0 -250z"/></g></svg>
</svg>