<svg version='1.1' xmlns='http://www.w3.org/2000/svg' width='92' height='112' viewBox='454 444 92 112'>
  <text font-size='0'>AS19200S19208S22a07S22a11S19220S19228S26500S26510S11020S11028S21600S21600M546x556S22a11479x519S19228454x500S19220525x497S19208474x537S19200504x537S26500527x483S26510460x483S11020455x455S11028527x453S22a07510x518S21600536x444S21600459x444</text>
  <svg x='479' y='519'><g transform="translate(-0.0515675887627,13.9964478699) scale(0.0100651361624,-0.00989143597848)"><path class="sym-fill" fill="white" d="M130 953 c0 -185 4 -333 8 -327 5 5 140 154 300 331 161 177 292 325 292 328 0 3 -135 5 -300 5 l-300 0 0 -337z M496 873 l-96 -107 23 -25 c13 -14 133 -147 267 -296 134 -148 246 -271 249 -272 3 -2 50 47 105 107 l98 111 -39 42 c-21 23 -141 156 -267 295 -125 138 -232 252 -236 252 -5 0 -51 -48 -104 -107z"/><path class="sym-line" fill="black" d="M20 875 c0 -289 3 -525 8 -524 4 0 59 58 122 129 63 71 115 128 116 127 26 -36 529 -582 536 -582 6 0 39 32 74 71 l63 70 -269 298 c-149 163 -270 299 -270 303 0 9 194 221 201 220 3 -1 127 -136 274 -299 l269 -297 60 66 c34 36 64 71 68 77 4 7 -100 130 -258 305 -146 160 -264 296 -262 301 2 5 51 62 111 128 59 66 107 123 107 126 0 3 -214 6 -475 6 l-475 0 0 -525z m624 308 c-53 -60 -189 -210 -302 -335 -113 -126 -210 -228 -214 -228 -4 0 -8 151 -8 335 l0 335 311 0 311 0 -98 -107z"/></g></svg>
  <svg x='454' y='500'><g transform="translate(0.13141383069,18.749322358) scale(0.00981776176264,-0.00979417818707)"><path class="sym-line" fill="black" d="M140 1773 c-74 -69 -136 -131 -138 -138 -1 -6 132 -139 298 -296 l300 -284 0 -527 0 -528 750 0 750 0 0 715 0 715 -657 0 -658 0 -245 235 c-135 129 -249 234 -255 234 -5 1 -71 -56 -145 -126z"/></g></svg>
  <svg x='525' y='497'><g transform="translate(0.151301014747,18.749322358) scale(0.00981776176264,-0.00979417818707)"><path class="sym-line" fill="black" d="M1560 1665 l-245 -235 -657 0 -658 0 0 -715 0 -715 750 0 750 0 0 528 0 527 300 284 c166 157 299 290 298 296 -4 16 -270 265 -283 264 -5 0 -120 -105 -255 -234z"/></g></svg>
  <svg x='474' y='537'><g transform="translate(0.151301014747,18.749322358) scale(0.00981776176264,-0.00979417818707)"><path class="sym-fill" fill="white" d="M200 710 l0 -520 550 0 550 0 0 520 0 520 -550 0 -550 0 0 -520z"/><path class="sym-line" fill="black" d="M1560 1665 l-245 -235 -657 0 -658 0 0 -715 0 -715 750 0 750 0 0 528 0 527 300 284 c166 157 299 290 298 296 -4 16 -270 265 -283 264 -5 0 -120 -105 -255 -234z m-260 -950 l0 -525 -550 0 -550 0 0 525 0 525 550 0 550 0 0 -525z"/></g></svg>
  <svg x='504' y='537'><g transform="translate(0.13141383069,18.749322358) scale(0.00981776176264,-0.00979417818707)"><path class="sym-fill" fill="white" d="M800 710 l0 -520 550 0 550 0 0 520 0 520 -550 0 -550 0 0 -520z"/><path class="sym-line" fill="black" d="M140 1773 c-74 -69 -136 -131 -138 -138 -1 -6 132 -139 298 -296 l300 -284 0 -527 0 -528 750 0 750 0 0 715 0 715 -657 0 -658 0 -245 235 c-135 129 -249 234 -255 234 -5 1 -71 -56 -145 -126z m1760 -1058 l0 -525 -550 0 -550 0 0 525 0 525 550 0 550 0 0 -525z"/></g></svg>
  <svg x='527' y='483'><g transform="translate(0.199517282911,14.7505211307) scale(0.00964541675618,-0.00973472242044)"><path class="sym-line" fill="black" d="M345 1150 l-350 -350 303 0 302 0 0 -400 0 -400 100 0 100 0 0 400 0 400 302 0 303 0 -350 350 c-192 193 -352 350 -355 350 -3 0 -163 -157 -355 -350z"/></g></svg>
  <svg x='460' y='483'><g transform="translate(0.199517282911,14.7505211307) scale(0.00964541675618,-0.00973472242044)"><path class="sym-fill" fill="white" d="M470 1125 l-225 -225 455 0 455 0 -225 225 c-124 124 -227 225 -230 225 -3 0 -106 -101 -230 -225z"/><path class="sym-line" fill="black" d="M345 1150 l-350 -350 303 0 302 0 0 -400 0 -400 100 0 100 0 0 400 0 400 302 0 303 0 -350 350 c-192 193 -352 350 -355 350 -3 0 -163 -157 -355 -350z m585 -25 l225 -225 -455 0 -455 0 225 225 c124 124 227 225 230 225 3 0 106 -101 230 -225z"/></g></svg>
  <svg x='455' y='455'><g transform="translate(0.0,27.0) scale(0.01,-0.01)"><path class="sym-line" fill="black" d="M800 2400 l0 -300 100 0 100 0 0 200 0 200 100 0 100 0 0 -500 0 -500 -300 0 -300 0 0 500 0 500 -300 0 -300 0 0 -300 0 -300 100 0 100 0 0 200 0 200 100 0 100 0 0 -1150 0 -1150 750 0 750 0 0 750 0 750 -250 0 -250 0 0 600 0 600 -300 0 -300 0 0 -300z"/></g></svg>
  <svg x='527' y='453'><g transform="translate(0.0,27.0) scale(0.01,-0.01)"><path class="sym-line" fill="black" d="M500 2100 l0 -600 -250 0 -250 0 0 -750 0 -750 750 0 750 0 0 1150 0 1150 100 0 100 0 0 -200 0 -200 100 0 100 0 0 300 0 300 -300 0 -300 0 0 -500 0 -500 -300 0 -300 0 0 500 0 500 100 0 100 0 0 -200 0 -200 100 0 100 0 0 300 0 300 -300 0 -300 0 0 -600z"/></g></svg>
  <svg x='510' y='518'><g transform="translate(-0.0674515882592,14.0731065957) scale(0.00985915292844,-0.0101494544892)"><path class="sym-fill" fill="white" d="M438 684 c-150 -157 -274 -290 -276 -294 -2 -5 43 -56 100 -114 l103 -106 272 288 c149 158 273 290 275 293 2 4 -43 54 -99 112 l-102 106 -273 -285z"/><path class="sym-line" fill="black" d="M346 1348 c10 -13 63 -69 117 -124 91 -94 98 -104 86 -121 -8 -11 -129 -140 -269 -287 -140 -146 -256 -272 -258 -279 -1 -7 28 -42 65 -79 l68 -68 274 288 c150 158 276 288 280 290 4 1 53 -47 109 -107 l101 -109 -274 -288 c-151 -159 -275 -292 -275 -296 0 -12 122 -138 134 -138 6 0 133 128 281 285 l270 286 122 -128 122 -128 1 513 0 512 -487 0 -486 0 19 -22z"/></g></svg>
  <svg x='536' y='444'><g transform="translate(0.149834234299,7.75047623956) scale(0.00950047578505,-0.00951302738823)"><path class="sym-line" fill="black" d="M280 782 c-174 -65 -280 -209 -280 -382 0 -218 182 -400 400 -400 218 0 400 182 400 400 0 173 -114 326 -284 383 -63 22 -177 21 -236 -1z"/></g></svg>
  <svg x='459' y='444'><g transform="translate(0.149834234299,7.75047623956) scale(0.00950047578505,-0.00951302738823)"><path class="sym-line" fill="black" d="M280 782 c-174 -65 -280 -209 -280 -382 0 -218 182 -400 400 -400 218 0 400 182 400 400 0 173 -114 326 -284 383 -63 22 -177 21 -236 -1z"/></g></svg>
</svg>