<svg version='1.1' xmlns='http://www.w3.org/2000/svg' width='92' height='71' viewBox='453 446 92 71'>
  <text font-size='0'>AS19a20S19a28S20500S20500S2c300S2c311S2ff00S2fb05S2fb03M545x517S2ff00482x482S2fb05484x484S2fb03504x485S19a20517x476S19a28453x477S20500508x469S2c300517x446S2c311458x447S20500481x469</text>
  <svg x='482' y='482'><g transform="translate(0.149874875465,34.7500790925) scale(0.00988906872676,-0.00988956850125)"><path class="sym-line" fill="black" d="M1528 3484 c-592 -92 -1088 -447 -1348 -963 -125 -249 -180 -485 -180 -771 0 -480 183 -911 529 -1242 350 -336 780 -508 1271 -508 451 0 864 150 1193 434 326 281 517 620 591 1051 21 121 21 409 0 530 -43 252 -114 444 -237 639 -282 453 -741 750 -1284 831 -127 19 -413 18 -535 -1z m607 -173 c583 -126 1038 -523 1224 -1069 59 -173 75 -277 75 -492 0 -165 -3 -211 -22 -300 -71 -327 -228 -611 -458 -829 -186 -177 -381 -295 -614 -374 -176 -60 -282 -78 -490 -84 -247 -7 -416 19 -628 97 -549 201 -944 674 -1043 1250 -17 97 -17 383 0 480 99 576 495 1050 1043 1250 105 38 177 58 303 81 143 26 467 21 610 -10z"/></g></svg>
  <svg x='484' y='484'><g transform="translate(0.052162597991,11.85902777) scale(0.00978030750568,-0.00975882522503)"><path class="sym-line" fill="black" d="M1031 1156 l-43 -44 28 -78 c33 -96 44 -250 23 -347 -45 -216 -187 -390 -391 -480 -153 -68 -355 -70 -507 -5 l-44 19 -44 -43 c-24 -23 -43 -45 -43 -49 0 -8 113 -63 170 -82 127 -42 327 -48 455 -13 257 71 461 277 537 542 32 111 32 295 0 407 -18 64 -85 217 -95 217 -2 0 -22 -20 -46 -44z"/></g></svg>
  <svg x='504' y='485'><g transform="translate(0.0365599625462,11.8157312516) scale(0.00973615546612,-0.00979931310654)"><path class="sym-line" fill="black" d="M92 1128 c-66 -137 -86 -236 -79 -390 6 -128 23 -202 72 -303 94 -196 273 -344 491 -407 64 -18 103 -23 204 -22 144 0 234 20 352 80 l71 36 -45 45 -45 45 -79 -28 c-96 -33 -250 -44 -347 -23 -216 45 -390 187 -480 391 -68 153 -70 355 -5 507 l19 44 -43 44 c-23 24 -45 43 -49 43 -3 0 -20 -28 -37 -62z"/></g></svg>
  <svg x='517' y='476'><g transform="translate(0.138875399968,19.7571138629) scale(0.00984396215938,-0.00989909330674)"><path class="sym-line" fill="black" d="M2356 1720 l-290 -260 -713 0 -713 0 -2 -391 -3 -392 -220 198 c-121 109 -230 207 -242 217 l-22 20 -75 -67 c-42 -38 -76 -73 -75 -79 0 -6 144 -139 319 -296 l319 -285 1 -192 0 -193 815 0 815 0 0 678 0 677 243 218 c134 119 255 229 268 243 l24 26 -75 69 c-41 37 -77 68 -80 69 -3 0 -135 -117 -294 -260z"/></g></svg>
  <svg x='453' y='477'><g transform="translate(0.198444386472,19.7571138629) scale(0.00984396215938,-0.00989909330674)"><path class="sym-line" fill="black" d="M70 1911 l-75 -69 24 -26 c13 -14 134 -124 268 -243 l243 -218 0 -677 0 -678 815 0 815 0 0 193 1 192 319 285 c175 157 319 290 319 296 1 6 -33 41 -75 79 l-75 68 -27 -26 c-15 -13 -124 -111 -242 -217 l-215 -192 -3 391 -2 391 -713 0 -713 0 -289 260 c-160 143 -292 260 -295 260 -3 -1 -39 -32 -80 -69z"/></g></svg>
  <svg x='508' y='469'><g transform="translate(-0.221878406359,10.7500002304) scale(0.0103429235226,-0.00963778430032)"><path class="sym-line" fill="black" d="M430 895 l0 -205 -37 23 c-21 13 -95 61 -165 105 l-128 82 -36 -71 c-19 -40 -32 -75 -27 -79 4 -3 74 -48 156 -99 81 -51 147 -97 147 -101 0 -4 -66 -50 -147 -101 -82 -51 -152 -96 -156 -99 -5 -4 8 -39 27 -79 l36 -71 128 82 c70 44 144 92 165 105 l37 23 0 -205 0 -205 70 0 70 0 0 205 0 205 38 -23 c20 -13 94 -61 164 -105 l128 -82 36 71 c19 40 32 75 27 79 -4 3 -74 48 -155 99 -82 51 -148 97 -148 101 0 4 66 50 148 101 81 51 151 96 155 99 5 4 -8 39 -27 79 l-36 71 -128 -82 c-70 -44 -144 -92 -164 -105 l-38 -23 0 205 0 205 -70 0 -70 0 0 -205z"/></g></svg>
  <svg x='517' y='446'><g transform="translate(0.198852735413,22.7498041047) scale(0.00982767908634,-0.00983706505647)"><path class="sym-line" fill="black" d="M775 2285 c-92 -34 -160 -86 -208 -158 -50 -76 -67 -137 -67 -239 l0 -88 -252 0 -253 0 278 -277 277 -278 277 278 278 277 -254 0 -254 0 7 79 c3 43 11 94 18 112 28 85 106 160 193 190 22 7 83 13 135 13 79 0 103 -3 142 -22 86 -42 158 -139 189 -253 8 -29 13 -191 16 -481 l5 -438 -651 0 -651 0 0 -50 0 -50 646 0 647 0 -6 -65 c-8 -85 -54 -220 -127 -372 -56 -118 -171 -321 -232 -410 -15 -23 -28 -44 -28 -47 0 -3 225 -6 500 -6 275 0 500 3 500 6 0 3 -13 24 -28 47 -61 89 -176 292 -232 410 -73 152 -119 287 -127 372 l-6 65 547 0 546 0 0 50 0 50 -550 0 -549 0 -3 463 c-3 456 -3 463 -26 519 -51 126 -166 240 -290 289 -49 20 -79 23 -212 26 -117 2 -165 -1 -195 -12z"/></g></svg>
  <svg x='458' y='447'><g transform="translate(0.151132653564,22.7514249835) scale(0.0098261798218,-0.00982565788311)"><path class="sym-fill" fill="white" d="M1898 1548 l152 -153 152 153 153 152 -305 0 -305 0 153 -152z"/><path class="sym-line" fill="black" d="M1448 2281 c-155 -50 -281 -175 -328 -328 -19 -61 -20 -93 -20 -509 l0 -444 -550 0 -550 0 0 -50 0 -50 546 0 547 0 -6 -65 c-8 -85 -54 -220 -127 -372 -56 -118 -171 -321 -232 -410 -15 -23 -28 -44 -28 -47 0 -3 225 -6 500 -6 275 0 500 3 500 6 0 3 -13 24 -28 47 -61 89 -176 292 -232 410 -73 152 -119 287 -127 372 l-6 65 647 0 646 0 0 50 0 50 -651 0 -651 0 5 438 c3 290 8 452 16 481 31 114 103 211 189 253 39 19 63 22 142 22 52 0 113 -6 135 -13 87 -30 165 -105 193 -190 7 -18 15 -69 18 -112 l7 -79 -254 0 -254 0 278 -277 277 -278 277 278 278 277 -253 0 -252 0 0 88 c0 89 -16 159 -49 212 -55 90 -132 152 -225 183 -72 24 -300 23 -378 -2z m754 -733 l-152 -153 -152 153 -153 152 305 0 305 0 -153 -152z"/></g></svg>
  <svg x='481' y='469'><g transform="translate(-0.221878406359,10.7500002304) scale(0.0103429235226,-0.00963778430032)"><path class="sym-line" fill="black" d="M430 895 l0 -205 -37 23 c-21 13 -95 61 -165 105 l-128 82 -36 -71 c-19 -40 -32 -75 -27 -79 4 -3 74 -48 156 -99 81 -51 147 -97 147 -101 0 -4 -66 -50 -147 -101 -82 -51 -152 -96 -156 -99 -5 -4 8 -39 27 -79 l36 -71 128 82 c70 44 144 92 165 105 l37 23 0 -205 0 -205 70 0 70 0 0 205 0 205 38 -23 c20 -13 94 -61 164 -105 l128 -82 36 71 c19 40 32 75 27 79 -4 3 -74 48 -155 99 -82 51 -148 97 -148 101 0 4 66 50 148 101 81 51 151 96 155 99 5 4 -8 39 -27 79 l-36 71 -128 -82 c-70 -44 -144 -92 -164 -105 l-38 -23 0 205 0 205 -70 0 -70 0 0 -205z"/></g></svg>
</svg>