<svg version='1.1' xmlns='http://www.w3.org/2000/svg' width='58' height='144' viewBox='471 428 58 144'>
  <text font-size='0'>AS19032S1903aS26504S26514S26504S26724S1f732S1f73aS2fd05M529x572S1f73a488x552S1f732505x534S19032496x451S1903a485x428S2fd05510x552S26504490x477S26514490x498S26504490x517S26724471x485</text>
  <svg x='488' y='552'><g transform="translate(0.149086073535,19.7485347591) scale(0.00973319632325,-0.00980406968249)"><path class="sym-fill" fill="white" d="M800 1400 l0 -100 -300 0 -300 0 0 -550 0 -550 300 0 300 0 0 -100 0 -100 150 0 150 0 0 100 0 100 100 0 100 0 0 550 0 550 -100 0 -100 0 0 100 0 100 -150 0 -150 0 0 -100z"/><path class="sym-line" fill="black" d="M423 1753 l-423 -246 0 -753 0 -754 400 0 400 0 0 100 0 100 -300 0 -300 0 0 550 0 550 300 0 300 0 0 100 0 100 -191 2 -192 3 277 159 c152 87 276 161 276 164 0 19 -98 171 -110 171 -8 -1 -205 -111 -437 -246z M1100 1400 l0 -100 100 0 100 0 0 -550 0 -550 -100 0 -100 0 0 -100 0 -100 200 0 200 0 0 750 0 750 -200 0 -200 0 0 -100z"/></g></svg>
  <svg x='505' y='534'><g transform="translate(0.149086073535,19.7520845965) scale(0.00973319632325,-0.00980982176916)"><path class="sym-fill" fill="white" d="M400 1400 l0 -100 -100 0 -100 0 0 -550 0 -550 100 0 100 0 0 -100 0 -100 150 0 150 0 0 100 0 100 300 0 300 0 0 550 0 550 -300 0 -300 0 0 100 0 100 -150 0 -150 0 0 -100z"/><path class="sym-line" fill="black" d="M578 1916 c-27 -46 -48 -86 -48 -88 0 -3 124 -77 276 -164 l277 -159 -192 -3 -191 -2 0 -100 0 -100 300 0 300 0 0 -550 0 -550 -300 0 -300 0 0 -100 0 -100 400 0 400 0 0 754 0 753 -422 244 c-232 134 -429 245 -438 247 -10 1 -32 -27 -62 -82z M0 750 l0 -750 200 0 200 0 0 100 0 100 -100 0 -100 0 0 550 0 550 100 0 100 0 0 100 0 100 -200 0 -200 0 0 -750z"/></g></svg>
  <svg x='496' y='451'><g transform="translate(0.0,24.0) scale(0.01,-0.01)"><path class="sym-fill" fill="white" d="M1772 1098 l3 -573 418 -3 417 -2 0 575 0 575 -420 0 -420 0 2 -572z"/><path class="sym-line" fill="black" d="M1792 2388 c-18 -23 -83 -160 -80 -168 2 -5 84 -61 183 -125 l180 -115 194 0 c107 0 192 2 190 4 -11 11 -643 416 -649 416 -4 0 -12 -6 -18 -12z M0 1775 l0 -105 700 0 700 0 0 105 0 105 -700 0 -700 0 0 -105z M1580 1095 l0 -785 610 0 610 0 0 785 0 785 -610 0 -610 0 0 -785z m1030 0 l0 -575 -420 0 -420 0 0 575 0 575 420 0 420 0 0 -575z M683 1460 c-89 -18 -159 -78 -194 -167 -20 -51 -23 -76 -23 -203 -1 -139 0 -147 27 -202 31 -64 88 -115 155 -141 31 -13 75 -17 167 -17 l125 0 0 105 0 105 -87 0 c-169 0 -193 21 -193 164 0 75 3 88 24 113 l24 28 346 3 346 3 0 109 0 110 -337 -1 c-186 -1 -357 -5 -380 -9z M1130 831 c-93 -29 -153 -95 -185 -205 -14 -47 -16 -91 -13 -239 5 -213 13 -243 89 -311 74 -66 113 -76 311 -76 l168 0 0 105 0 105 -142 1 c-165 1 -184 5 -212 42 -37 50 -35 291 4 339 17 21 28 23 134 26 l116 4 0 109 0 109 -122 -1 c-68 0 -134 -4 -148 -8z"/></g></svg>
  <svg x='485' y='428'><g transform="translate(0.150504290662,23.7491142663) scale(0.00985759796689,-0.00984521009779)"><path class="sym-fill" fill="white" d="M190 1095 l0 -575 415 0 415 0 0 575 0 575 -415 0 -415 0 0 -575z"/><path class="sym-line" fill="black" d="M657 2192 l-318 -207 192 -3 192 -2 168 107 c93 60 177 114 186 121 17 12 15 19 -28 100 -25 48 -52 88 -60 89 -8 1 -157 -92 -332 -205z M0 1095 l0 -785 610 0 610 0 0 785 0 785 -610 0 -610 0 0 -785z m1030 0 l0 -575 -423 2 -422 3 -3 573 -2 572 425 0 425 0 0 -575z M1390 1775 l0 -105 705 0 705 0 0 105 0 105 -705 0 -705 0 0 -105z M1390 1361 l0 -111 335 0 c366 0 385 -3 405 -56 15 -38 12 -160 -4 -199 -18 -43 -58 -55 -178 -55 l-88 0 0 -105 0 -105 119 0 c150 0 205 16 271 80 58 56 79 114 87 235 13 209 -42 340 -167 399 -43 20 -62 21 -412 24 l-368 4 0 -111z M1390 731 l0 -111 106 0 c105 0 137 -8 161 -39 16 -21 18 -294 2 -323 -20 -37 -69 -48 -219 -48 l-140 0 0 -105 0 -105 168 0 c195 0 236 10 306 71 24 22 55 61 68 87 22 45 23 57 23 252 0 204 0 205 -28 265 -33 70 -67 109 -122 138 -34 18 -61 22 -182 25 l-143 4 0 -111z"/></g></svg>
  <svg x='510' y='552'><g transform="translate(-0.00418599293655,18.8636676563) scale(0.00988536981407,-0.00989999779145)"><path class="sym-line" fill="black" d="M1712 1847 l-43 -44 21 -47 c33 -77 50 -171 50 -269 -1 -192 -67 -352 -204 -495 -57 -60 -174 -142 -223 -157 -21 -6 -23 -3 -23 32 0 104 -48 280 -101 372 l-31 53 -44 -43 c-49 -48 -51 -59 -28 -115 29 -69 45 -157 45 -252 0 -52 -2 -97 -6 -100 -4 -4 -50 -6 -103 -5 -98 1 -178 16 -264 49 l-48 18 -45 -44 c-25 -24 -45 -47 -45 -51 0 -9 135 -73 195 -92 68 -22 159 -37 218 -37 46 0 48 -1 41 -22 -17 -56 -110 -187 -173 -246 -44 -40 -156 -110 -209 -131 -94 -37 -175 -53 -273 -53 -100 0 -137 7 -251 44 l-68 22 -44 -43 c-25 -25 -43 -48 -40 -53 3 -5 29 -20 57 -35 220 -111 479 -122 709 -29 100 41 170 88 259 176 98 97 165 202 201 316 22 72 24 74 63 85 22 6 73 26 113 45 323 148 519 500 473 848 -7 51 -19 115 -27 142 -21 72 -85 204 -98 204 -7 0 -31 -19 -54 -43z"/></g></svg>
  <svg x='490' y='477'><g transform="translate(0.199517282911,14.7025292494) scale(0.00964541675618,-0.00970272783292)"><path class="sym-line" fill="black" d="M600 1100 l0 -400 -302 0 -303 0 353 -352 352 -353 352 353 353 352 -303 0 -302 0 0 400 0 400 -100 0 -100 0 0 -400z"/></g></svg>
  <svg x='490' y='498'><g transform="translate(0.199517282911,14.7025292494) scale(0.00964541675618,-0.00970272783292)"><path class="sym-fill" fill="white" d="M473 373 l227 -228 227 228 228 227 -455 0 -455 0 228 -227z"/><path class="sym-line" fill="black" d="M600 1100 l0 -400 -302 0 -303 0 353 -352 352 -353 352 353 353 352 -303 0 -302 0 0 400 0 400 -100 0 -100 0 0 -400z m327 -727 l-227 -228 -227 228 -228 227 455 0 455 0 -228 -227z"/></g></svg>
  <svg x='490' y='517'><g transform="translate(0.199517282911,14.7025292494) scale(0.00964541675618,-0.00970272783292)"><path class="sym-line" fill="black" d="M600 1100 l0 -400 -302 0 -303 0 353 -352 352 -353 352 353 353 352 -303 0 -302 0 0 400 0 400 -100 0 -100 0 0 -400z"/></g></svg>
  <svg x='471' y='485'><g transform="translate(0.198426155669,41.6991942039) scale(0.00968892587986,-0.00989303731046)"><path class="sym-line" fill="black" d="M700 2500 l0 -1700 100 0 100 0 0 1700 0 1700 -100 0 -100 0 0 -1700z M398 398 l402 -403 402 403 403 402 -145 0 -144 0 -252 -258 -252 -257 -259 258 -258 257 -150 0 -150 0 403 -402z"/></g></svg>
</svg>