<svg version='1.1' xmlns='http://www.w3.org/2000/svg' width='115' height='116' viewBox='442 442 115 116'>
  <text font-size='0'>AS1bb01S1bb28S20a00S26607S26513S1c001S1c028S2fb01M557x558S1bb28469x496S1bb01492x482S20a00496x514S26607517x471S1c001535x442S1c028442x527S26513461x525S2fb01475x478</text>
  <svg x='469' y='496'><g transform="translate(0.00374502684318,27.7565323722) scale(0.00987975236981,-0.00986003388295)"><path class="sym-line" fill="black" d="M1800 2119 l0 -680 -32 25 c-55 41 -199 105 -273 121 -160 34 -359 13 -496 -53 l-59 -28 0 498 0 498 -100 0 -100 0 0 -580 0 -580 -42 -64 c-24 -36 -45 -65 -48 -65 -3 -1 -111 108 -240 242 -129 133 -240 243 -245 245 -6 1 -41 -29 -80 -68 l-70 -70 91 -93 c49 -50 174 -178 276 -284 l186 -192 -10 -43 c-28 -125 -2 -350 56 -482 88 -199 266 -362 471 -432 103 -35 288 -44 405 -20 114 24 259 100 350 184 172 159 260 362 260 602 0 122 -16 208 -59 315 l-31 77 0 804 0 804 -105 0 -105 0 0 -681z"/></g></svg>
  <svg x='492' y='482'><g transform="translate(0.0500775488843,26.8298158892) scale(0.0099921220181,-0.00992428758122)"><path class="sym-fill" fill="white" d="M1452 1370 c-106 -28 -187 -75 -267 -155 -237 -236 -229 -622 17 -850 228 -212 578 -206 797 13 115 116 172 256 172 422 0 101 -13 160 -51 245 -117 258 -399 395 -668 325z"/><path class="sym-line" fill="black" d="M627 2622 c-37 -37 -67 -71 -67 -76 0 -5 206 -218 459 -475 252 -256 459 -470 460 -476 1 -5 -24 -15 -56 -21 -255 -54 -466 -240 -565 -498 l-22 -60 -343 350 -342 349 -70 -70 c-39 -38 -71 -73 -71 -78 0 -5 180 -191 400 -414 389 -395 399 -407 405 -452 4 -25 11 -61 15 -78 l8 -33 -349 0 -349 0 0 -100 0 -100 390 0 389 0 33 -47 c103 -151 269 -268 447 -314 107 -29 277 -28 386 0 286 75 502 298 571 589 21 88 21 264 0 361 -17 79 -86 233 -130 291 -87 115 -218 217 -346 269 l-74 29 -548 559 c-302 307 -552 559 -556 561 -4 1 -38 -28 -75 -66z m1106 -1247 c214 -56 386 -236 432 -451 43 -202 -16 -397 -164 -544 -122 -121 -238 -170 -407 -172 -434 -3 -715 459 -522 859 45 93 169 218 258 261 36 18 90 38 120 46 72 19 211 20 283 1z"/></g></svg>
  <svg x='496' y='514'><g transform="translate(0.0,15.0) scale(0.01,-0.01)"><path class="sym-line" fill="black" d="M0 750 l0 -750 100 0 100 0 0 750 0 750 -100 0 -100 0 0 -750z M1600 750 l0 -750 100 0 100 0 0 750 0 750 -100 0 -100 0 0 -750z M800 1100 l0 -200 -200 0 -200 0 0 -100 0 -100 200 0 200 0 0 -200 0 -200 100 0 100 0 0 200 0 200 200 0 200 0 0 100 0 100 -200 0 -200 0 0 200 0 200 -100 0 -100 0 0 -200z"/></g></svg>
  <svg x='517' y='471'><g transform="translate(0.131265535269,21.739721583) scale(0.00982597899807,-0.00994459401866)"><path class="sym-line" fill="black" d="M1305 1925 l250 -244 -65 -64 c-36 -35 -384 -379 -775 -763 -390 -384 -711 -701 -713 -704 -1 -3 31 -38 71 -78 l74 -74 778 766 777 766 249 -241 249 -241 0 561 0 561 -572 0 -573 -1 250 -244z"/></g></svg>
  <svg x='535' y='442'><g transform="translate(-0.0476543222676,28.7542647584) scale(0.00997532502502,-0.00994401039167)"><path class="sym-fill" fill="white" d="M1245 1671 c-27 -9 -76 -30 -108 -46 -68 -36 -207 -136 -207 -150 1 -5 216 -228 478 -494 l478 -485 46 60 c128 167 178 329 144 465 -9 35 -24 75 -34 90 -9 15 -126 140 -260 277 -278 287 -299 302 -416 301 -39 0 -93 -8 -121 -18z"/><path class="sym-line" fill="black" d="M395 2810 c-36 -36 -65 -70 -65 -76 0 -5 21 -30 46 -54 25 -25 234 -237 465 -472 l420 -426 -58 -17 c-69 -20 -162 -66 -226 -111 -26 -19 -51 -34 -56 -34 -4 0 -32 26 -61 58 -30 31 -175 180 -324 330 l-269 273 -71 -70 -70 -70 264 -265 264 -266 -317 0 -317 0 0 -100 0 -100 346 0 345 0 -45 -62 c-157 -216 -231 -428 -208 -595 11 -81 53 -179 100 -233 l31 -35 67 66 67 67 -31 61 c-57 115 -52 228 17 376 36 77 133 216 183 262 l24 23 380 -388 c209 -213 396 -405 415 -426 l34 -39 -65 -60 c-130 -120 -300 -237 -400 -277 -72 -29 -155 -31 -203 -5 l-37 20 -36 -37 -37 -36 41 -26 c223 -140 521 -56 826 234 147 140 279 334 327 482 19 57 24 95 24 173 0 174 26 140 -637 817 -314 321 -687 700 -829 844 l-258 260 -66 -66z m1056 -1126 c51 -15 70 -32 312 -272 311 -309 322 -327 321 -482 0 -82 -4 -106 -31 -171 -28 -71 -92 -176 -146 -242 l-23 -27 -479 490 c-264 270 -480 494 -480 498 0 13 139 111 210 149 78 41 172 71 226 72 19 1 60 -6 90 -15z"/></g></svg>
  <svg x='442' y='527'><g transform="translate(-0.1457977413,30.8088520915) scale(0.00994991057545,-0.00989045631983)"><path class="sym-line" fill="black" d="M1120 2426 c0 -634 -1 -675 -17 -679 -10 -3 -43 -11 -73 -17 -55 -12 -195 -75 -237 -106 l-23 -16 0 491 0 491 -90 0 -90 0 -2 -417 -3 -418 -215 253 -215 252 -58 -62 c-31 -35 -62 -70 -67 -79 -7 -13 48 -84 275 -349 l285 -332 0 -501 c0 -411 3 -511 15 -550 53 -174 190 -287 430 -354 94 -26 112 -27 300 -27 183 1 208 3 297 27 180 48 315 135 390 251 38 60 78 167 78 212 0 22 -4 24 -50 24 -48 0 -50 -1 -50 -29 0 -30 -38 -95 -73 -124 -93 -76 -284 -130 -544 -151 l-73 -6 0 666 0 667 93 -6 c275 -17 454 -143 508 -359 l11 -48 89 0 89 0 0 51 c0 128 -53 244 -159 350 -59 59 -95 85 -161 117 -108 53 -232 88 -365 104 l-105 12 0 668 0 668 -95 0 -95 0 0 -674z"/></g></svg>
  <svg x='461' y='525'><g transform="translate(0.149997363587,13.047291644) scale(0.00988294432064,-0.00992219549537)"><path class="sym-fill" fill="white" d="M120 505 l0 -355 357 0 358 0 -355 355 c-195 195 -356 355 -357 355 -2 0 -3 -160 -3 -355z"/><path class="sym-line" fill="black" d="M790 985 l-315 -315 -237 237 -238 238 0 -558 0 -557 557 0 558 0 -235 235 -235 235 315 315 315 315 -85 85 -85 85 -315 -315z m-305 -485 l360 -360 -363 0 -362 0 0 360 c0 198 1 360 3 360 1 0 164 -162 362 -360z"/></g></svg>
  <svg x='475' y='478'><g transform="translate(0.0919447369926,11.7272467828) scale(0.00979617329555,-0.00974613583378)"><path class="sym-line" fill="black" d="M605 1175 c-278 -61 -496 -269 -577 -551 -18 -64 -23 -103 -22 -204 0 -144 20 -234 80 -352 l36 -71 45 45 45 45 -28 79 c-33 96 -44 250 -23 347 45 216 187 390 391 480 153 68 355 70 507 5 l44 -19 44 43 c24 23 43 45 43 49 0 6 -101 57 -155 77 -110 42 -307 54 -430 27z"/></g></svg>
</svg>