<svg version='1.1' xmlns='http://www.w3.org/2000/svg' width='61' height='99' viewBox='470 451 61 99'>
  <text font-size='0'>AS1bb10S1bb18S26500S26510S14c10S14c18S2fb00S2f710S2f710M531x550S14c18470x451S14c10508x451S2fb00493x475S2f710516x487S2f710474x487S26500513x501S26510472x500S1bb10507x522S1bb18472x522</text>
  <svg x='470' y='451'><g transform="translate(0.169377282955,30.7516384396) scale(0.00990025187962,-0.00987200030311)"><path class="sym-fill" fill="white" d="M1090 1056 l0 -856 145 0 145 0 0 708 -1 707 -144 149 -145 149 0 -857z"/><path class="sym-line" fill="black" d="M980 2602 l0 -498 -75 -74 c-61 -61 -77 -72 -85 -60 -5 8 -101 174 -212 369 -111 194 -207 355 -213 357 -11 5 -174 -86 -175 -96 0 -3 103 -185 229 -405 l229 -400 -44 -45 -44 -46 0 -404 0 -405 -223 223 c-122 122 -227 222 -234 222 -6 0 -39 -31 -73 -70 l-62 -70 60 -67 c34 -38 167 -174 296 -303 l236 -235 0 -297 0 -298 495 0 495 0 0 598 0 597 131 130 c72 72 229 232 350 357 l220 227 -67 70 c-36 39 -72 71 -78 71 -6 0 -133 -125 -283 -277 l-272 -278 0 105 -1 104 -44 46 -44 45 229 400 c126 220 228 402 228 405 1 8 -159 100 -172 100 -7 -1 -104 -163 -217 -361 -113 -199 -208 -366 -212 -372 -5 -8 -34 14 -83 63 l-75 74 0 498 0 498 -105 0 -105 0 0 -498z m400 -1689 l0 -713 -150 0 -150 0 0 862 0 863 150 -150 150 -150 0 -712z"/></g></svg>
  <svg x='508' y='451'><g transform="translate(-0.0594657001311,30.7516384396) scale(0.00991707416583,-0.00987200030311)"><path class="sym-fill" fill="white" d="M1063 1761 l-143 -148 0 -706 0 -707 145 0 145 0 0 855 c0 470 -1 855 -2 854 -2 -1 -67 -67 -145 -148z"/><path class="sym-line" fill="black" d="M1110 2603 l-1 -498 -74 -78 -74 -77 -213 375 c-117 206 -217 374 -222 375 -12 0 -176 -93 -176 -100 1 -3 104 -185 230 -405 l229 -400 -45 -45 -44 -46 0 -104 -1 -105 -272 278 c-150 152 -277 277 -284 277 -6 0 -41 -32 -77 -72 l-65 -71 269 -276 c148 -152 305 -312 349 -356 l81 -80 0 -597 0 -598 495 0 495 0 0 297 0 298 295 295 c162 163 295 302 295 309 0 16 -119 141 -134 141 -6 0 -111 -100 -233 -222 l-223 -223 0 406 0 405 -44 43 -43 43 223 392 c123 216 226 399 229 407 6 16 -151 113 -170 105 -6 -2 -102 -163 -213 -357 -111 -195 -207 -361 -212 -369 -8 -12 -24 -1 -85 60 l-75 74 0 498 0 498 -105 0 -105 0 0 -497z m110 -1543 l0 -860 -150 0 -150 0 0 712 0 713 147 147 c81 82 149 148 150 148 2 0 3 -387 3 -860z"/></g></svg>
  <svg x='493' y='475'><g transform="translate(0.169849905175,5.76208528494) scale(0.0097007872376,-0.00950858679199)"><path class="sym-line" fill="black" d="M552 580 c-226 -60 -429 -239 -518 -459 -13 -33 -27 -73 -30 -90 l-6 -31 60 0 61 0 42 83 c54 103 163 217 264 273 205 113 445 113 650 0 101 -56 210 -170 264 -273 l42 -83 61 0 61 0 -7 31 c-22 111 -99 242 -206 349 -99 99 -217 167 -346 200 -105 27 -289 27 -392 0z"/></g></svg>
  <svg x='516' y='487'><g transform="translate(0.0,7.0) scale(0.01,-0.01)"><path class="sym-line" fill="black" d="M0 657 l0 -43 355 -204 355 -205 -355 -3 -355 -2 0 -100 0 -100 600 0 600 0 0 83 0 82 -464 268 -464 267 -136 0 -136 0 0 -43z"/></g></svg>
  <svg x='474' y='487'><g transform="translate(0.0,7.0) scale(0.01,-0.01)"><path class="sym-line" fill="black" d="M0 657 l0 -43 355 -204 355 -205 -355 -3 -355 -2 0 -100 0 -100 600 0 600 0 0 83 0 82 -464 268 -464 267 -136 0 -136 0 0 -43z"/></g></svg>
  <svg x='513' y='501'><g transform="translate(0.199517282911,14.7505211307) scale(0.00964541675618,-0.00973472242044)"><path class="sym-line" fill="black" d="M345 1150 l-350 -350 303 0 302 0 0 -400 0 -400 100 0 100 0 0 400 0 400 302 0 303 0 -350 350 c-192 193 -352 350 -355 350 -3 0 -163 -157 -355 -350z"/></g></svg>
  <svg x='472' y='500'><g transform="translate(0.199517282911,14.7505211307) scale(0.00964541675618,-0.00973472242044)"><path class="sym-fill" fill="white" d="M470 1125 l-225 -225 455 0 455 0 -225 225 c-124 124 -227 225 -230 225 -3 0 -106 -101 -230 -225z"/><path class="sym-line" fill="black" d="M345 1150 l-350 -350 303 0 302 0 0 -400 0 -400 100 0 100 0 0 400 0 400 302 0 303 0 -350 350 c-192 193 -352 350 -355 350 -3 0 -163 -157 -355 -350z m585 -25 l225 -225 -455 0 -455 0 225 225 c124 124 227 225 230 225 3 0 106 -101 230 -225z"/></g></svg>
  <svg x='507' y='522'><g transform="translate(0.00374502684318,27.7565323722) scale(0.00987975236981,-0.00986003388295)"><path class="sym-fill" fill="white" d="M1245 1393 c-114 -15 -233 -78 -325 -172 -118 -120 -170 -248 -170 -421 0 -173 52 -301 170 -421 99 -101 211 -157 348 -174 l52 -7 0 601 0 601 -22 -1 c-13 -1 -36 -4 -53 -6z"/><path class="sym-line" fill="black" d="M1800 2119 l0 -680 -32 25 c-55 41 -199 105 -273 121 -160 34 -359 13 -496 -53 l-59 -28 0 498 0 498 -100 0 -100 0 0 -580 0 -580 -42 -64 c-24 -36 -45 -65 -48 -65 -3 -1 -111 108 -240 242 -129 133 -240 243 -245 245 -6 1 -41 -29 -80 -68 l-70 -70 91 -93 c49 -50 174 -178 276 -284 l186 -192 -10 -43 c-28 -125 -2 -350 56 -482 88 -199 266 -362 471 -432 103 -35 288 -44 405 -20 114 24 259 100 350 184 172 159 260 362 260 602 0 122 -16 208 -59 315 l-31 77 0 804 0 804 -105 0 -105 0 0 -681z m-470 -1319 l0 -600 -37 0 c-64 0 -162 29 -237 68 -184 96 -316 318 -316 532 0 152 69 318 178 428 101 102 245 169 370 171 l42 1 0 -600z"/></g></svg>
  <svg x='472' y='522'><g transform="translate(0.150061202604,27.7565323722) scale(0.00987975236981,-0.00986003388295)"><path class="sym-fill" fill="white" d="M780 800 l0 -602 53 7 c240 30 440 207 501 442 21 78 21 228 0 306 -61 235 -261 412 -501 442 l-53 7 0 -602z"/><path class="sym-line" fill="black" d="M90 1996 l0 -803 -29 -70 c-44 -106 -61 -198 -61 -323 0 -241 84 -439 257 -600 91 -85 237 -162 353 -186 115 -24 301 -15 405 20 106 36 202 94 286 173 167 158 251 358 250 597 -1 61 -5 128 -10 149 l-9 39 181 186 c99 103 224 231 276 284 l96 98 -70 70 c-39 39 -75 69 -80 68 -6 -2 -116 -112 -245 -245 -129 -134 -237 -243 -240 -242 -3 0 -24 29 -47 65 l-43 64 0 580 0 580 -100 0 -100 0 0 -500 0 -499 -32 19 c-18 10 -69 31 -113 46 -105 35 -290 44 -405 20 -78 -17 -222 -80 -277 -122 l-33 -25 0 680 0 681 -105 0 -105 0 0 -804z m802 -607 c223 -47 404 -233 453 -465 58 -275 -84 -559 -336 -673 -69 -31 -149 -51 -204 -51 l-35 0 0 600 0 600 35 0 c18 0 58 -5 87 -11z"/></g></svg>
</svg>