<svg version='1.1' xmlns='http://www.w3.org/2000/svg' width='104' height='82' viewBox='450 459 104 82'>
  <text font-size='0'>AS1c51dS1c515S20500S20500S22a00S22a10S20500S20500S36d00S36d00S38546S38542M554x541S36d00479x459S36d00480x492S1c515450x515S1c51d529x516S20500468x502S20500524x489S20500524x503S20500468x489S22a00535x493S22a10454x492</text>
  <svg x='479' y='459'><g transform="translate(0.0,4.0) scale(0.01,-0.01)"><path class="sym-line" fill="black" d="M0 200 l0 -200 2100 0 2100 0 0 200 0 200 -2100 0 -2100 0 0 -200z"/></g></svg>
  <svg x='480' y='492'><g transform="translate(0.0,4.0) scale(0.01,-0.01)"><path class="sym-line" fill="black" d="M0 200 l0 -200 2100 0 2100 0 0 200 0 200 -2100 0 -2100 0 0 -200z"/></g></svg>
  <svg x='450' y='515'><g transform="translate(0.0703093005248,24.7165669774) scale(0.00993615995694,-0.00990771792102)"><path class="sym-fill" fill="white" d="M440 2134 c-49 -48 -90 -90 -90 -93 0 -6 655 -634 780 -748 l57 -52 92 93 92 93 -408 389 c-224 214 -414 393 -420 397 -8 5 -45 -23 -103 -79z"/><path class="sym-line" fill="black" d="M1861 2019 l-482 -460 -43 38 c-23 21 -210 198 -415 393 -205 195 -378 355 -386 355 -7 0 -129 -110 -270 -244 l-257 -245 166 -159 166 -159 0 -479 0 -479 95 0 95 0 2 387 3 387 655 -623 c360 -343 681 -649 713 -680 l57 -55 65 64 c36 35 65 67 65 71 0 3 -216 212 -481 464 l-480 458 48 49 c26 27 82 81 125 119 l76 69 384 -365 c210 -201 388 -365 393 -365 6 0 39 28 73 63 l62 63 -177 169 c-98 93 -232 220 -298 283 l-119 115 317 -7 317 -7 0 73 c0 40 3 83 6 95 l6 23 -407 2 -408 3 419 399 c230 220 446 425 479 457 l59 59 -34 36 c-19 20 -51 49 -71 64 l-35 29 -483 -460z m-812 -279 l331 -315 -98 -92 c-53 -51 -100 -91 -103 -90 -4 1 -194 181 -423 401 l-417 398 98 93 98 92 91 -86 c50 -47 240 -228 423 -401z"/></g></svg>
  <svg x='529' y='516'><g transform="translate(-0.00041201870093,24.7165669774) scale(0.00992839150563,-0.00990771792102)"><path class="sym-fill" fill="white" d="M1545 1823 l-417 -397 90 -88 c49 -48 94 -88 99 -88 9 0 600 556 788 741 l50 49 -90 90 c-49 49 -93 90 -97 90 -3 0 -194 -179 -423 -397z"/><path class="sym-line" fill="black" d="M85 2415 l-70 -65 103 -97 c56 -54 272 -260 480 -458 l377 -360 -402 -3 -403 -2 0 -96 0 -96 318 7 317 6 -57 -53 c-31 -29 -165 -156 -298 -283 l-241 -230 64 -62 c36 -35 69 -63 74 -63 5 0 182 164 392 365 l383 365 57 -49 c31 -27 87 -81 124 -119 l69 -69 -429 -408 c-235 -224 -453 -432 -483 -461 l-55 -54 67 -67 68 -67 42 41 c24 22 344 328 713 678 l670 638 3 -386 2 -387 95 0 95 0 0 478 -1 477 167 161 167 160 -257 245 c-141 134 -263 244 -270 244 -8 0 -188 -166 -401 -369 -213 -203 -400 -380 -415 -393 l-28 -24 -449 427 c-246 235 -464 442 -483 460 l-35 33 -70 -64z m2073 -375 c-2 -3 -151 -147 -333 -319 -181 -173 -369 -353 -417 -399 l-87 -85 -93 88 c-51 48 -93 93 -93 99 0 7 187 190 415 408 l415 395 97 -91 c54 -50 97 -93 96 -96z"/></g></svg>
  <svg x='468' y='502'><g transform="translate(-0.221878406359,10.7500002304) scale(0.0103429235226,-0.00963778430032)"><path class="sym-line" fill="black" d="M430 895 l0 -205 -37 23 c-21 13 -95 61 -165 105 l-128 82 -36 -71 c-19 -40 -32 -75 -27 -79 4 -3 74 -48 156 -99 81 -51 147 -97 147 -101 0 -4 -66 -50 -147 -101 -82 -51 -152 -96 -156 -99 -5 -4 8 -39 27 -79 l36 -71 128 82 c70 44 144 92 165 105 l37 23 0 -205 0 -205 70 0 70 0 0 205 0 205 38 -23 c20 -13 94 -61 164 -105 l128 -82 36 71 c19 40 32 75 27 79 -4 3 -74 48 -155 99 -82 51 -148 97 -148 101 0 4 66 50 148 101 81 51 151 96 155 99 5 4 -8 39 -27 79 l-36 71 -128 -82 c-70 -44 -144 -92 -164 -105 l-38 -23 0 205 0 205 -70 0 -70 0 0 -205z"/></g></svg>
  <svg x='524' y='489'><g transform="translate(-0.221878406359,10.7500002304) scale(0.0103429235226,-0.00963778430032)"><path class="sym-line" fill="black" d="M430 895 l0 -205 -37 23 c-21 13 -95 61 -165 105 l-128 82 -36 -71 c-19 -40 -32 -75 -27 -79 4 -3 74 -48 156 -99 81 -51 147 -97 147 -101 0 -4 -66 -50 -147 -101 -82 -51 -152 -96 -156 -99 -5 -4 8 -39 27 -79 l36 -71 128 82 c70 44 144 92 165 105 l37 23 0 -205 0 -205 70 0 70 0 0 205 0 205 38 -23 c20 -13 94 -61 164 -105 l128 -82 36 71 c19 40 32 75 27 79 -4 3 -74 48 -155 99 -82 51 -148 97 -148 101 0 4 66 50 148 101 81 51 151 96 155 99 5 4 -8 39 -27 79 l-36 71 -128 -82 c-70 -44 -144 -92 -164 -105 l-38 -23 0 205 0 205 -70 0 -70 0 0 -205z"/></g></svg>
  <svg x='524' y='503'><g transform="translate(-0.221878406359,10.7500002304) scale(0.0103429235226,-0.00963778430032)"><path class="sym-line" fill="black" d="M430 895 l0 -205 -37 23 c-21 13 -95 61 -165 105 l-128 82 -36 -71 c-19 -40 -32 -75 -27 -79 4 -3 74 -48 156 -99 81 -51 147 -97 147 -101 0 -4 -66 -50 -147 -101 -82 -51 -152 -96 -156 -99 -5 -4 8 -39 27 -79 l36 -71 128 82 c70 44 144 92 165 105 l37 23 0 -205 0 -205 70 0 70 0 0 205 0 205 38 -23 c20 -13 94 -61 164 -105 l128 -82 36 71 c19 40 32 75 27 79 -4 3 -74 48 -155 99 -82 51 -148 97 -148 101 0 4 66 50 148 101 81 51 151 96 155 99 5 4 -8 39 -27 79 l-36 71 -128 -82 c-70 -44 -144 -92 -164 -105 l-38 -23 0 205 0 205 -70 0 -70 0 0 -205z"/></g></svg>
  <svg x='468' y='489'><g transform="translate(-0.221878406359,10.7500002304) scale(0.0103429235226,-0.00963778430032)"><path class="sym-line" fill="black" d="M430 895 l0 -205 -37 23 c-21 13 -95 61 -165 105 l-128 82 -36 -71 c-19 -40 -32 -75 -27 -79 4 -3 74 -48 156 -99 81 -51 147 -97 147 -101 0 -4 -66 -50 -147 -101 -82 -51 -152 -96 -156 -99 -5 -4 8 -39 27 -79 l36 -71 128 82 c70 44 144 92 165 105 l37 23 0 -205 0 -205 70 0 70 0 0 205 0 205 38 -23 c20 -13 94 -61 164 -105 l128 -82 36 71 c19 40 32 75 27 79 -4 3 -74 48 -155 99 -82 51 -148 97 -148 101 0 4 66 50 148 101 81 51 151 96 155 99 5 4 -8 39 -27 79 l-36 71 -128 -82 c-70 -44 -144 -92 -164 -105 l-38 -23 0 205 0 205 -70 0 -70 0 0 -205z"/></g></svg>
  <svg x='535' y='493'><g transform="translate(0.043463926586,14.7505211307) scale(0.00985915292844,-0.00973472242044)"><path class="sym-fill" fill="white" d="M510 400 l0 -400 140 0 140 0 0 400 0 400 -140 0 -140 0 0 -400z"/><path class="sym-line" fill="black" d="M326 1153 l-315 -348 160 -3 159 -2 0 -400 0 -400 90 0 90 0 0 400 0 400 140 0 140 0 0 -400 0 -400 90 0 90 0 0 400 0 400 159 2 160 3 -315 348 c-174 191 -319 347 -324 347 -5 0 -150 -156 -324 -347z"/></g></svg>
  <svg x='454' y='492'><g transform="translate(0.043463926586,14.7505211307) scale(0.00985915292844,-0.00973472242044)"><path class="sym-fill" fill="white" d="M443 1128 l-201 -223 204 -3 c112 -1 296 -1 408 0 l204 3 -198 220 c-110 121 -203 221 -208 223 -4 1 -99 -98 -209 -220z M510 400 l0 -400 140 0 140 0 0 400 0 400 -140 0 -140 0 0 -400z"/><path class="sym-line" fill="black" d="M326 1153 l-315 -348 160 -3 159 -2 0 -400 0 -400 90 0 90 0 0 400 0 400 140 0 140 0 0 -400 0 -400 90 0 90 0 0 400 0 400 159 2 160 3 -315 348 c-174 191 -319 347 -324 347 -5 0 -150 -156 -324 -347z m534 -25 l202 -223 -206 -3 c-113 -1 -299 -1 -412 0 l-206 3 202 223 c111 122 205 222 210 222 5 0 99 -100 210 -222z"/></g></svg>
</svg>