<svg version='1.1' xmlns='http://www.w3.org/2000/svg' width='74' height='119' viewBox='470 441 74 119'>
  <text font-size='0'>AS1c501S20500S22a05S36d00S1853dS18535S22f04S22f14S22114S22114S2fb00M544x560S1853d515x523S18535473x523S22114514x514S22114476x513S2fb00500x501S22f04519x546S22f14470x546S36d00479x441S1c501493x451S20500481x474S22a05515x479</text>
  <svg x='515' y='523'><g transform="translate(0.130328577793,18.7645673783) scale(0.00987789698807,-0.00984188510098)"><path class="sym-fill" fill="white" d="M1660 1010 l-455 -450 210 -204 210 -204 45 41 c25 23 232 225 460 449 l415 408 -209 203 c-115 111 -212 203 -215 204 -3 1 -211 -200 -461 -447z"/><path class="sym-line" fill="black" d="M140 1754 c-77 -76 -140 -143 -138 -151 3 -14 906 -903 917 -903 3 1 71 63 150 139 l143 138 -178 176 -179 176 352 1 353 0 105 97 c58 53 105 100 105 105 0 4 -254 8 -565 8 l-564 0 -180 176 -180 175 -141 -137z M1590 1092 c-289 -284 -526 -522 -528 -528 -2 -6 124 -135 280 -287 l282 -276 55 50 c31 27 272 263 536 524 l480 475 -285 280 c-157 154 -287 279 -290 279 -3 0 -241 -232 -530 -517z m749 162 l206 -205 -455 -449 c-250 -247 -460 -450 -465 -450 -6 0 -103 93 -217 208 l-207 207 456 448 c252 246 461 447 467 447 5 0 102 -92 215 -206z"/></g></svg>
  <svg x='473' y='523'><g transform="translate(0.0987394393059,18.7632107616) scale(0.00987505328212,-0.0098557343309)"><path class="sym-fill" fill="white" d="M365 1255 l-209 -205 414 -408 c228 -224 435 -426 460 -449 l45 -41 210 204 210 204 -455 450 c-250 247 -457 449 -460 449 -3 0 -99 -92 -215 -204z"/><path class="sym-line" fill="black" d="M2237 1714 l-178 -174 -564 0 c-311 0 -565 -4 -565 -8 0 -5 47 -52 105 -105 l105 -97 353 0 352 -1 -179 -176 -178 -176 143 -138 c79 -76 147 -138 150 -139 9 0 913 887 918 901 4 12 -159 181 -239 249 l-45 38 -178 -174z M290 1330 l-285 -280 480 -475 c264 -261 505 -497 536 -524 l55 -50 282 276 c156 152 282 281 280 287 -3 11 -1044 1039 -1056 1043 -4 1 -135 -124 -292 -277z m755 -320 l454 -445 -207 -207 c-114 -115 -211 -208 -217 -208 -5 0 -215 203 -465 450 l-455 449 207 206 c114 114 212 205 218 203 6 -2 216 -204 465 -448z"/></g></svg>
  <svg x='514' y='514'><g transform="translate(0.150751748454,6.94494141144) scale(0.0098452250773,-0.00970929130205)"><path class="sym-line" fill="black" d="M64 638 c-35 -33 -64 -64 -64 -68 0 -10 589 -550 600 -550 11 0 600 540 600 550 0 11 -127 130 -140 130 -6 0 -110 -90 -231 -200 -121 -110 -224 -200 -229 -200 -5 0 -108 90 -229 200 -121 110 -225 200 -231 200 -7 0 -41 -28 -76 -62z M1464 638 c-35 -33 -64 -64 -64 -68 0 -10 589 -550 600 -550 11 0 600 540 600 550 0 11 -127 130 -140 130 -6 0 -110 -90 -231 -200 -121 -110 -224 -200 -229 -200 -5 0 -108 90 -229 200 -121 110 -225 200 -231 200 -7 0 -41 -28 -76 -62z"/></g></svg>
  <svg x='476' y='513'><g transform="translate(0.150751748454,6.94494141144) scale(0.0098452250773,-0.00970929130205)"><path class="sym-line" fill="black" d="M64 638 c-35 -33 -64 -64 -64 -68 0 -10 589 -550 600 -550 11 0 600 540 600 550 0 11 -127 130 -140 130 -6 0 -110 -90 -231 -200 -121 -110 -224 -200 -229 -200 -5 0 -108 90 -229 200 -121 110 -225 200 -231 200 -7 0 -41 -28 -76 -62z M1464 638 c-35 -33 -64 -64 -64 -68 0 -10 589 -550 600 -550 11 0 600 540 600 550 0 11 -127 130 -140 130 -6 0 -110 -90 -231 -200 -121 -110 -224 -200 -229 -200 -5 0 -108 90 -229 200 -121 110 -225 200 -231 200 -7 0 -41 -28 -76 -62z"/></g></svg>
  <svg x='500' y='501'><g transform="translate(0.169849905175,5.76208528494) scale(0.0097007872376,-0.00950858679199)"><path class="sym-line" fill="black" d="M552 580 c-226 -60 -429 -239 -518 -459 -13 -33 -27 -73 -30 -90 l-6 -31 60 0 61 0 42 83 c54 103 163 217 264 273 205 113 445 113 650 0 101 -56 210 -170 264 -273 l42 -83 61 0 61 0 -7 31 c-22 111 -99 242 -206 349 -99 99 -217 167 -346 200 -105 27 -289 27 -392 0z"/></g></svg>
  <svg x='519' y='546'><g transform="translate(0.0309481176548,13.7520098667) scale(0.00993924845563,-0.00971683740478)"><path class="sym-fill" fill="white" d="M540 1050 l0 -350 140 0 140 0 0 350 0 350 -140 0 -140 0 0 -350z M1680 1050 l0 -350 140 0 140 0 0 350 0 350 -140 0 -140 0 0 -350z"/><path class="sym-line" fill="black" d="M340 1050 l0 -350 -164 -2 -164 -3 330 -347 c181 -192 333 -348 337 -348 5 0 91 87 192 193 100 105 227 238 281 294 l98 102 281 -295 c155 -162 286 -293 292 -291 6 2 158 158 337 348 l327 344 -163 3 -164 2 0 350 0 350 -100 0 -100 0 0 -350 0 -350 -145 0 -145 0 0 350 0 350 -95 0 -95 0 0 -350 0 -350 -230 0 -230 0 0 350 0 350 -95 0 -95 0 0 -350 0 -350 -145 0 -145 0 0 350 0 350 -100 0 -100 0 0 -350z"/></g></svg>
  <svg x='470' y='546'><g transform="translate(0.0309481176548,13.7520098667) scale(0.00993924845563,-0.00971683740478)"><path class="sym-fill" fill="white" d="M540 1050 l0 -350 140 0 140 0 0 350 0 350 -140 0 -140 0 0 -350z M1680 1050 l0 -350 140 0 140 0 0 350 0 350 -140 0 -140 0 0 -350z M381 459 c74 -77 171 -180 216 -227 l83 -87 82 87 c46 47 143 150 217 227 l133 141 -432 0 -432 0 133 -141z M1498 483 c61 -65 159 -167 217 -228 l105 -110 62 66 c35 37 132 139 217 228 l153 161 -432 0 -432 0 110 -117z"/><path class="sym-line" fill="black" d="M340 1050 l0 -350 -164 -2 -164 -3 330 -347 c181 -192 333 -348 337 -348 5 0 91 87 192 193 100 105 227 238 281 294 l98 102 281 -295 c155 -162 286 -293 292 -291 6 2 158 158 337 348 l327 344 -163 3 -164 2 0 350 0 350 -100 0 -100 0 0 -350 0 -350 -145 0 -145 0 0 350 0 350 -95 0 -95 0 0 -350 0 -350 -230 0 -230 0 0 350 0 350 -95 0 -95 0 0 -350 0 -350 -145 0 -145 0 0 350 0 350 -100 0 -100 0 0 -350z m701 -527 c-39 -43 -136 -145 -216 -228 l-145 -150 -145 150 c-80 83 -177 185 -216 228 l-71 77 432 0 432 0 -71 -77z m1120 -20 c-49 -54 -147 -156 -216 -228 l-125 -130 -165 170 c-91 94 -188 196 -216 228 l-51 57 432 0 432 0 -91 -97z"/></g></svg>
  <svg x='479' y='441'><g transform="translate(0.0,4.0) scale(0.01,-0.01)"><path class="sym-line" fill="black" d="M0 200 l0 -200 2100 0 2100 0 0 200 0 200 -2100 0 -2100 0 0 -200z"/></g></svg>
  <svg x='493' y='451'><g transform="translate(-0.0476521121211,24.9601470184) scale(0.00994703515023,-0.00992468380737)"><path class="sym-fill" fill="white" d="M1316 1257 l-188 -182 417 -398 c229 -218 420 -397 423 -397 4 1 92 83 195 183 l189 182 -415 395 c-228 217 -419 395 -424 397 -4 1 -93 -80 -197 -180z"/><path class="sym-line" fill="black" d="M470 2435 l-65 -65 55 -54 c30 -29 248 -237 483 -461 l429 -408 -59 -59 c-32 -33 -88 -86 -124 -119 l-66 -59 -383 365 c-211 201 -388 365 -395 365 -6 0 -39 -28 -73 -63 l-62 -63 230 -219 c127 -121 261 -248 298 -283 l67 -62 -317 6 -318 7 0 -97 0 -96 405 0 405 0 -480 -457 c-264 -252 -480 -461 -480 -464 0 -4 31 -34 68 -68 l69 -60 482 460 c482 459 482 459 505 442 12 -10 199 -187 415 -393 216 -206 399 -375 407 -375 7 0 129 110 270 244 l257 245 -167 160 -167 161 1 478 0 477 -95 0 -95 0 -2 -386 -3 -387 -710 677 c-390 372 -712 676 -715 676 -3 0 -35 -29 -70 -65z m1468 -1390 c226 -214 410 -395 409 -401 -1 -7 -87 -93 -192 -192 l-190 -181 -75 73 c-41 40 -228 219 -415 397 -187 178 -340 329 -340 336 0 16 367 364 381 360 6 -1 196 -177 422 -392z"/></g></svg>
  <svg x='481' y='474'><g transform="translate(-0.221878406359,10.7500002304) scale(0.0103429235226,-0.00963778430032)"><path class="sym-line" fill="black" d="M430 895 l0 -205 -37 23 c-21 13 -95 61 -165 105 l-128 82 -36 -71 c-19 -40 -32 -75 -27 -79 4 -3 74 -48 156 -99 81 -51 147 -97 147 -101 0 -4 -66 -50 -147 -101 -82 -51 -152 -96 -156 -99 -5 -4 8 -39 27 -79 l36 -71 128 82 c70 44 144 92 165 105 l37 23 0 -205 0 -205 70 0 70 0 0 205 0 205 38 -23 c20 -13 94 -61 164 -105 l128 -82 36 71 c19 40 32 75 27 79 -4 3 -74 48 -155 99 -82 51 -148 97 -148 101 0 4 66 50 148 101 81 51 151 96 155 99 5 4 -8 39 -27 79 l-36 71 -128 -82 c-70 -44 -144 -92 -164 -105 l-38 -23 0 205 0 205 -70 0 -70 0 0 -205z"/></g></svg>
  <svg x='515' y='479'><g transform="translate(-0.13306451868,13.7638618061) scale(0.0100651361624,-0.0098696390724)"><path class="sym-fill" fill="white" d="M260 1124 c-52 -59 -95 -110 -95 -114 0 -11 525 -590 534 -590 5 0 52 48 104 106 l96 107 -37 43 c-81 94 -497 553 -502 553 -3 1 -48 -47 -100 -105z"/><path class="sym-line" fill="black" d="M427 1308 l-66 -73 23 -25 c230 -254 504 -558 510 -568 5 -8 -27 -50 -91 -121 -54 -60 -101 -108 -104 -107 -3 0 -127 135 -275 298 l-269 297 -60 -66 c-33 -36 -63 -71 -67 -78 -4 -7 98 -127 258 -304 146 -160 264 -296 262 -301 -2 -4 -50 -61 -108 -125 -58 -64 -106 -121 -108 -126 -2 -5 189 -9 472 -9 l476 0 0 525 c0 289 -3 525 -7 524 -5 0 -60 -58 -123 -129 -63 -71 -115 -128 -116 -127 -12 18 -529 583 -534 585 -4 2 -37 -30 -73 -70z"/></g></svg>
</svg>