<svg version='1.1' xmlns='http://www.w3.org/2000/svg' width='49' height='139' viewBox='475 431 49 139'>
  <text font-size='0'>AS1ce17S1ce18S20800S2e75eS15a40S15a48S22a04S22a14S2fb04M524x570S2e75e493x431S20800498x456S1ce17495x472S1ce18477x461S15a40511x508S15a48476x508S22a04511x541S22a14475x541S2fb04493x564</text>
  <svg x='493' y='431'><g transform="translate(0.150966065885,15.7492187891) scale(0.00983450920575,-0.0097504883057)"><path class="sym-line" fill="black" d="M1120 1325 l-275 -275 278 -278 277 -277 0 105 0 105 -172 172 -173 173 173 173 173 173 -3 102 -3 102 -275 -275z M651 1089 c-296 -38 -549 -168 -625 -321 -25 -50 -26 -60 -26 -217 0 -140 3 -172 19 -206 72 -157 271 -271 565 -325 101 -18 153 -20 666 -20 513 0 565 2 666 20 294 54 493 168 565 325 27 59 27 351 0 410 -96 208 -425 345 -828 345 l-153 0 0 -100 0 -100 43 0 c23 0 118 -5 210 -10 297 -17 508 -76 602 -167 70 -68 37 -145 -87 -205 -189 -92 -411 -118 -1018 -118 -607 0 -829 26 -1018 118 -271 132 -70 314 403 364 l115 12 0 103 c0 92 -2 103 -17 102 -10 -1 -47 -5 -82 -10z"/></g></svg>
  <svg x='498' y='456'><g transform="translate(0.0,10.0) scale(0.01,-0.01)"><path class="sym-line" fill="black" d="M400 800 l0 -200 -200 0 -200 0 0 -100 0 -100 200 0 200 0 0 -200 0 -200 100 0 100 0 0 200 0 200 200 0 200 0 0 100 0 100 -200 0 -200 0 0 200 0 200 -100 0 -100 0 0 -200z"/></g></svg>
  <svg x='495' y='472'><g transform="translate(0.0624176249514,22.8695901698) scale(0.00993655603278,-0.010004384046)"><path class="sym-fill" fill="white" d="M633 1336 c-148 -36 -306 -163 -371 -298 -89 -182 -78 -407 27 -564 78 -116 19 -154 472 306 l400 405 -43 37 c-120 105 -325 153 -485 114z"/><path class="sym-line" fill="black" d="M1760 1801 l-462 -469 -60 48 c-79 64 -175 113 -273 142 -115 33 -298 32 -405 -1 -145 -45 -243 -104 -342 -208 -143 -150 -210 -322 -209 -538 1 -341 209 -629 529 -732 95 -31 256 -41 358 -24 238 42 448 206 556 437 l30 64 474 0 474 0 0 100 0 100 -455 0 -456 0 3 82 3 82 577 191 c317 104 580 193 583 197 7 7 -41 166 -54 181 -4 4 -267 -79 -585 -184 -318 -104 -579 -189 -581 -187 -1 2 -12 21 -23 44 l-21 41 475 483 474 484 -67 68 c-37 37 -71 68 -74 68 -4 0 -215 -211 -469 -469z m-850 -468 c75 -20 180 -77 220 -118 l33 -34 -399 -405 -399 -406 -37 42 c-80 91 -128 229 -128 366 0 380 351 654 710 555z"/></g></svg>
  <svg x='477' y='461'><g transform="translate(-0.0200835304743,29.7633957185) scale(0.00991858861309,-0.0098716527395)"><path class="sym-fill" fill="white" d="M1430 800 l0 -602 53 7 c243 33 440 207 501 442 21 78 21 228 0 306 -61 235 -258 409 -501 442 l-53 7 0 -602z"/><path class="sym-line" fill="black" d="M1230 2291 l0 -709 -51 -17 c-28 -9 -52 -15 -54 -14 -2 2 -130 260 -284 573 -155 313 -284 572 -286 575 -5 4 -185 -79 -185 -86 0 -1 130 -265 289 -587 l289 -584 -57 -56 c-31 -31 -59 -56 -63 -56 -3 0 -151 150 -329 333 -178 182 -329 333 -334 335 -6 1 -41 -29 -79 -67 l-69 -70 199 -206 c109 -113 266 -275 347 -360 l148 -154 -25 -80 c-100 -317 -19 -638 217 -857 92 -85 161 -127 274 -167 76 -26 106 -31 213 -35 163 -5 243 11 380 79 91 46 117 64 195 143 100 101 156 191 202 321 26 76 28 89 28 255 0 166 -2 179 -28 255 -46 130 -102 220 -202 321 -78 79 -104 97 -195 143 -108 53 -207 81 -292 81 l-48 0 0 700 0 700 -100 0 -100 0 0 -709z m312 -902 c222 -47 404 -234 453 -465 58 -274 -84 -559 -336 -673 -69 -31 -149 -51 -204 -51 l-35 0 0 600 0 600 35 0 c18 0 58 -5 87 -11z"/></g></svg>
  <svg x='511' y='508'><g transform="translate(0.0,27.0) scale(0.01,-0.01)"><path class="sym-fill" fill="white" d="M398 2213 l-198 -198 0 -158 0 -157 -100 0 -100 0 0 -150 0 -150 100 0 100 0 0 -600 0 -600 200 0 200 0 0 600 0 600 300 0 300 0 0 150 0 150 -300 0 -300 0 -2 355 -3 355 -197 -197z"/><path class="sym-line" fill="black" d="M297 2402 l-297 -297 0 -203 0 -202 100 0 100 0 0 163 0 162 200 200 200 200 0 -363 0 -362 300 0 300 0 0 203 0 202 -298 298 c-163 163 -299 297 -302 297 -3 0 -139 -134 -303 -298z M0 700 l0 -700 600 0 600 0 0 700 0 700 -300 0 -300 0 0 -600 0 -600 -200 0 -200 0 0 600 0 600 -100 0 -100 0 0 -700z"/></g></svg>
  <svg x='476' y='508'><g transform="translate(0.0,27.0) scale(0.01,-0.01)"><path class="sym-fill" fill="white" d="M600 2057 l0 -357 -300 0 -300 0 0 -150 0 -150 300 0 300 0 0 -600 0 -600 200 0 200 0 0 600 0 600 100 0 100 0 0 150 0 150 -100 0 -100 0 0 158 0 157 -200 200 -200 200 0 -358z"/><path class="sym-line" fill="black" d="M297 2402 l-297 -297 0 -203 0 -202 300 0 300 0 0 362 0 363 200 -200 200 -200 0 -162 0 -163 100 0 100 0 0 203 0 202 -298 298 c-163 163 -299 297 -302 297 -3 0 -139 -134 -303 -298z M0 700 l0 -700 600 0 600 0 0 700 0 700 -100 0 -100 0 0 -600 0 -600 -200 0 -200 0 0 600 0 600 -300 0 -300 0 0 -700z"/></g></svg>
  <svg x='511' y='541'><g transform="translate(0.043463926586,14.7505211307) scale(0.00985915292844,-0.00973472242044)"><path class="sym-fill" fill="white" d="M510 1100 l0 -400 140 0 140 0 0 400 0 400 -140 0 -140 0 0 -400z"/><path class="sym-line" fill="black" d="M330 1100 l0 -400 -159 -2 -160 -3 315 -347 c174 -192 319 -348 324 -348 5 0 150 156 324 348 l315 347 -160 3 -159 2 0 400 0 400 -90 0 -90 0 0 -400 0 -400 -140 0 -140 0 0 400 0 400 -90 0 -90 0 0 -400z"/></g></svg>
  <svg x='475' y='541'><g transform="translate(0.043463926586,14.7505211307) scale(0.00985915292844,-0.00973472242044)"><path class="sym-fill" fill="white" d="M510 1100 l0 -400 140 0 140 0 0 400 0 400 -140 0 -140 0 0 -400z M277 557 c144 -163 368 -407 373 -407 5 0 229 244 373 407 l39 43 -412 0 -412 0 39 -43z"/><path class="sym-line" fill="black" d="M330 1100 l0 -400 -159 -2 -160 -3 315 -347 c174 -192 319 -348 324 -348 5 0 150 156 324 348 l315 347 -160 3 -159 2 0 400 0 400 -90 0 -90 0 0 -400 0 -400 -140 0 -140 0 0 400 0 400 -90 0 -90 0 0 -400z m714 -522 c-82 -96 -388 -428 -394 -428 -6 0 -312 332 -394 428 l-19 22 413 0 413 0 -19 -22z"/></g></svg>
  <svg x='493' y='564'><g transform="translate(0.178125321737,5.7484375) scale(0.00969593203301,-0.00933333333333)"><path class="sym-line" fill="black" d="M4 569 c22 -111 99 -242 206 -349 151 -151 320 -220 540 -220 220 0 389 69 540 220 107 107 184 238 206 349 l7 31 -61 0 -61 0 -42 -82 c-54 -104 -163 -218 -264 -274 -154 -85 -340 -108 -501 -61 -176 51 -331 177 -413 335 l-42 82 -61 0 -61 0 7 -31z"/></g></svg>
</svg>