<svg version='1.1' xmlns='http://www.w3.org/2000/svg' width='94' height='102' viewBox='453 449 94 102'>
  <text font-size='0'>AS1c54cS1c514S28800S28818S20500S20500S20500S20500S36d00S36d00M547x551S36d00479x449S36d00478x481S20500517x478S20500472x478S20500453x512S20500537x512S28800526x490S28818461x492S1c514458x523S1c54c511x522</text>
  <svg x='479' y='449'><g transform="translate(0.0,4.0) scale(0.01,-0.01)"><path class="sym-line" fill="black" d="M0 200 l0 -200 2100 0 2100 0 0 200 0 200 -2100 0 -2100 0 0 -200z"/></g></svg>
  <svg x='478' y='481'><g transform="translate(0.0,4.0) scale(0.01,-0.01)"><path class="sym-line" fill="black" d="M0 200 l0 -200 2100 0 2100 0 0 200 0 200 -2100 0 -2100 0 0 -200z"/></g></svg>
  <svg x='517' y='478'><g transform="translate(-0.221878406359,10.7500002304) scale(0.0103429235226,-0.00963778430032)"><path class="sym-line" fill="black" d="M430 895 l0 -205 -37 23 c-21 13 -95 61 -165 105 l-128 82 -36 -71 c-19 -40 -32 -75 -27 -79 4 -3 74 -48 156 -99 81 -51 147 -97 147 -101 0 -4 -66 -50 -147 -101 -82 -51 -152 -96 -156 -99 -5 -4 8 -39 27 -79 l36 -71 128 82 c70 44 144 92 165 105 l37 23 0 -205 0 -205 70 0 70 0 0 205 0 205 38 -23 c20 -13 94 -61 164 -105 l128 -82 36 71 c19 40 32 75 27 79 -4 3 -74 48 -155 99 -82 51 -148 97 -148 101 0 4 66 50 148 101 81 51 151 96 155 99 5 4 -8 39 -27 79 l-36 71 -128 -82 c-70 -44 -144 -92 -164 -105 l-38 -23 0 205 0 205 -70 0 -70 0 0 -205z"/></g></svg>
  <svg x='472' y='478'><g transform="translate(-0.221878406359,10.7500002304) scale(0.0103429235226,-0.00963778430032)"><path class="sym-line" fill="black" d="M430 895 l0 -205 -37 23 c-21 13 -95 61 -165 105 l-128 82 -36 -71 c-19 -40 -32 -75 -27 -79 4 -3 74 -48 156 -99 81 -51 147 -97 147 -101 0 -4 -66 -50 -147 -101 -82 -51 -152 -96 -156 -99 -5 -4 8 -39 27 -79 l36 -71 128 82 c70 44 144 92 165 105 l37 23 0 -205 0 -205 70 0 70 0 0 205 0 205 38 -23 c20 -13 94 -61 164 -105 l128 -82 36 71 c19 40 32 75 27 79 -4 3 -74 48 -155 99 -82 51 -148 97 -148 101 0 4 66 50 148 101 81 51 151 96 155 99 5 4 -8 39 -27 79 l-36 71 -128 -82 c-70 -44 -144 -92 -164 -105 l-38 -23 0 205 0 205 -70 0 -70 0 0 -205z"/></g></svg>
  <svg x='453' y='512'><g transform="translate(-0.221878406359,10.7500002304) scale(0.0103429235226,-0.00963778430032)"><path class="sym-line" fill="black" d="M430 895 l0 -205 -37 23 c-21 13 -95 61 -165 105 l-128 82 -36 -71 c-19 -40 -32 -75 -27 -79 4 -3 74 -48 156 -99 81 -51 147 -97 147 -101 0 -4 -66 -50 -147 -101 -82 -51 -152 -96 -156 -99 -5 -4 8 -39 27 -79 l36 -71 128 82 c70 44 144 92 165 105 l37 23 0 -205 0 -205 70 0 70 0 0 205 0 205 38 -23 c20 -13 94 -61 164 -105 l128 -82 36 71 c19 40 32 75 27 79 -4 3 -74 48 -155 99 -82 51 -148 97 -148 101 0 4 66 50 148 101 81 51 151 96 155 99 5 4 -8 39 -27 79 l-36 71 -128 -82 c-70 -44 -144 -92 -164 -105 l-38 -23 0 205 0 205 -70 0 -70 0 0 -205z"/></g></svg>
  <svg x='537' y='512'><g transform="translate(-0.221878406359,10.7500002304) scale(0.0103429235226,-0.00963778430032)"><path class="sym-line" fill="black" d="M430 895 l0 -205 -37 23 c-21 13 -95 61 -165 105 l-128 82 -36 -71 c-19 -40 -32 -75 -27 -79 4 -3 74 -48 156 -99 81 -51 147 -97 147 -101 0 -4 -66 -50 -147 -101 -82 -51 -152 -96 -156 -99 -5 -4 8 -39 27 -79 l36 -71 128 82 c70 44 144 92 165 105 l37 23 0 -205 0 -205 70 0 70 0 0 205 0 205 38 -23 c20 -13 94 -61 164 -105 l128 -82 36 71 c19 40 32 75 27 79 -4 3 -74 48 -155 99 -82 51 -148 97 -148 101 0 4 66 50 148 101 81 51 151 96 155 99 5 4 -8 39 -27 79 l-36 71 -128 -82 c-70 -44 -144 -92 -164 -105 l-38 -23 0 205 0 205 -70 0 -70 0 0 -205z"/></g></svg>
  <svg x='526' y='490'><g transform="translate(0.1497744584,21.751847129) scale(0.00969877707999,-0.00981973164957)"><path class="sym-fill" fill="white" d="M502 1697 l-142 -142 108 -108 c121 -121 157 -179 174 -282 14 -82 0 -177 -37 -248 -19 -37 -96 -121 -266 -292 l-239 -240 143 -143 142 -142 226 227 c305 307 351 370 405 548 24 79 28 106 28 225 0 119 -4 146 -28 225 -46 153 -128 274 -293 437 l-78 78 -143 -143z"/><path class="sym-line" fill="black" d="M0 1698 l0 -503 125 125 126 125 108 -111 c116 -117 131 -144 131 -234 0 -101 -5 -108 -256 -360 -129 -130 -234 -240 -234 -246 0 -5 23 -32 50 -59 l51 -50 239 240 c196 198 244 251 265 297 35 77 48 163 36 239 -17 105 -50 159 -173 285 l-112 115 142 142 142 142 101 -100 c162 -161 230 -264 281 -425 20 -64 23 -96 23 -220 0 -160 -16 -233 -77 -355 -54 -107 -87 -146 -337 -398 l-245 -247 49 -50 c27 -28 54 -50 61 -50 6 0 121 111 255 248 302 305 358 387 425 612 27 94 27 386 0 480 -57 192 -128 308 -299 486 l-120 125 124 125 124 124 -503 0 -502 0 0 -502z"/></g></svg>
  <svg x='461' y='492'><g transform="translate(0.113613034523,21.751847129) scale(0.00969551259763,-0.00981973164957)"><path class="sym-fill" fill="white" d="M770 1775 c179 -179 326 -325 327 -325 2 0 3 146 3 325 l0 325 -327 0 -328 0 325 -325z M464 1748 c-169 -172 -233 -269 -280 -423 -40 -131 -40 -319 0 -450 54 -178 100 -241 405 -548 l226 -227 142 142 143 143 -239 240 c-260 261 -284 293 -303 409 -14 83 0 177 37 249 16 31 70 96 136 162 l109 110 -143 143 -142 142 -91 -92z"/><path class="sym-line" fill="black" d="M319 2076 l124 -125 -120 -125 c-171 -178 -242 -294 -299 -486 -27 -94 -27 -386 0 -480 67 -225 123 -307 425 -612 134 -137 249 -248 255 -248 7 0 34 22 61 50 l49 50 -245 247 c-250 252 -283 291 -337 398 -61 122 -77 195 -77 355 0 124 3 156 23 220 51 161 119 264 281 425 l101 100 142 -142 142 -142 -112 -115 c-123 -126 -156 -180 -173 -285 -12 -76 1 -162 36 -239 21 -46 69 -99 265 -297 l239 -240 51 50 c27 27 50 54 50 59 0 6 -105 116 -234 246 -251 252 -256 259 -256 360 0 90 15 117 131 234 l108 111 126 -125 125 -125 0 503 0 502 -502 0 -503 0 124 -124z m781 -302 l0 -326 -157 150 c-87 83 -237 230 -333 326 l-175 176 333 0 332 0 0 -326z"/></g></svg>
  <svg x='458' y='523'><g transform="translate(-0.0594445278654,27.7487723255) scale(0.00993643166591,-0.00985726243768)"><path class="sym-fill" fill="white" d="M1160 2100 l0 -600 145 0 145 0 0 600 0 600 -145 0 -145 0 0 -600z"/><path class="sym-line" fill="black" d="M770 2568 l-1 -233 -374 -359 c-206 -198 -374 -365 -374 -370 1 -6 32 -40 70 -75 l68 -63 303 293 303 293 3 -1027 2 -1027 100 0 100 0 0 700 0 700 190 0 190 0 0 -560 0 -560 100 0 100 0 2 421 3 422 234 -227 c128 -124 236 -226 240 -226 4 0 37 31 74 68 l68 69 -143 139 c-79 77 -215 210 -303 295 l-160 154 717 3 718 2 0 95 0 95 -725 0 -725 0 0 605 0 605 -390 0 -390 0 0 -232z m680 -468 l0 -610 -145 0 -145 0 0 610 0 610 145 0 145 0 0 -610z"/></g></svg>
  <svg x='511' y='522'><g transform="translate(0.148849597355,27.7487723255) scale(0.00994033263223,-0.00985726243768)"><path class="sym-fill" fill="white" d="M1550 2100 l0 -600 145 0 145 0 0 600 0 600 -145 0 -145 0 0 -600z"/><path class="sym-line" fill="black" d="M1450 2100 l0 -700 390 0 390 0 0 700 0 700 -390 0 -390 0 0 -700z m390 0 l0 -610 -145 0 -145 0 0 610 0 610 145 0 145 0 0 -610z M2320 2107 l0 -135 260 -252 261 -251 67 62 c37 34 68 68 70 74 2 10 -628 625 -649 633 -5 2 -9 -56 -9 -131z M0 1495 l0 -95 630 0 630 0 0 95 0 95 -630 0 -630 0 0 -95z M1042 1013 l-213 -206 68 -69 c37 -37 71 -68 75 -68 4 0 112 102 240 226 l233 226 3 -421 2 -421 100 0 100 0 0 470 0 470 -197 0 -198 0 -213 -207z M2030 610 l0 -610 100 0 100 0 0 610 0 610 -100 0 -100 0 0 -610z"/></g></svg>
</svg>