<svg version='1.1' xmlns='http://www.w3.org/2000/svg' width='48' height='163' viewBox='476 418 48 163'>
  <text font-size='0'>AS1c518S1c510S1c510S1c518S15a48S15a40S22a14S22a04S2fb04M524x581S15a48482x516S15a40512x517S22a14482x554S22a04511x554S1c510491x425S1c518476x418S1c510493x470S1c518478x476S2fb04496x575</text>
  <svg x='482' y='516'><g transform="translate(0.0,27.0) scale(0.01,-0.01)"><path class="sym-fill" fill="white" d="M600 2057 l0 -357 -300 0 -300 0 0 -150 0 -150 300 0 300 0 0 -600 0 -600 200 0 200 0 0 600 0 600 100 0 100 0 0 150 0 150 -100 0 -100 0 0 158 0 157 -200 200 -200 200 0 -358z"/><path class="sym-line" fill="black" d="M297 2402 l-297 -297 0 -203 0 -202 300 0 300 0 0 362 0 363 200 -200 200 -200 0 -162 0 -163 100 0 100 0 0 203 0 202 -298 298 c-163 163 -299 297 -302 297 -3 0 -139 -134 -303 -298z M0 700 l0 -700 600 0 600 0 0 700 0 700 -100 0 -100 0 0 -600 0 -600 -200 0 -200 0 0 600 0 600 -300 0 -300 0 0 -700z"/></g></svg>
  <svg x='512' y='517'><g transform="translate(0.0,27.0) scale(0.01,-0.01)"><path class="sym-fill" fill="white" d="M398 2213 l-198 -198 0 -158 0 -157 -100 0 -100 0 0 -150 0 -150 100 0 100 0 0 -600 0 -600 200 0 200 0 0 600 0 600 300 0 300 0 0 150 0 150 -300 0 -300 0 -2 355 -3 355 -197 -197z"/><path class="sym-line" fill="black" d="M297 2402 l-297 -297 0 -203 0 -202 100 0 100 0 0 163 0 162 200 200 200 200 0 -363 0 -362 300 0 300 0 0 203 0 202 -298 298 c-163 163 -299 297 -302 297 -3 0 -139 -134 -303 -298z M0 700 l0 -700 600 0 600 0 0 700 0 700 -300 0 -300 0 0 -600 0 -600 -200 0 -200 0 0 600 0 600 -100 0 -100 0 0 -700z"/></g></svg>
  <svg x='482' y='554'><g transform="translate(0.043463926586,14.7505211307) scale(0.00985915292844,-0.00973472242044)"><path class="sym-fill" fill="white" d="M510 1100 l0 -400 140 0 140 0 0 400 0 400 -140 0 -140 0 0 -400z M277 557 c144 -163 368 -407 373 -407 5 0 229 244 373 407 l39 43 -412 0 -412 0 39 -43z"/><path class="sym-line" fill="black" d="M330 1100 l0 -400 -159 -2 -160 -3 315 -347 c174 -192 319 -348 324 -348 5 0 150 156 324 348 l315 347 -160 3 -159 2 0 400 0 400 -90 0 -90 0 0 -400 0 -400 -140 0 -140 0 0 400 0 400 -90 0 -90 0 0 -400z m714 -522 c-82 -96 -388 -428 -394 -428 -6 0 -312 332 -394 428 l-19 22 413 0 413 0 -19 -22z"/></g></svg>
  <svg x='511' y='554'><g transform="translate(0.043463926586,14.7505211307) scale(0.00985915292844,-0.00973472242044)"><path class="sym-fill" fill="white" d="M510 1100 l0 -400 140 0 140 0 0 400 0 400 -140 0 -140 0 0 -400z"/><path class="sym-line" fill="black" d="M330 1100 l0 -400 -159 -2 -160 -3 315 -347 c174 -192 319 -348 324 -348 5 0 150 156 324 348 l315 347 -160 3 -159 2 0 400 0 400 -90 0 -90 0 0 -400 0 -400 -140 0 -140 0 0 400 0 400 -90 0 -90 0 0 -400z"/></g></svg>
  <svg x='491' y='425'><g transform="translate(0.148979025399,27.7487723255) scale(0.00993386123003,-0.00985726243768)"><path class="sym-fill" fill="white" d="M1550 705 l0 -605 145 0 145 0 -2 603 -3 602 -142 3 -143 3 0 -606z"/><path class="sym-line" fill="black" d="M2030 2105 l0 -695 -190 0 -190 0 0 555 0 555 -100 0 -100 0 -2 -421 -3 -421 -232 226 c-128 124 -236 226 -240 226 -5 0 -39 -31 -77 -69 l-68 -68 300 -289 300 -289 -714 -3 -714 -2 0 -100 0 -100 725 0 725 0 0 -605 0 -605 390 0 390 0 0 233 1 232 374 360 c206 197 375 364 375 371 0 6 -31 39 -70 73 l-70 62 -302 -292 -303 -292 -3 1026 -2 1027 -100 0 -100 0 0 -695z m-190 -1405 l0 -610 -145 0 -145 0 0 610 0 610 145 0 145 0 0 -610z"/></g></svg>
  <svg x='476' y='418'><g transform="translate(-0.0673018358189,27.7487723255) scale(0.00993902089659,-0.00985726243768)"><path class="sym-fill" fill="white" d="M1167 1303 c-4 -3 -7 -276 -7 -605 l0 -598 145 0 145 0 0 605 0 605 -138 0 c-76 0 -142 -3 -145 -7z"/><path class="sym-line" fill="black" d="M768 1774 l-3 -1026 -303 292 -302 292 -68 -63 c-37 -34 -68 -67 -70 -73 -1 -6 166 -173 373 -371 l375 -360 0 -232 0 -233 390 0 390 0 0 605 0 605 725 0 725 0 0 100 0 100 -716 0 -716 0 164 157 c90 87 225 218 301 293 l139 136 -67 65 c-37 35 -70 65 -75 67 -4 2 -113 -99 -241 -223 l-234 -227 -3 421 -2 421 -100 0 -100 0 0 -555 0 -555 -190 0 -190 0 0 695 0 695 -100 0 -100 0 -2 -1026z m682 -1074 l0 -610 -145 0 -145 0 0 610 0 610 145 0 145 0 0 -610z"/></g></svg>
  <svg x='493' y='470'><g transform="translate(0.148979025399,27.7487723255) scale(0.00993386123003,-0.00985726243768)"><path class="sym-fill" fill="white" d="M1550 705 l0 -605 145 0 145 0 -2 603 -3 602 -142 3 -143 3 0 -606z"/><path class="sym-line" fill="black" d="M2030 2105 l0 -695 -190 0 -190 0 0 555 0 555 -100 0 -100 0 -2 -421 -3 -421 -232 226 c-128 124 -236 226 -240 226 -5 0 -39 -31 -77 -69 l-68 -68 300 -289 300 -289 -714 -3 -714 -2 0 -100 0 -100 725 0 725 0 0 -605 0 -605 390 0 390 0 0 233 1 232 374 360 c206 197 375 364 375 371 0 6 -31 39 -70 73 l-70 62 -302 -292 -303 -292 -3 1026 -2 1027 -100 0 -100 0 0 -695z m-190 -1405 l0 -610 -145 0 -145 0 0 610 0 610 145 0 145 0 0 -610z"/></g></svg>
  <svg x='478' y='476'><g transform="translate(-0.0673018358189,27.7487723255) scale(0.00993902089659,-0.00985726243768)"><path class="sym-fill" fill="white" d="M1167 1303 c-4 -3 -7 -276 -7 -605 l0 -598 145 0 145 0 0 605 0 605 -138 0 c-76 0 -142 -3 -145 -7z"/><path class="sym-line" fill="black" d="M768 1774 l-3 -1026 -303 292 -302 292 -68 -63 c-37 -34 -68 -67 -70 -73 -1 -6 166 -173 373 -371 l375 -360 0 -232 0 -233 390 0 390 0 0 605 0 605 725 0 725 0 0 100 0 100 -716 0 -716 0 164 157 c90 87 225 218 301 293 l139 136 -67 65 c-37 35 -70 65 -75 67 -4 2 -113 -99 -241 -223 l-234 -227 -3 421 -2 421 -100 0 -100 0 0 -555 0 -555 -190 0 -190 0 0 695 0 695 -100 0 -100 0 -2 -1026z m682 -1074 l0 -610 -145 0 -145 0 0 610 0 610 145 0 145 0 0 -610z"/></g></svg>
  <svg x='496' y='575'><g transform="translate(0.178125321737,5.7484375) scale(0.00969593203301,-0.00933333333333)"><path class="sym-line" fill="black" d="M4 569 c22 -111 99 -242 206 -349 151 -151 320 -220 540 -220 220 0 389 69 540 220 107 107 184 238 206 349 l7 31 -61 0 -61 0 -42 -82 c-54 -104 -163 -218 -264 -274 -154 -85 -340 -108 -501 -61 -176 51 -331 177 -413 335 l-42 82 -61 0 -61 0 7 -31z"/></g></svg>
</svg>