<svg version='1.1' xmlns='http://www.w3.org/2000/svg' width='78' height='126' viewBox='475 469 78 126'>
  <text font-size='0'>AS1c500S1c509S26504S26514S2c600S2c611S2f710S2f710S2f806S2f802S35b00S30c00M553x595S2c611488x565S1c500514x469S1c509475x521S2f806503x557S2f710477x555S2f710540x502S26504539x512S26514477x565S2c600523x512S2f802516x506S30c00482x482S35b00482x482</text>
  <svg x='488' y='565'><g transform="translate(0.14844965777,25.7384612022) scale(0.00976501711149,-0.00984231680855)"><path class="sym-fill" fill="white" d="M970 2225 l-225 -225 455 0 455 0 -225 225 c-124 124 -227 225 -230 225 -3 0 -106 -101 -230 -225z"/><path class="sym-line" fill="black" d="M845 2250 l-350 -350 303 0 303 0 -3 -772 c-3 -733 -4 -775 -22 -808 -39 -73 -96 -110 -170 -110 -36 0 -52 6 -81 31 -63 55 -115 196 -115 309 l0 50 -355 0 -355 0 0 -42 c0 -57 23 -138 56 -203 79 -157 251 -285 448 -335 108 -27 445 -29 522 -3 88 29 159 83 207 156 70 107 67 64 67 939 l0 788 302 0 303 0 -350 350 c-192 193 -352 350 -355 350 -3 0 -163 -157 -355 -350z m591 -25 l229 -224 -465 0 -465 0 229 224 c125 124 232 225 236 225 4 0 111 -101 236 -225z"/></g></svg>
  <svg x='514' y='469'><g transform="translate(0.148979025399,27.7487723255) scale(0.00993386123003,-0.00985726243768)"><path class="sym-fill" fill="white" d="M1550 705 l0 -605 290 0 290 0 -2 603 -3 602 -287 3 -288 2 0 -605z"/><path class="sym-line" fill="black" d="M2030 2105 l0 -695 -190 0 -190 0 0 555 0 555 -100 0 -100 0 -2 -421 -3 -421 -232 226 c-128 124 -236 226 -240 226 -5 0 -39 -31 -77 -69 l-68 -68 300 -289 300 -289 -714 -3 -714 -2 0 -100 0 -100 725 0 725 0 0 -605 0 -605 390 0 390 0 0 233 1 232 374 360 c206 197 375 364 375 371 0 6 -31 39 -70 73 l-70 62 -302 -292 -303 -292 -3 1026 -2 1027 -100 0 -100 0 0 -695z m100 -1405 l0 -610 -290 0 -290 0 0 610 0 610 290 0 290 0 0 -610z"/></g></svg>
  <svg x='475' y='521'><g transform="translate(0.0701194993438,24.9486091927) scale(0.00995173338717,-0.0099200686771)"><path class="sym-fill" fill="white" d="M567 1043 l-418 -398 168 -162 c92 -90 180 -172 195 -183 l27 -21 417 398 417 398 -189 182 c-104 100 -191 183 -194 183 -3 0 -193 -179 -423 -397z"/><path class="sym-line" fill="black" d="M1245 1823 l-710 -677 -3 387 -2 387 -95 0 -95 0 0 -479 0 -479 -166 -159 -166 -159 257 -245 c141 -134 263 -244 270 -244 8 0 183 162 391 360 207 198 394 375 416 393 l38 33 432 -412 c238 -227 456 -434 483 -461 l50 -48 68 61 c37 33 67 64 67 68 0 4 -215 212 -477 462 l-477 454 408 3 408 2 -6 23 c-3 12 -6 55 -6 96 l0 74 -316 -7 -316 -8 123 119 c68 66 202 193 297 283 l172 164 -62 63 c-34 35 -67 63 -73 63 -6 0 -183 -164 -394 -365 l-383 -365 -86 79 c-48 44 -104 97 -125 119 l-38 39 418 398 c230 219 447 427 483 461 l65 64 -65 65 c-35 36 -67 65 -70 65 -3 0 -324 -305 -715 -677z m-54 -568 l190 -180 -49 -45 c-28 -25 -217 -204 -420 -398 -204 -195 -373 -354 -375 -355 -8 -3 -382 357 -382 367 0 15 819 795 832 793 7 -1 99 -83 204 -182z"/></g></svg>
  <svg x='503' y='557'><g transform="translate(0.0,38.0) scale(0.01,-0.01)"><path class="sym-line" fill="black" d="M47 3752 c-26 -26 -47 -52 -47 -58 0 -6 75 -85 168 -175 198 -194 284 -287 363 -390 204 -268 346 -611 393 -948 21 -146 21 -416 0 -562 -47 -337 -189 -680 -393 -948 -79 -103 -165 -196 -363 -390 -93 -90 -168 -169 -168 -176 0 -13 92 -105 105 -105 16 1 415 398 492 490 263 315 441 730 493 1150 13 109 13 411 0 520 -52 420 -230 835 -493 1150 -79 94 -476 489 -492 490 -6 0 -32 -22 -58 -48z"/></g></svg>
  <svg x='477' y='555'><g transform="translate(0.0,7.0) scale(0.01,-0.01)"><path class="sym-line" fill="black" d="M0 657 l0 -43 355 -204 355 -205 -355 -3 -355 -2 0 -100 0 -100 600 0 600 0 0 83 0 82 -464 268 -464 267 -136 0 -136 0 0 -43z"/></g></svg>
  <svg x='540' y='502'><g transform="translate(0.0,7.0) scale(0.01,-0.01)"><path class="sym-line" fill="black" d="M0 657 l0 -43 355 -204 355 -205 -355 -3 -355 -2 0 -100 0 -100 600 0 600 0 0 83 0 82 -464 268 -464 267 -136 0 -136 0 0 -43z"/></g></svg>
  <svg x='539' y='512'><g transform="translate(0.199517282911,14.7025292494) scale(0.00964541675618,-0.00970272783292)"><path class="sym-line" fill="black" d="M600 1100 l0 -400 -302 0 -303 0 353 -352 352 -353 352 353 353 352 -303 0 -302 0 0 400 0 400 -100 0 -100 0 0 -400z"/></g></svg>
  <svg x='477' y='565'><g transform="translate(0.199517282911,14.7025292494) scale(0.00964541675618,-0.00970272783292)"><path class="sym-fill" fill="white" d="M473 373 l227 -228 227 228 228 227 -455 0 -455 0 228 -227z"/><path class="sym-line" fill="black" d="M600 1100 l0 -400 -302 0 -303 0 353 -352 352 -353 352 353 353 352 -303 0 -302 0 0 400 0 400 -100 0 -100 0 0 -400z m327 -727 l-227 -228 -227 228 -228 227 455 0 455 0 -228 -227z"/></g></svg>
  <svg x='523' y='512'><g transform="translate(0.200475594973,25.7384612022) scale(0.00976296692944,-0.00984231680855)"><path class="sym-line" fill="black" d="M345 2250 l-350 -350 303 0 302 0 0 -788 c0 -875 -3 -832 67 -939 48 -73 119 -127 207 -156 77 -26 414 -24 522 3 197 50 369 178 448 335 33 65 56 146 56 203 l0 42 -355 0 -355 0 0 -50 c0 -113 -52 -254 -115 -309 -29 -25 -45 -31 -81 -31 -74 0 -131 37 -170 110 -18 33 -19 75 -22 808 l-3 772 303 0 303 0 -350 350 c-192 193 -352 350 -355 350 -3 0 -163 -157 -355 -350z"/></g></svg>
  <svg x='516' y='506'><g transform="translate(0.0,38.0) scale(0.01,-0.01)"><path class="sym-line" fill="black" d="M780 3597 c-113 -111 -238 -240 -277 -287 -263 -315 -441 -730 -493 -1150 -13 -109 -13 -411 0 -520 52 -420 230 -835 493 -1150 79 -94 476 -489 492 -490 14 0 105 92 105 106 0 6 -75 85 -168 175 -198 194 -284 287 -363 390 -204 268 -346 611 -393 948 -21 146 -21 416 0 562 47 337 189 680 393 948 79 103 165 196 364 390 92 90 167 169 167 176 0 13 -92 105 -105 105 -6 0 -102 -91 -215 -203z"/></g></svg>
  <svg x='482' y='482'><g transform="translate(0.149874875465,34.7500790925) scale(0.00988906872676,-0.00988956850125)"><path class="sym-line" fill="black" d="M1528 3484 c-592 -92 -1088 -447 -1348 -963 -125 -249 -180 -485 -180 -771 0 -480 183 -911 529 -1242 350 -336 780 -508 1271 -508 451 0 864 150 1193 434 326 281 517 620 591 1051 21 121 21 409 0 530 -43 252 -114 444 -237 639 -282 453 -741 750 -1284 831 -127 19 -413 18 -535 -1z m607 -173 c583 -126 1038 -523 1224 -1069 59 -173 75 -277 75 -492 0 -165 -3 -211 -22 -300 -71 -327 -228 -611 -458 -829 -186 -177 -381 -295 -614 -374 -176 -60 -282 -78 -490 -84 -247 -7 -416 19 -628 97 -549 201 -944 674 -1043 1250 -17 97 -17 383 0 480 99 576 495 1050 1043 1250 105 38 177 58 303 81 143 26 467 21 610 -10z M882 2867 c-17 -18 -32 -36 -32 -39 0 -3 163 -164 361 -358 l362 -351 38 37 c22 21 39 41 39 44 0 10 -709 695 -723 698 -7 1 -27 -12 -45 -31z M2555 2792 c-60 -59 -222 -217 -360 -350 l-250 -242 42 -42 42 -41 359 349 c198 192 360 354 361 360 1 12 -61 74 -74 74 -6 0 -59 -49 -120 -108z M649 2643 l-42 -40 204 -199 c112 -109 274 -267 359 -351 86 -84 160 -153 165 -153 5 0 26 16 47 37 l37 36 -222 216 c-122 118 -286 278 -364 354 l-141 139 -43 -39z M2550 2332 c-195 -190 -357 -350 -359 -355 -4 -11 59 -77 73 -77 6 0 67 55 136 123 69 67 230 225 359 350 l234 228 -38 39 c-22 22 -42 40 -45 40 -3 -1 -165 -157 -360 -348z"/></g></svg>
  <svg x='482' y='482'><g transform="translate(0.149874875465,34.7500790925) scale(0.00988906872676,-0.00988956850125)"><path class="sym-line" fill="black" d="M1528 3484 c-592 -92 -1088 -447 -1348 -963 -125 -249 -180 -485 -180 -771 0 -480 183 -911 529 -1242 350 -336 780 -508 1271 -508 451 0 864 150 1193 434 326 281 517 620 591 1051 21 121 21 409 0 530 -43 252 -114 444 -237 639 -282 453 -741 750 -1284 831 -127 19 -413 18 -535 -1z m607 -173 c583 -126 1038 -523 1224 -1069 59 -173 75 -277 75 -492 0 -165 -3 -211 -22 -300 -71 -327 -228 -611 -458 -829 -186 -177 -381 -295 -614 -374 -176 -60 -282 -78 -490 -84 -247 -7 -416 19 -628 97 -549 201 -944 674 -1043 1250 -17 97 -17 383 0 480 99 576 495 1050 1043 1250 105 38 177 58 303 81 143 26 467 21 610 -10z M1674 1386 c-70 -23 -120 -54 -169 -103 -50 -49 -101 -144 -110 -200 -3 -18 -7 -49 -10 -68 l-6 -35 -179 0 -180 0 0 -80 0 -80 230 0 c177 0 230 3 230 13 1 6 7 63 14 125 16 132 38 174 120 229 64 44 116 56 211 51 122 -7 221 -67 259 -159 12 -28 36 -197 36 -250 0 -5 102 -9 230 -9 l230 0 0 80 0 80 -179 0 -179 0 -10 71 c-21 139 -105 253 -231 313 -58 27 -78 31 -166 33 -63 1 -115 -3 -141 -11z M1705 1081 c-77 -36 -115 -102 -115 -201 l0 -60 210 0 210 0 0 60 c0 97 -36 162 -112 201 -49 25 -139 25 -193 0z"/></g></svg>
</svg>