<svg version='1.1' xmlns='http://www.w3.org/2000/svg' width='110' height='58' viewBox='445 481 110 58'>
  <text font-size='0'>AS1dc21S1dc29S1f720S1f728S2c610S2c601S2fb04S2ff00M555x539S2ff00482x482S1f720509x509S1f728473x509S1dc21512x481S1dc29458x481S2fb04493x533S2c610445x497S2c601536x497</text>
  <svg x='482' y='482'><g transform="translate(0.149874875465,34.7500790925) scale(0.00988906872676,-0.00988956850125)"><path class="sym-line" fill="black" d="M1528 3484 c-592 -92 -1088 -447 -1348 -963 -125 -249 -180 -485 -180 -771 0 -480 183 -911 529 -1242 350 -336 780 -508 1271 -508 451 0 864 150 1193 434 326 281 517 620 591 1051 21 121 21 409 0 530 -43 252 -114 444 -237 639 -282 453 -741 750 -1284 831 -127 19 -413 18 -535 -1z m607 -173 c583 -126 1038 -523 1224 -1069 59 -173 75 -277 75 -492 0 -165 -3 -211 -22 -300 -71 -327 -228 -611 -458 -829 -186 -177 -381 -295 -614 -374 -176 -60 -282 -78 -490 -84 -247 -7 -416 19 -628 97 -549 201 -944 674 -1043 1250 -17 97 -17 383 0 480 99 576 495 1050 1043 1250 105 38 177 58 303 81 143 26 467 21 610 -10z"/></g></svg>
  <svg x='509' y='509'><g transform="translate(0.131576825216,14.7505211307) scale(0.00980873003133,-0.00973472242044)"><path class="sym-line" fill="black" d="M498 959 l-3 -542 -159 277 c-87 152 -161 276 -164 276 -2 0 -42 -21 -88 -47 -55 -31 -83 -53 -82 -63 2 -9 113 -206 247 -438 l244 -422 753 0 754 0 0 750 0 750 -750 0 -750 0 -2 -541z"/></g></svg>
  <svg x='473' y='509'><g transform="translate(0.151481649373,14.7505211307) scale(0.00980873003133,-0.00973472242044)"><path class="sym-line" fill="black" d="M0 750 l0 -750 754 0 753 0 244 422 c134 232 245 429 247 438 1 10 -27 32 -82 63 -46 26 -86 47 -88 47 -3 0 -77 -124 -164 -276 l-159 -277 -3 542 -2 541 -750 0 -750 0 0 -750z"/></g></svg>
  <svg x='512' y='481'><g transform="translate(0.2012274365,22.7367064748) scale(0.00988875019564,-0.00990334544123)"><path class="sym-line" fill="black" d="M60 2215 l-65 -65 150 -149 c83 -82 409 -402 725 -712 316 -310 576 -566 578 -569 1 -3 -131 -135 -293 -294 -162 -158 -295 -291 -295 -295 0 -5 32 -36 70 -70 l70 -63 298 290 297 290 199 -195 199 -194 161 158 c89 88 313 308 499 491 187 182 337 335 335 339 -6 15 -980 968 -991 971 -7 1 -203 -185 -436 -413 -233 -228 -427 -415 -431 -415 -3 0 -226 216 -496 480 -269 264 -494 480 -499 480 -6 0 -40 -29 -75 -65z"/></g></svg>
  <svg x='458' y='481'><g transform="translate(0.05098118984,22.7560476437) scale(0.00990032357181,-0.00991168243272)"><path class="sym-line" fill="black" d="M2367 1800 c-268 -264 -491 -480 -495 -480 -4 0 -198 187 -431 415 -234 228 -429 415 -434 415 -8 0 -997 -968 -997 -976 0 -2 134 -135 298 -296 163 -161 388 -383 500 -493 l202 -200 198 198 197 197 297 -290 c163 -160 300 -290 305 -290 5 0 38 30 73 66 l65 66 -298 293 -298 293 726 712 c399 392 725 715 725 719 0 11 -125 131 -135 131 -6 -1 -230 -217 -498 -480z"/></g></svg>
  <svg x='493' y='533'><g transform="translate(0.178125321737,5.7484375) scale(0.00969593203301,-0.00933333333333)"><path class="sym-line" fill="black" d="M4 569 c22 -111 99 -242 206 -349 151 -151 320 -220 540 -220 220 0 389 69 540 220 107 107 184 238 206 349 l7 31 -61 0 -61 0 -42 -82 c-54 -104 -163 -218 -264 -274 -154 -85 -340 -108 -501 -61 -176 51 -331 177 -413 335 l-42 82 -61 0 -61 0 7 -31z"/></g></svg>
  <svg x='445' y='497'><g transform="translate(0.200475594973,25.7384612022) scale(0.00976296692944,-0.00984231680855)"><path class="sym-fill" fill="white" d="M470 2225 l-225 -225 455 0 455 0 -225 225 c-124 124 -227 225 -230 225 -3 0 -106 -101 -230 -225z"/><path class="sym-line" fill="black" d="M345 2250 l-350 -350 303 0 302 0 0 -788 c0 -875 -3 -832 67 -939 48 -73 119 -127 207 -156 77 -26 414 -24 522 3 197 50 369 178 448 335 33 65 56 146 56 203 l0 42 -355 0 -355 0 0 -50 c0 -113 -52 -254 -115 -309 -29 -25 -45 -31 -81 -31 -74 0 -131 37 -170 110 -18 33 -19 75 -22 808 l-3 772 303 0 303 0 -350 350 c-192 193 -352 350 -355 350 -3 0 -163 -157 -355 -350z m591 -25 l229 -224 -465 0 -465 0 229 224 c125 124 232 225 236 225 4 0 111 -101 236 -225z"/></g></svg>
  <svg x='536' y='497'><g transform="translate(0.14844965777,25.7384612022) scale(0.00976501711149,-0.00984231680855)"><path class="sym-line" fill="black" d="M845 2250 l-350 -350 303 0 303 0 -3 -772 c-3 -733 -4 -775 -22 -808 -39 -73 -96 -110 -170 -110 -36 0 -52 6 -81 31 -63 55 -115 196 -115 309 l0 50 -355 0 -355 0 0 -42 c0 -57 23 -138 56 -203 79 -157 251 -285 448 -335 108 -27 445 -29 522 -3 88 29 159 83 207 156 70 107 67 64 67 939 l0 788 302 0 303 0 -350 350 c-192 193 -352 350 -355 350 -3 0 -163 -157 -355 -350z"/></g></svg>
</svg>