<svg version='1.1' xmlns='http://www.w3.org/2000/svg' width='112' height='118' viewBox='444 441 112 118'>
  <text font-size='0'>AS1d120S14c28S26605S1d420S1d120S26604S1d120S26603S20500M556x559S14c28495x528S1d120444x451S26605471x485S26604498x472S26603518x486S1d120488x441S1d120527x449S1d420481x503S20500507x518</text>
  <svg x='495' y='528'><g transform="translate(-0.0594657001311,30.7516384396) scale(0.00991707416583,-0.00987200030311)"><path class="sym-line" fill="black" d="M1110 2603 l-1 -498 -74 -78 -74 -77 -213 375 c-117 206 -217 374 -222 375 -12 0 -176 -93 -176 -100 1 -3 104 -185 230 -405 l229 -400 -45 -45 -44 -46 0 -104 -1 -105 -272 278 c-150 152 -277 277 -284 277 -6 0 -41 -32 -77 -72 l-65 -71 269 -276 c148 -152 305 -312 349 -356 l81 -80 0 -597 0 -598 495 0 495 0 0 297 0 298 295 295 c162 163 295 302 295 309 0 16 -119 141 -134 141 -6 0 -111 -100 -233 -222 l-223 -223 0 406 0 405 -44 43 -43 43 223 392 c123 216 226 399 229 407 6 16 -151 113 -170 105 -6 -2 -102 -163 -213 -357 -111 -195 -207 -361 -212 -369 -8 -12 -24 -1 -85 60 l-75 74 0 498 0 498 -105 0 -105 0 0 -497z"/></g></svg>
  <svg x='444' y='451'><g transform="translate(0.14889077002,27.7487723255) scale(0.00993827399898,-0.00985726243768)"><path class="sym-line" fill="black" d="M1460 2105 l0 -695 -730 0 -730 0 0 -100 0 -100 730 0 730 0 0 -411 c0 -386 -1 -410 -17 -405 -10 3 -251 64 -537 137 -379 96 -521 128 -526 119 -11 -18 -52 -171 -47 -177 3 -2 256 -68 563 -146 l559 -142 3 -92 3 -93 394 0 395 0 0 564 0 565 313 297 c171 164 313 303 315 309 1 6 -29 40 -68 74 l-71 64 -32 -29 c-17 -16 -127 -120 -243 -231 l-212 -203 -111 0 c-61 0 -111 3 -111 7 0 6 232 462 422 831 l100 192 -87 41 c-48 22 -92 38 -98 36 -7 -2 -138 -251 -292 -553 l-280 -549 -63 -3 -62 -3 0 696 0 695 -105 0 -105 0 0 -695z"/></g></svg>
  <svg x='471' y='485'><g transform="translate(0.168392655612,21.750755095) scale(0.00994510323192,-0.00982649158121)"><path class="sym-line" fill="black" d="M71 2126 l-73 -73 766 -778 766 -777 -241 -249 -241 -249 561 0 561 0 0 573 -1 572 -244 -250 -244 -250 -74 75 c-41 41 -384 390 -763 775 -379 385 -691 701 -694 703 -3 1 -38 -31 -79 -72z"/></g></svg>
  <svg x='498' y='472'><g transform="translate(0.198426155669,29.702611239) scale(0.00968892587986,-0.00985139124633)"><path class="sym-line" fill="black" d="M700 1900 l0 -1100 -352 0 -353 0 403 -402 402 -403 402 403 403 402 -353 0 -352 0 0 1100 0 1100 -100 0 -100 0 0 -1100z"/></g></svg>
  <svg x='518' y='486'><g transform="translate(0.151136670039,22.0461838059) scale(0.00982597899807,-0.00994459401866)"><path class="sym-line" fill="black" d="M1275 1436 l-777 -766 -249 241 -249 241 0 -561 0 -561 573 0 572 1 -250 244 -250 244 75 74 c41 41 390 384 775 763 385 379 701 691 703 694 1 3 -31 38 -72 79 l-73 73 -778 -766z"/></g></svg>
  <svg x='488' y='441'><g transform="translate(0.14889077002,27.7487723255) scale(0.00993827399898,-0.00985726243768)"><path class="sym-line" fill="black" d="M1460 2105 l0 -695 -730 0 -730 0 0 -100 0 -100 730 0 730 0 0 -411 c0 -386 -1 -410 -17 -405 -10 3 -251 64 -537 137 -379 96 -521 128 -526 119 -11 -18 -52 -171 -47 -177 3 -2 256 -68 563 -146 l559 -142 3 -92 3 -93 394 0 395 0 0 564 0 565 313 297 c171 164 313 303 315 309 1 6 -29 40 -68 74 l-71 64 -32 -29 c-17 -16 -127 -120 -243 -231 l-212 -203 -111 0 c-61 0 -111 3 -111 7 0 6 232 462 422 831 l100 192 -87 41 c-48 22 -92 38 -98 36 -7 -2 -138 -251 -292 -553 l-280 -549 -63 -3 -62 -3 0 696 0 695 -105 0 -105 0 0 -695z"/></g></svg>
  <svg x='527' y='449'><g transform="translate(0.14889077002,27.7487723255) scale(0.00993827399898,-0.00985726243768)"><path class="sym-line" fill="black" d="M1460 2105 l0 -695 -730 0 -730 0 0 -100 0 -100 730 0 730 0 0 -411 c0 -386 -1 -410 -17 -405 -10 3 -251 64 -537 137 -379 96 -521 128 -526 119 -11 -18 -52 -171 -47 -177 3 -2 256 -68 563 -146 l559 -142 3 -92 3 -93 394 0 395 0 0 564 0 565 313 297 c171 164 313 303 315 309 1 6 -29 40 -68 74 l-71 64 -32 -29 c-17 -16 -127 -120 -243 -231 l-212 -203 -111 0 c-61 0 -111 3 -111 7 0 6 232 462 422 831 l100 192 -87 41 c-48 22 -92 38 -98 36 -7 -2 -138 -251 -292 -553 l-280 -549 -63 -3 -62 -3 0 696 0 695 -105 0 -105 0 0 -695z"/></g></svg>
  <svg x='481' y='503'><g transform="translate(0.14889077002,27.7487723255) scale(0.00993827399898,-0.00985726243768)"><path class="sym-line" fill="black" d="M1460 2105 l0 -695 -730 0 -730 0 0 -100 0 -100 293 -1 292 0 435 -416 435 -417 3 -188 2 -188 395 0 395 0 0 564 0 565 313 297 c171 164 313 303 315 309 1 6 -29 40 -68 74 l-71 64 -32 -29 c-17 -16 -127 -120 -243 -231 l-212 -203 -111 0 c-61 0 -111 3 -111 7 0 6 232 462 422 831 l100 192 -87 41 c-48 22 -92 38 -98 36 -7 -2 -138 -251 -292 -553 l-280 -549 -63 -3 -62 -3 0 696 0 695 -105 0 -105 0 0 -695z m0 -1172 l0 -276 -22 19 c-21 17 -407 384 -518 491 l-45 43 293 0 292 0 0 -277z"/></g></svg>
  <svg x='507' y='518'><g transform="translate(-0.221878406359,10.7500002304) scale(0.0103429235226,-0.00963778430032)"><path class="sym-line" fill="black" d="M430 895 l0 -205 -37 23 c-21 13 -95 61 -165 105 l-128 82 -36 -71 c-19 -40 -32 -75 -27 -79 4 -3 74 -48 156 -99 81 -51 147 -97 147 -101 0 -4 -66 -50 -147 -101 -82 -51 -152 -96 -156 -99 -5 -4 8 -39 27 -79 l36 -71 128 82 c70 44 144 92 165 105 l37 23 0 -205 0 -205 70 0 70 0 0 205 0 205 38 -23 c20 -13 94 -61 164 -105 l128 -82 36 71 c19 40 32 75 27 79 -4 3 -74 48 -155 99 -82 51 -148 97 -148 101 0 4 66 50 148 101 81 51 151 96 155 99 5 4 -8 39 -27 79 l-36 71 -128 -82 c-70 -44 -144 -92 -164 -105 l-38 -23 0 205 0 205 -70 0 -70 0 0 -205z"/></g></svg>
</svg>