<svg version='1.1' xmlns='http://www.w3.org/2000/svg' width='55' height='116' viewBox='472 442 55 116'>
  <text font-size='0'>AS1d411S14c5aS20800S10000S28903S15a5aS37700S37716M527x558S20800491x451S10000502x494S15a5a498x546S37716473x550S37700509x522S28903472x518S14c5a475x465S1d411502x442</text>
  <svg x='491' y='451'><g transform="translate(0.0,10.0) scale(0.01,-0.01)"><path class="sym-line" fill="black" d="M400 800 l0 -200 -200 0 -200 0 0 -100 0 -100 200 0 200 0 0 -200 0 -200 100 0 100 0 0 200 0 200 200 0 200 0 0 100 0 100 -200 0 -200 0 0 200 0 200 -100 0 -100 0 0 -200z"/></g></svg>
  <svg x='502' y='494'><g transform="translate(0.0,30.0) scale(0.01,-0.01)"><path class="sym-fill" fill="white" d="M200 750 l0 -550 550 0 550 0 0 550 0 550 -550 0 -550 0 0 -550z"/><path class="sym-line" fill="black" d="M1300 2250 l0 -750 -650 0 -650 0 0 -750 0 -750 750 0 750 0 0 1500 0 1500 -100 0 -100 0 0 -750z m0 -1500 l0 -550 -550 0 -550 0 0 550 0 550 550 0 550 0 0 -550z"/></g></svg>
  <svg x='498' y='546'><g transform="translate(0.150976194493,11.7516936221) scale(0.00983400277537,-0.00966938010173)"><path class="sym-fill" fill="white" d="M1400 600 l0 -600 150 0 150 0 0 600 0 600 -150 0 -150 0 0 -600z"/><path class="sym-line" fill="black" d="M0 600 l0 -600 700 0 700 0 0 600 0 600 -700 0 -700 0 0 -600z M1700 600 l0 -600 203 0 202 0 300 300 300 300 -300 300 -300 300 -202 0 -203 0 0 -600z"/></g></svg>
  <svg x='473' y='550'><g transform="translate(0.0,5.0) scale(0.01,-0.01)"><path class="sym-line" fill="black" d="M0 250 l0 -250 1250 0 1250 0 0 250 0 250 -1250 0 -1250 0 0 -250z"/></g></svg>
  <svg x='509' y='522'><g transform="translate(0.0,25.0) scale(0.01,-0.01)"><path class="sym-line" fill="black" d="M0 1250 l0 -1250 100 0 100 0 0 1250 0 1250 -100 0 -100 0 0 -1250z"/></g></svg>
  <svg x='472' y='518'><g transform="translate(0.0393366495508,26.8055192175) scale(0.00988354211854,-0.00994862606901)"><path class="sym-fill" fill="white" d="M1550 2495 c-410 -75 -742 -400 -851 -835 -29 -117 -38 -273 -32 -517 l6 -223 198 0 198 0 3 303 c4 297 4 303 31 382 38 113 90 198 177 286 55 55 96 86 150 113 141 69 137 69 628 73 l442 5 0 214 0 214 -437 -1 c-321 -1 -458 -4 -513 -14z"/><path class="sym-line" fill="black" d="M1589 2669 c-453 -48 -853 -387 -1008 -854 -59 -179 -63 -213 -68 -567 l-5 -328 -249 -2 -248 -3 421 -455 c232 -250 427 -455 435 -455 7 0 203 205 434 455 l421 455 -252 3 -252 2 5 278 c5 299 9 331 64 441 15 30 57 85 93 122 76 77 163 123 260 139 36 5 242 10 463 10 l397 0 0 80 0 80 -432 0 c-489 0 -507 -2 -641 -72 -132 -69 -239 -189 -304 -343 -44 -102 -53 -187 -53 -470 l0 -265 -200 0 -199 0 -7 35 c-12 67 3 574 20 655 50 236 153 428 319 595 139 139 282 223 472 278 65 19 105 21 548 24 l477 4 0 78 0 78 -242 6 c-299 9 -569 7 -669 -4z"/></g></svg>
  <svg x='475' y='465'><g transform="translate(0.150230433539,23.7055114738) scale(0.00987129082304,-0.00989444864778)"><path class="sym-line" fill="black" d="M1602 2069 c-166 -172 -302 -316 -302 -321 0 -4 63 -8 141 -8 l141 0 231 236 c128 130 233 242 235 248 1 6 -30 44 -71 84 l-73 72 -302 -311z M2235 1820 c-192 -115 -351 -212 -352 -217 -2 -5 31 -42 72 -83 62 -62 78 -73 93 -64 395 234 652 391 652 398 0 18 -94 176 -104 175 -6 0 -168 -94 -361 -209z M0 1130 l0 -520 853 0 852 1 243 251 c134 138 246 257 249 264 3 8 -99 120 -244 269 l-248 255 -852 0 -853 0 0 -520z M2240 1233 c0 -4 21 -29 47 -55 l47 -48 -47 -48 c-26 -26 -47 -51 -47 -55 0 -4 194 -7 430 -7 l430 0 0 110 0 110 -430 0 c-236 0 -430 -3 -430 -7z M1922 751 l-72 -80 222 -132 c123 -72 290 -172 372 -220 82 -49 152 -89 155 -89 8 0 101 164 101 178 0 9 -669 413 -694 420 -6 1 -44 -33 -84 -77z M700 512 c0 -4 112 -122 249 -262 l249 -255 75 74 76 74 -182 189 -181 188 -143 0 c-79 0 -143 -4 -143 -8z"/></g></svg>
  <svg x='502' y='442'><g transform="translate(-0.000709925489319,24.9549009097) scale(0.00998616736763,-0.0100038032737)"><path class="sym-fill" fill="white" d="M1221 1152 l-94 -88 413 -389 c227 -215 418 -391 424 -392 6 -1 52 37 103 85 l91 87 -415 390 c-228 215 -417 391 -421 392 -4 1 -49 -37 -101 -85z"/><path class="sym-line" fill="black" d="M958 2449 l-87 -30 25 -67 c264 -718 371 -1019 364 -1026 -4 -4 -226 197 -491 447 l-483 455 -68 -60 c-37 -33 -68 -63 -68 -67 0 -3 217 -211 483 -461 l482 -455 -525 -494 c-289 -271 -536 -505 -550 -518 l-25 -25 70 -64 69 -64 31 28 c16 15 105 99 196 185 l166 157 578 0 577 0 128 -121 c70 -67 131 -122 134 -123 3 0 123 109 266 243 254 238 260 245 243 264 -10 11 -188 179 -395 375 l-378 355 0 394 0 393 -95 0 -95 0 0 -309 0 -309 -42 -36 c-24 -19 -46 -32 -49 -28 -3 4 -86 229 -184 500 -98 270 -181 492 -184 491 -3 0 -45 -14 -93 -30z m787 -1601 l417 -393 -98 -93 -97 -93 -31 29 c-17 16 -202 190 -411 386 -209 197 -384 363 -388 369 -6 8 20 41 80 100 48 47 93 87 99 87 7 0 200 -177 429 -392z m-385 -137 l145 -140 -377 -1 c-208 0 -378 2 -378 4 0 3 84 84 186 180 l186 176 47 -40 c25 -22 111 -102 191 -179z"/></g></svg>
</svg>