<svg version='1.1' xmlns='http://www.w3.org/2000/svg' width='119' height='220' viewBox='462 410 119 220'>
  <text font-size='0'>AS1dc51S22b03S20500S1dc42S1dc4aS30007S1dc51S22b05S20500S1dc42S1dc4aS30007M581x630S30007480x427S1dc51506x410S1dc4a488x488S1dc42462x470S20500473x497S22b03499x456S20500536x616S1dc4a551x606S30007483x538S1dc51510x522S22b05520x564S1dc42525x589</text>
  <svg x='480' y='427'><g transform="translate(-0.0202640873613,34.8235379339) scale(0.00998278661735,-0.00997653818402)"><path class="sym-line" fill="black" d="M1650 3474 c-324 -38 -548 -110 -790 -254 -284 -168 -552 -464 -685 -755 -113 -247 -159 -457 -158 -730 0 -256 45 -464 149 -696 244 -548 766 -931 1389 -1020 115 -16 374 -16 490 0 799 113 1416 714 1526 1486 16 115 16 366 0 475 -59 392 -242 743 -527 1009 -272 254 -593 409 -974 471 -69 11 -361 21 -420 14z m368 -169 c56 -8 130 -22 165 -30 60 -15 187 -55 187 -58 0 -1 -7 -34 -15 -72 -19 -90 -19 -224 0 -317 9 -43 34 -112 62 -168 38 -76 63 -110 128 -175 129 -129 263 -193 449 -215 99 -12 232 -2 292 20 14 6 27 10 28 10 7 0 46 -119 65 -195 31 -129 42 -221 42 -365 0 -389 -134 -738 -399 -1035 -481 -540 -1281 -696 -1938 -379 -329 160 -595 421 -749 739 -108 222 -155 423 -155 673 0 200 24 345 90 529 152 427 528 798 963 952 262 92 532 122 785 86z m591 -196 c162 -89 326 -225 454 -379 76 -92 195 -275 185 -286 -9 -8 -121 -24 -173 -24 -136 1 -295 65 -394 160 -110 105 -169 228 -178 375 -5 74 10 195 24 195 4 0 40 -19 82 -41z"/></g></svg>
  <svg x='506' y='410'><g transform="translate(0.2012274365,22.7363438985) scale(0.00988875019564,-0.00991168243272)"><path class="sym-line" fill="black" d="M60 2215 l-65 -66 370 -365 c204 -200 430 -421 503 -491 l133 -126 65 63 c35 36 64 69 64 75 0 12 -977 969 -993 973 -7 1 -41 -27 -77 -63z M1625 1539 c-269 -265 -491 -487 -493 -493 -1 -6 192 -202 429 -434 l432 -423 161 158 c89 88 313 308 499 491 187 182 337 335 335 339 -7 16 -849 838 -861 840 -7 2 -232 -214 -502 -478z M1127 399 c-147 -144 -267 -264 -267 -268 0 -5 32 -36 70 -70 l70 -63 265 258 c146 142 264 263 263 269 -2 6 -33 39 -69 73 l-65 61 -267 -260z"/></g></svg>
  <svg x='488' y='488'><g transform="translate(0.0,24.0) scale(0.01,-0.01)"><path class="sym-fill" fill="white" d="M200 500 l0 -300 450 0 450 0 0 300 0 300 -450 0 -450 0 0 -300z"/><path class="sym-line" fill="black" d="M600 2000 l0 -400 100 0 100 0 0 400 0 400 -100 0 -100 0 0 -400z M0 750 l0 -750 650 0 650 0 0 750 0 750 -650 0 -650 0 0 -750z m1100 -250 l0 -300 -450 0 -450 0 0 300 0 300 450 0 450 0 0 -300z M1500 1400 l0 -100 750 0 750 0 0 100 0 100 -750 0 -750 0 0 -100z"/></g></svg>
  <svg x='462' y='470'><g transform="translate(0.0,24.0) scale(0.01,-0.01)"><path class="sym-fill" fill="white" d="M1900 500 l0 -300 450 0 450 0 0 300 0 300 -450 0 -450 0 0 -300z"/><path class="sym-line" fill="black" d="M2200 2000 l0 -400 100 0 100 0 0 400 0 400 -100 0 -100 0 0 -400z M0 1400 l0 -100 750 0 750 0 0 100 0 100 -750 0 -750 0 0 -100z M1700 750 l0 -750 650 0 650 0 0 750 0 750 -650 0 -650 0 0 -750z m1100 -250 l0 -300 -450 0 -450 0 0 300 0 300 450 0 450 0 0 -300z"/></g></svg>
  <svg x='473' y='497'><g transform="translate(-0.221878406359,10.7500002304) scale(0.0103429235226,-0.00963778430032)"><path class="sym-line" fill="black" d="M430 895 l0 -205 -37 23 c-21 13 -95 61 -165 105 l-128 82 -36 -71 c-19 -40 -32 -75 -27 -79 4 -3 74 -48 156 -99 81 -51 147 -97 147 -101 0 -4 -66 -50 -147 -101 -82 -51 -152 -96 -156 -99 -5 -4 8 -39 27 -79 l36 -71 128 82 c70 44 144 92 165 105 l37 23 0 -205 0 -205 70 0 70 0 0 205 0 205 38 -23 c20 -13 94 -61 164 -105 l128 -82 36 71 c19 40 32 75 27 79 -4 3 -74 48 -155 99 -82 51 -148 97 -148 101 0 4 66 50 148 101 81 51 151 96 155 99 5 4 -8 39 -27 79 l-36 71 -128 -82 c-70 -44 -144 -92 -164 -105 l-38 -23 0 205 0 205 -70 0 -70 0 0 -205z"/></g></svg>
  <svg x='499' y='456'><g transform="translate(0.148922017325,24.0580861241) scale(0.00993671163373,-0.0100433737655)"><path class="sym-fill" fill="white" d="M1183 1473 l-764 -756 23 -22 c13 -12 76 -72 140 -135 l118 -113 485 479 c267 263 613 604 768 756 l282 276 -135 136 c-74 75 -139 136 -143 136 -5 0 -353 -341 -774 -757z"/><path class="sym-line" fill="black" d="M1250 1824 c-311 -306 -656 -647 -767 -758 l-203 -201 -140 140 -140 140 0 -558 0 -557 562 0 563 0 -138 138 -138 138 763 755 c420 415 763 758 763 763 0 4 -31 37 -70 71 l-70 63 -770 -759 -769 -760 -140 140 -140 140 495 487 c272 268 618 611 769 761 l275 273 -70 70 -70 70 -565 -556z"/></g></svg>
  <svg x='536' y='616'><g transform="translate(-0.221878406359,10.7500002304) scale(0.0103429235226,-0.00963778430032)"><path class="sym-line" fill="black" d="M430 895 l0 -205 -37 23 c-21 13 -95 61 -165 105 l-128 82 -36 -71 c-19 -40 -32 -75 -27 -79 4 -3 74 -48 156 -99 81 -51 147 -97 147 -101 0 -4 -66 -50 -147 -101 -82 -51 -152 -96 -156 -99 -5 -4 8 -39 27 -79 l36 -71 128 82 c70 44 144 92 165 105 l37 23 0 -205 0 -205 70 0 70 0 0 205 0 205 38 -23 c20 -13 94 -61 164 -105 l128 -82 36 71 c19 40 32 75 27 79 -4 3 -74 48 -155 99 -82 51 -148 97 -148 101 0 4 66 50 148 101 81 51 151 96 155 99 5 4 -8 39 -27 79 l-36 71 -128 -82 c-70 -44 -144 -92 -164 -105 l-38 -23 0 205 0 205 -70 0 -70 0 0 -205z"/></g></svg>
  <svg x='551' y='606'><g transform="translate(0.0,24.0) scale(0.01,-0.01)"><path class="sym-fill" fill="white" d="M200 500 l0 -300 450 0 450 0 0 300 0 300 -450 0 -450 0 0 -300z"/><path class="sym-line" fill="black" d="M600 2000 l0 -400 100 0 100 0 0 400 0 400 -100 0 -100 0 0 -400z M0 750 l0 -750 650 0 650 0 0 750 0 750 -650 0 -650 0 0 -750z m1100 -250 l0 -300 -450 0 -450 0 0 300 0 300 450 0 450 0 0 -300z M1500 1400 l0 -100 750 0 750 0 0 100 0 100 -750 0 -750 0 0 -100z"/></g></svg>
  <svg x='483' y='538'><g transform="translate(-0.0202640873613,34.8235379339) scale(0.00998278661735,-0.00997653818402)"><path class="sym-line" fill="black" d="M1650 3474 c-324 -38 -548 -110 -790 -254 -284 -168 -552 -464 -685 -755 -113 -247 -159 -457 -158 -730 0 -256 45 -464 149 -696 244 -548 766 -931 1389 -1020 115 -16 374 -16 490 0 799 113 1416 714 1526 1486 16 115 16 366 0 475 -59 392 -242 743 -527 1009 -272 254 -593 409 -974 471 -69 11 -361 21 -420 14z m368 -169 c56 -8 130 -22 165 -30 60 -15 187 -55 187 -58 0 -1 -7 -34 -15 -72 -19 -90 -19 -224 0 -317 9 -43 34 -112 62 -168 38 -76 63 -110 128 -175 129 -129 263 -193 449 -215 99 -12 232 -2 292 20 14 6 27 10 28 10 7 0 46 -119 65 -195 31 -129 42 -221 42 -365 0 -389 -134 -738 -399 -1035 -481 -540 -1281 -696 -1938 -379 -329 160 -595 421 -749 739 -108 222 -155 423 -155 673 0 200 24 345 90 529 152 427 528 798 963 952 262 92 532 122 785 86z m591 -196 c162 -89 326 -225 454 -379 76 -92 195 -275 185 -286 -9 -8 -121 -24 -173 -24 -136 1 -295 65 -394 160 -110 105 -169 228 -178 375 -5 74 10 195 24 195 4 0 40 -19 82 -41z"/></g></svg>
  <svg x='510' y='522'><g transform="translate(0.2012274365,22.7363438985) scale(0.00988875019564,-0.00991168243272)"><path class="sym-line" fill="black" d="M60 2215 l-65 -66 370 -365 c204 -200 430 -421 503 -491 l133 -126 65 63 c35 36 64 69 64 75 0 12 -977 969 -993 973 -7 1 -41 -27 -77 -63z M1625 1539 c-269 -265 -491 -487 -493 -493 -1 -6 192 -202 429 -434 l432 -423 161 158 c89 88 313 308 499 491 187 182 337 335 335 339 -7 16 -849 838 -861 840 -7 2 -232 -214 -502 -478z M1127 399 c-147 -144 -267 -264 -267 -268 0 -5 32 -36 70 -70 l70 -63 265 258 c146 142 264 263 263 269 -2 6 -33 39 -69 73 l-65 61 -267 -260z"/></g></svg>
  <svg x='520' y='564'><g transform="translate(-0.0593241440395,23.7554522998) scale(0.0100464968782,-0.00992321901409)"><path class="sym-fill" fill="white" d="M300 2095 l-134 -135 34 -37 c19 -20 360 -367 758 -769 l723 -732 132 135 c73 74 132 139 132 143 0 9 -1496 1530 -1505 1530 -3 0 -66 -61 -140 -135z"/><path class="sym-line" fill="black" d="M505 2309 l-67 -72 284 -286 c660 -664 1228 -1244 1228 -1255 0 -6 -60 -72 -134 -145 l-134 -134 -468 474 c-257 261 -600 607 -761 769 l-293 295 -69 -70 -70 -70 347 -352 c191 -194 531 -540 756 -768 l410 -416 -140 -140 -139 -139 558 0 557 0 0 562 0 563 -138 -138 -139 -138 -753 763 c-415 420 -757 764 -761 766 -3 1 -36 -30 -74 -69z"/></g></svg>
  <svg x='525' y='589'><g transform="translate(0.0,24.0) scale(0.01,-0.01)"><path class="sym-fill" fill="white" d="M1900 500 l0 -300 450 0 450 0 0 300 0 300 -450 0 -450 0 0 -300z"/><path class="sym-line" fill="black" d="M2200 2000 l0 -400 100 0 100 0 0 400 0 400 -100 0 -100 0 0 -400z M0 1400 l0 -100 750 0 750 0 0 100 0 100 -750 0 -750 0 0 -100z M1700 750 l0 -750 650 0 650 0 0 750 0 750 -650 0 -650 0 0 -750z m1100 -250 l0 -300 -450 0 -450 0 0 300 0 300 450 0 450 0 0 -300z"/></g></svg>
</svg>