<svg version='1.1' xmlns='http://www.w3.org/2000/svg' width='71' height='126' viewBox='464 437 71 126'>
  <text font-size='0'>AS1d152S15a56S2e206S20800S20350S20350S26500S26504S26510S26514S2fb00M535x563S15a56477x467S1d152467x437S20800465x454S2e206501x442S20350471x548S20350510x548S26500501x523S26504519x523S26510464x524S26514480x524S2fb00490x515</text>
  <svg x='477' y='467'><g transform="translate(0.150976194493,11.7516936221) scale(0.00983400277537,-0.00966938010173)"><path class="sym-fill" fill="white" d="M1400 600 l0 -600 150 0 150 0 0 600 0 600 -150 0 -150 0 0 -600z"/><path class="sym-line" fill="black" d="M0 600 l0 -600 700 0 700 0 0 600 0 600 -700 0 -700 0 0 -600z M1700 600 l0 -600 203 0 202 0 300 300 300 300 -300 300 -300 300 -202 0 -203 0 0 -600z"/></g></svg>
  <svg x='467' y='437'><g transform="translate(0.150504290662,28.7544385225) scale(0.00985759796689,-0.0099333194193)"><path class="sym-line" fill="black" d="M992 2810 c-56 -62 -62 -72 -50 -88 7 -11 70 -78 139 -151 l127 -132 137 3 138 3 -204 217 c-112 119 -208 217 -214 217 -5 0 -38 -31 -73 -69z M320 2465 c-22 -48 -40 -92 -40 -98 0 -9 866 -460 932 -485 4 -2 8 48 8 111 l0 115 -327 167 c-181 92 -374 192 -431 222 l-102 55 -40 -87z M1390 1855 l0 -395 705 0 705 0 0 395 0 395 -705 0 -705 0 0 -395z M0 1565 l0 -105 610 0 610 0 0 105 0 105 -610 0 -610 0 0 -105z M1390 635 l0 -635 100 0 100 0 0 635 0 635 -100 0 -100 0 0 -635z M2346 1208 c-100 -387 -205 -823 -199 -828 13 -11 173 -53 179 -47 3 3 59 215 124 471 l118 466 -103 0 -103 0 -16 -62z"/></g></svg>
  <svg x='465' y='454'><g transform="translate(0.0,10.0) scale(0.01,-0.01)"><path class="sym-line" fill="black" d="M400 800 l0 -200 -200 0 -200 0 0 -100 0 -100 200 0 200 0 0 -200 0 -200 100 0 100 0 0 200 0 200 200 0 200 0 0 100 0 100 -200 0 -200 0 0 200 0 200 -100 0 -100 0 0 -200z"/></g></svg>
  <svg x='501' y='442'><g transform="translate(0.0,20.0) scale(0.01,-0.01)"><path class="sym-fill" fill="white" d="M0 950 l0 -150 629 0 628 0 7 38 c3 20 6 71 6 112 0 41 -3 92 -6 113 l-7 37 -628 0 -629 0 0 -150z M1375 950 l0 -150 258 0 c236 0 258 1 265 18 9 22 9 242 0 265 -7 16 -29 17 -265 17 l-258 0 0 -150z M2015 950 l0 -150 257 0 258 0 7 28 c10 35 10 209 0 245 l-7 27 -258 0 -257 0 0 -150z M2651 1058 c4 -24 8 -72 8 -108 0 -36 -4 -84 -8 -107 l-8 -43 378 0 379 0 0 150 0 150 -379 0 -378 0 8 -42z"/><path class="sym-line" fill="black" d="M530 1650 c0 -192 3 -350 6 -350 4 0 78 68 166 151 l158 151 105 -97 c58 -54 125 -121 149 -149 40 -48 96 -134 96 -149 0 -4 -272 -7 -605 -7 l-605 0 0 -50 0 -50 630 0 629 0 8 -37 c4 -21 7 -72 7 -113 0 -41 -3 -92 -7 -112 l-8 -38 -629 0 -630 0 0 -50 0 -50 605 0 c333 0 605 -3 605 -7 0 -11 -52 -96 -81 -133 -16 -19 -134 -136 -263 -260 l-235 -225 37 -38 c20 -21 42 -36 49 -35 24 6 494 470 538 533 25 34 55 86 66 114 l22 51 253 0 c140 0 254 -4 254 -8 0 -5 -17 -36 -39 -69 -34 -53 -147 -168 -466 -476 l-80 -77 40 -35 c22 -19 45 -34 50 -35 6 0 130 118 276 263 256 252 267 265 309 350 l44 87 253 0 254 0 -27 -53 c-20 -38 -96 -120 -293 -314 l-265 -262 34 -36 c19 -19 40 -35 47 -35 7 0 123 106 258 236 245 236 308 311 356 418 l20 46 389 0 390 0 0 50 0 50 -381 0 -381 0 7 27 c8 35 8 211 0 246 l-7 27 381 0 381 0 0 50 0 50 -390 0 -389 0 -20 46 c-47 105 -110 180 -338 399 -303 292 -264 264 -313 225 -22 -17 -40 -35 -40 -39 0 -5 53 -59 118 -122 287 -278 408 -405 435 -456 l28 -53 -254 0 -253 0 -44 88 c-41 82 -55 99 -258 300 -118 116 -220 212 -227 212 -15 0 -78 -66 -74 -78 2 -5 78 -81 169 -168 91 -87 182 -177 202 -199 37 -42 98 -133 98 -147 0 -4 -114 -8 -254 -8 l-254 0 -17 43 c-32 81 -80 143 -227 293 l-148 150 165 154 c91 85 165 155 165 157 0 2 -169 3 -375 3 l-375 0 0 -350z m1375 -587 c9 -47 9 -179 0 -226 l-7 -37 -262 0 -261 0 0 150 0 150 261 0 262 0 7 -37z m639 -9 c8 -60 8 -148 0 -208 l-7 -46 -269 0 -268 0 7 28 c4 15 7 70 7 122 0 52 -3 107 -7 123 l-7 27 268 0 269 0 7 -46z"/></g></svg>
  <svg x='471' y='548'><g transform="translate(0.0,15.0) scale(0.01,-0.01)"><path class="sym-fill" fill="white" d="M0 950 l0 -150 750 0 750 0 0 150 0 150 -750 0 -750 0 0 -150z"/><path class="sym-line" fill="black" d="M0 1300 l0 -200 750 0 750 0 0 200 0 200 -750 0 -750 0 0 -200z M0 400 l0 -400 750 0 750 0 0 400 0 400 -750 0 -750 0 0 -400z"/></g></svg>
  <svg x='510' y='548'><g transform="translate(0.0,15.0) scale(0.01,-0.01)"><path class="sym-fill" fill="white" d="M0 950 l0 -150 750 0 750 0 0 150 0 150 -750 0 -750 0 0 -150z"/><path class="sym-line" fill="black" d="M0 1300 l0 -200 750 0 750 0 0 200 0 200 -750 0 -750 0 0 -200z M0 400 l0 -400 750 0 750 0 0 400 0 400 -750 0 -750 0 0 -400z"/></g></svg>
  <svg x='501' y='523'><g transform="translate(0.199517282911,14.7505211307) scale(0.00964541675618,-0.00973472242044)"><path class="sym-line" fill="black" d="M345 1150 l-350 -350 303 0 302 0 0 -400 0 -400 100 0 100 0 0 400 0 400 302 0 303 0 -350 350 c-192 193 -352 350 -355 350 -3 0 -163 -157 -355 -350z"/></g></svg>
  <svg x='519' y='523'><g transform="translate(0.199517282911,14.7025292494) scale(0.00964541675618,-0.00970272783292)"><path class="sym-line" fill="black" d="M600 1100 l0 -400 -302 0 -303 0 353 -352 352 -353 352 353 353 352 -303 0 -302 0 0 400 0 400 -100 0 -100 0 0 -400z"/></g></svg>
  <svg x='464' y='524'><g transform="translate(0.199517282911,14.7505211307) scale(0.00964541675618,-0.00973472242044)"><path class="sym-fill" fill="white" d="M470 1125 l-225 -225 455 0 455 0 -225 225 c-124 124 -227 225 -230 225 -3 0 -106 -101 -230 -225z"/><path class="sym-line" fill="black" d="M345 1150 l-350 -350 303 0 302 0 0 -400 0 -400 100 0 100 0 0 400 0 400 302 0 303 0 -350 350 c-192 193 -352 350 -355 350 -3 0 -163 -157 -355 -350z m585 -25 l225 -225 -455 0 -455 0 225 225 c124 124 227 225 230 225 3 0 106 -101 230 -225z"/></g></svg>
  <svg x='480' y='524'><g transform="translate(0.199517282911,14.7025292494) scale(0.00964541675618,-0.00970272783292)"><path class="sym-fill" fill="white" d="M473 373 l227 -228 227 228 228 227 -455 0 -455 0 228 -227z"/><path class="sym-line" fill="black" d="M600 1100 l0 -400 -302 0 -303 0 353 -352 352 -353 352 353 353 352 -303 0 -302 0 0 400 0 400 -100 0 -100 0 0 -400z m327 -727 l-227 -228 -227 228 -228 227 455 0 455 0 -228 -227z"/></g></svg>
  <svg x='490' y='515'><g transform="translate(0.169849905175,5.76208528494) scale(0.0097007872376,-0.00950858679199)"><path class="sym-line" fill="black" d="M552 580 c-226 -60 -429 -239 -518 -459 -13 -33 -27 -73 -30 -90 l-6 -31 60 0 61 0 42 83 c54 103 163 217 264 273 205 113 445 113 650 0 101 -56 210 -170 264 -273 l42 -83 61 0 61 0 -7 31 c-22 111 -99 242 -206 349 -99 99 -217 167 -346 200 -105 27 -289 27 -392 0z"/></g></svg>
</svg>