<svg version='1.1' xmlns='http://www.w3.org/2000/svg' width='167' height='100' viewBox='372 482 167 100'>
  <text font-size='0'>AS1dc20S1dc28S22a06S22a12S20320S20328S32103S2fb04M539x582S1dc20463x540S20320524x555S1dc28423x540S20328372x555S22a06498x555S22a12397x556S2fb04447x576S32103482x482</text>
  <svg x='463' y='540'><g transform="translate(0.0,30.0) scale(0.01,-0.01)"><path class="sym-line" fill="black" d="M900 1900 l0 -1100 -450 0 -450 0 0 -100 0 -100 450 0 450 0 0 -300 0 -300 750 0 750 0 0 750 0 750 -650 0 -650 0 0 750 0 750 -100 0 -100 0 0 -1100z"/></g></svg>
  <svg x='524' y='555'><g transform="translate(0.0,15.0) scale(0.01,-0.01)"><path class="sym-line" fill="black" d="M0 750 l0 -750 750 0 750 0 0 750 0 750 -750 0 -750 0 0 -750z"/></g></svg>
  <svg x='423' y='540'><g transform="translate(0.0,30.0) scale(0.01,-0.01)"><path class="sym-line" fill="black" d="M1300 2250 l0 -750 -650 0 -650 0 0 -750 0 -750 750 0 750 0 0 300 0 300 450 0 450 0 0 100 0 100 -450 0 -450 0 0 1100 0 1100 -100 0 -100 0 0 -750z"/></g></svg>
  <svg x='372' y='555'><g transform="translate(0.0,15.0) scale(0.01,-0.01)"><path class="sym-line" fill="black" d="M0 750 l0 -750 750 0 750 0 0 750 0 750 -750 0 -750 0 0 -750z"/></g></svg>
  <svg x='498' y='555'><g transform="translate(0.149086073535,12.8620963812) scale(0.00973319632325,-0.00982260446778)"><path class="sym-fill" fill="white" d="M0 650 l0 -140 400 0 400 0 0 140 0 140 -400 0 -400 0 0 -140z"/><path class="sym-line" fill="black" d="M800 1132 l0 -162 -400 0 -400 0 0 -90 0 -90 400 0 400 0 0 -140 0 -140 -400 0 -400 0 0 -90 0 -90 400 0 400 0 2 -159 3 -160 348 315 c191 174 347 319 347 324 0 4 -143 138 -317 296 -175 158 -333 301 -350 318 l-33 30 0 -162z"/></g></svg>
  <svg x='397' y='556'><g transform="translate(0.149086073535,12.8637027287) scale(0.00973319632325,-0.00985729409582)"><path class="sym-fill" fill="white" d="M375 860 c-121 -110 -220 -204 -220 -210 0 -6 99 -100 220 -210 l220 -198 3 204 c1 112 1 296 0 408 l-3 204 -220 -198z M700 650 l0 -140 400 0 400 0 0 140 0 140 -400 0 -400 0 0 -140z"/><path class="sym-line" fill="black" d="M348 974 c-192 -174 -348 -319 -348 -324 0 -5 156 -150 347 -324 l348 -315 3 160 2 159 400 0 400 0 0 90 0 90 -400 0 -400 0 0 140 0 140 400 0 400 0 0 90 0 90 -400 0 -400 0 -2 159 -3 160 -347 -315z m250 -530 l-3 -206 -222 202 c-123 111 -223 205 -223 210 0 5 100 99 223 210 l222 202 3 -206 c1 -113 1 -299 0 -412z"/></g></svg>
  <svg x='447' y='576'><g transform="translate(0.178125321737,5.7484375) scale(0.00969593203301,-0.00933333333333)"><path class="sym-line" fill="black" d="M4 569 c22 -111 99 -242 206 -349 151 -151 320 -220 540 -220 220 0 389 69 540 220 107 107 184 238 206 349 l7 31 -61 0 -61 0 -42 -82 c-54 -104 -163 -218 -264 -274 -154 -85 -340 -108 -501 -61 -176 51 -331 177 -413 335 l-42 82 -61 0 -61 0 7 -31z"/></g></svg>
  <svg x='482' y='482'><g transform="translate(0.149874875465,34.7500790925) scale(0.00988906872676,-0.00988956850125)"><path class="sym-line" fill="black" d="M1528 3484 c-592 -92 -1088 -447 -1348 -963 -125 -249 -180 -485 -180 -771 0 -480 183 -911 529 -1242 350 -336 780 -508 1271 -508 451 0 864 150 1193 434 326 281 517 620 591 1051 21 121 21 409 0 530 -43 252 -114 444 -237 639 -282 453 -741 750 -1284 831 -127 19 -413 18 -535 -1z m607 -173 c583 -126 1038 -523 1224 -1069 59 -173 75 -277 75 -492 0 -165 -3 -211 -22 -300 -71 -327 -228 -611 -458 -829 -186 -177 -381 -295 -614 -374 -176 -60 -282 -78 -490 -84 -247 -7 -416 19 -628 97 -549 201 -944 674 -1043 1250 -17 97 -17 383 0 480 99 576 495 1050 1043 1250 105 38 177 58 303 81 143 26 467 21 610 -10z M1142 2402 l-183 -177 40 -39 40 -39 108 101 c59 55 144 137 188 182 l80 81 -39 35 c-22 19 -42 34 -45 34 -3 -1 -88 -81 -189 -178z M2278 2406 c-98 -95 -178 -177 -178 -182 0 -6 15 -25 34 -43 l35 -34 38 31 c21 17 105 98 188 181 l149 151 -34 35 c-19 19 -39 35 -44 34 -6 0 -91 -78 -188 -173z M820 2085 l0 -285 295 0 295 0 0 57 0 56 -240 -6 -240 -6 0 234 0 235 -55 0 -55 0 0 -285z M1362 2192 l-183 -177 41 -40 40 -39 53 49 c28 27 112 108 184 180 l133 129 -37 38 c-20 21 -40 38 -43 38 -3 -1 -87 -81 -188 -178z M1950 2085 l0 -285 295 0 295 0 0 57 0 56 -240 -6 -240 -6 0 234 0 235 -55 0 -55 0 0 -285z M2493 2191 l-182 -178 39 -38 c48 -46 22 -63 247 159 l163 160 -37 38 c-20 21 -40 38 -43 38 -3 -1 -87 -81 -187 -179z"/></g></svg>
</svg>