<svg version='1.1' xmlns='http://www.w3.org/2000/svg' width='108' height='87' viewBox='482 482 108 87'>
  <text font-size='0'>AS1ea00S1ea50S15d09S2ff00S22b04S28906S22f07S20500M590x569S1ea50551x548S15d09536x531S22f07569x539S20500495x503S2ff00482x482S1ea00486x518S22b04517x518S28906513x521</text>
  <svg x='551' y='548'><g transform="translate(0.151152075959,20.7518739558) scale(0.00982520870203,-0.0098527402457)"><path class="sym-line" fill="black" d="M343 2085 c-166 -45 -280 -168 -327 -351 -12 -46 -16 -111 -16 -248 l0 -186 99 0 98 0 6 183 c5 199 16 247 66 308 16 19 31 32 34 29 2 -3 91 -331 198 -728 l194 -724 3 402 2 402 -90 342 c-50 187 -93 349 -96 359 -7 23 35 23 101 0 104 -35 168 -139 181 -293 l7 -80 98 0 99 0 0 98 c0 162 -39 270 -131 360 -58 56 -144 103 -235 126 -76 20 -220 20 -291 1z M800 650 l0 -650 750 0 750 0 0 650 0 650 -750 0 -750 0 0 -650z"/></g></svg>
  <svg x='536' y='531'><g transform="translate(0.149415820392,22.899520137) scale(0.00991202148038,-0.00989177505957)"><path class="sym-fill" fill="white" d="M910 1475 l-625 -625 275 -275 275 -275 622 622 623 623 0 277 0 278 -273 0 -272 0 -625 -625z"/><path class="sym-line" fill="black" d="M932 1778 l-522 -523 0 313 0 312 -100 0 -100 0 0 -412 0 -413 -105 -105 -105 -105 415 -415 415 -415 725 725 725 725 0 417 0 418 -413 0 -412 0 -523 -522z m1156 47 l2 -270 -630 -630 -630 -630 -275 275 -275 275 627 628 628 627 275 -2 275 -3 3 -270z"/></g></svg>
  <svg x='569' y='539'><g transform="translate(-0.000657669751704,20.8621610495) scale(0.00997603292154,-0.00999947410356)"><path class="sym-fill" fill="white" d="M402 1437 l-242 -242 105 -105 105 -105 245 245 245 245 -102 102 c-57 57 -105 103 -108 103 -3 0 -114 -109 -248 -243z M1240 605 l-245 -245 105 -105 105 -105 245 245 245 245 -105 105 -105 105 -245 -245z"/><path class="sym-line" fill="black" d="M385 1950 l120 -120 -245 -245 -245 -245 73 -72 72 -73 248 248 247 247 105 -105 105 -105 -248 -248 -247 -247 70 -70 70 -70 245 245 245 245 170 -170 170 -170 -240 -240 c-132 -132 -240 -245 -240 -250 0 -5 30 -40 67 -77 l68 -68 247 247 248 248 105 -105 105 -105 -247 -247 -248 -248 70 -70 70 -70 245 245 245 245 122 -122 123 -123 0 493 0 492 -415 0 -415 0 0 415 0 415 -492 0 -493 0 120 -120z"/></g></svg>
  <svg x='495' y='503'><g transform="translate(-0.221878406359,10.7500002304) scale(0.0103429235226,-0.00963778430032)"><path class="sym-line" fill="black" d="M430 895 l0 -205 -37 23 c-21 13 -95 61 -165 105 l-128 82 -36 -71 c-19 -40 -32 -75 -27 -79 4 -3 74 -48 156 -99 81 -51 147 -97 147 -101 0 -4 -66 -50 -147 -101 -82 -51 -152 -96 -156 -99 -5 -4 8 -39 27 -79 l36 -71 128 82 c70 44 144 92 165 105 l37 23 0 -205 0 -205 70 0 70 0 0 205 0 205 38 -23 c20 -13 94 -61 164 -105 l128 -82 36 71 c19 40 32 75 27 79 -4 3 -74 48 -155 99 -82 51 -148 97 -148 101 0 4 66 50 148 101 81 51 151 96 155 99 5 4 -8 39 -27 79 l-36 71 -128 -82 c-70 -44 -144 -92 -164 -105 l-38 -23 0 205 0 205 -70 0 -70 0 0 -205z"/></g></svg>
  <svg x='482' y='482'><g transform="translate(0.149874875465,34.7500790925) scale(0.00988906872676,-0.00988956850125)"><path class="sym-line" fill="black" d="M1528 3484 c-592 -92 -1088 -447 -1348 -963 -125 -249 -180 -485 -180 -771 0 -480 183 -911 529 -1242 350 -336 780 -508 1271 -508 451 0 864 150 1193 434 326 281 517 620 591 1051 21 121 21 409 0 530 -43 252 -114 444 -237 639 -282 453 -741 750 -1284 831 -127 19 -413 18 -535 -1z m607 -173 c583 -126 1038 -523 1224 -1069 59 -173 75 -277 75 -492 0 -165 -3 -211 -22 -300 -71 -327 -228 -611 -458 -829 -186 -177 -381 -295 -614 -374 -176 -60 -282 -78 -490 -84 -247 -7 -416 19 -628 97 -549 201 -944 674 -1043 1250 -17 97 -17 383 0 480 99 576 495 1050 1043 1250 105 38 177 58 303 81 143 26 467 21 610 -10z"/></g></svg>
  <svg x='486' y='518'><g transform="translate(0.151152075959,20.7518739558) scale(0.00982520870203,-0.0098527402457)"><path class="sym-fill" fill="white" d="M1000 750 l0 -550 550 0 550 0 0 550 0 550 -550 0 -550 0 0 -550z"/><path class="sym-line" fill="black" d="M343 2085 c-166 -45 -280 -168 -327 -351 -12 -46 -16 -111 -16 -248 l0 -186 99 0 98 0 6 183 c5 199 16 247 66 308 16 19 31 32 34 29 2 -3 114 -413 248 -912 l243 -908 753 0 753 0 0 750 0 750 -650 0 -650 0 0 98 c0 162 -39 270 -131 360 -58 56 -144 103 -235 126 -76 20 -220 20 -291 1z m272 -212 c65 -22 126 -84 156 -159 23 -58 24 -65 27 -479 2 -231 1 -418 -1 -415 -3 3 -66 237 -141 520 -76 283 -139 523 -142 533 -7 23 35 23 101 0z m1485 -1123 l0 -550 -550 0 -550 0 0 550 0 550 550 0 550 0 0 -550z"/></g></svg>
  <svg x='517' y='518'><g transform="translate(0.198426155669,29.702611239) scale(0.00968892587986,-0.00985139124633)"><path class="sym-fill" fill="white" d="M600 1900 l0 -1100 200 0 200 0 0 1100 0 1100 -200 0 -200 0 0 -1100z"/><path class="sym-line" fill="black" d="M400 1900 l0 -1100 -202 0 -203 0 403 -402 402 -403 402 403 403 402 -203 0 -202 0 0 1100 0 1100 -100 0 -100 0 0 -1100 0 -1100 -200 0 -200 0 0 1100 0 1100 -100 0 -100 0 0 -1100z"/></g></svg>
  <svg x='513' y='521'><g transform="translate(0.0,15.0) scale(0.01,-0.01)"><path class="sym-fill" fill="white" d="M242 1157 l-142 -142 322 -321 c380 -377 440 -423 648 -489 226 -72 434 -72 660 0 188 60 279 123 518 359 l192 190 -142 143 -142 143 -191 -189 c-174 -172 -197 -192 -275 -230 -193 -94 -387 -94 -580 0 -82 40 -97 53 -405 360 l-320 319 -143 -143z"/><path class="sym-line" fill="black" d="M1870 1325 l175 -175 -160 -160 c-88 -89 -183 -177 -211 -196 -155 -107 -356 -114 -523 -18 -26 15 -179 159 -346 325 -166 165 -305 299 -311 299 -5 0 -32 -23 -59 -50 l-50 -50 295 -296 c325 -325 389 -376 523 -420 69 -23 100 -27 197 -27 97 0 128 4 196 27 122 39 191 90 387 284 l177 177 140 -140 c77 -77 139 -143 138 -147 -7 -17 -348 -355 -400 -395 -362 -278 -890 -283 -1259 -13 -30 22 -194 180 -366 352 l-312 313 -51 -50 c-27 -27 -50 -54 -50 -60 0 -5 143 -153 317 -327 384 -382 458 -438 688 -516 125 -43 246 -62 395 -62 149 0 270 19 395 62 208 71 315 145 562 391 l193 192 175 -175 175 -175 0 603 0 602 -602 0 -603 0 175 -175z"/></g></svg>
</svg>