<svg version='1.1' xmlns='http://www.w3.org/2000/svg' width='179' height='41' viewBox='411 479 179 41'>
  <text font-size='0'>AS1ef10S1ef18S20500S26a06S26a12S1f410S1f418S2fb04M590x520S1f410561x492S1f418411x493S26a06538x489S26a12448x489S1ef10502x493S1ef18468x493S20500496x479S2fb04492x514</text>
  <svg x='561' y='492'><g transform="translate(0.0,15.0) scale(0.01,-0.01)"><path class="sym-fill" fill="white" d="M1600 750 l0 -550 300 0 300 0 0 550 0 550 -300 0 -300 0 0 -550z"/><path class="sym-line" fill="black" d="M0 1400 l0 -100 318 0 317 0 383 -383 382 -382 0 -268 0 -267 750 0 750 0 0 750 0 750 -1450 0 -1450 0 0 -100z m1400 -330 c0 -126 -1 -230 -3 -230 -1 0 -106 104 -232 230 l-230 230 233 0 232 0 0 -230z m800 -320 l0 -550 -300 0 -300 0 0 550 0 550 300 0 300 0 0 -550z"/></g></svg>
  <svg x='411' y='493'><g transform="translate(0.0,15.0) scale(0.01,-0.01)"><path class="sym-fill" fill="white" d="M700 750 l0 -550 300 0 300 0 0 550 0 550 -300 0 -300 0 0 -550z"/><path class="sym-line" fill="black" d="M0 750 l0 -750 750 0 750 0 0 268 0 267 383 383 382 382 318 0 317 0 0 100 0 100 -1450 0 -1450 0 0 -750z m1300 0 l0 -550 -300 0 -300 0 0 550 0 550 300 0 300 0 0 -550z m660 547 c0 -1 -104 -106 -230 -232 l-230 -230 0 233 0 232 230 0 c127 0 230 -1 230 -3z"/></g></svg>
  <svg x='538' y='489'><g transform="translate(0.150154255097,26.6987646633) scale(0.00967978724514,-0.00981574685289)"><path class="sym-line" fill="black" d="M700 2402 l0 -302 -350 0 -350 0 0 -100 0 -100 350 0 350 0 0 -550 0 -550 -350 0 -350 0 0 -100 0 -100 350 0 350 0 0 -302 0 -303 352 352 353 353 -325 325 -325 325 325 325 325 325 -353 353 -352 352 0 -303z"/></g></svg>
  <svg x='448' y='489'><g transform="translate(0.198655335493,26.6999810561) scale(0.00967978724514,-0.00983390502079)"><path class="sym-fill" fill="white" d="M370 2225 l-225 -225 228 -228 227 -227 0 453 c0 248 -1 452 -3 452 -1 0 -103 -101 -227 -225z M370 925 l-225 -225 228 -228 227 -227 0 453 c0 248 -1 452 -3 452 -1 0 -103 -101 -227 -225z"/><path class="sym-line" fill="black" d="M345 2350 l-350 -350 325 -325 325 -325 -325 -325 -325 -325 353 -353 352 -352 0 303 0 302 350 0 350 0 0 100 0 100 -350 0 -350 0 0 550 0 550 350 0 350 0 0 100 0 100 -350 0 -350 0 -2 300 -3 300 -350 -350z m255 -352 l0 -453 -227 227 -228 228 225 225 c124 124 226 225 227 225 2 0 3 -204 3 -452z m0 -1300 l0 -453 -227 227 -228 228 225 225 c124 124 226 225 227 225 2 0 3 -204 3 -452z"/></g></svg>
  <svg x='502' y='493'><g transform="translate(0.0,15.0) scale(0.01,-0.01)"><path class="sym-fill" fill="white" d="M1600 750 l0 -550 300 0 300 0 0 550 0 550 -300 0 -300 0 0 -550z"/><path class="sym-line" fill="black" d="M0 1400 l0 -100 700 0 700 0 0 -550 0 -550 -550 0 -550 0 0 -100 0 -100 1300 0 1300 0 0 750 0 750 -1450 0 -1450 0 0 -100z m2200 -650 l0 -550 -300 0 -300 0 0 550 0 550 300 0 300 0 0 -550z"/></g></svg>
  <svg x='468' y='493'><g transform="translate(0.0,15.0) scale(0.01,-0.01)"><path class="sym-fill" fill="white" d="M700 750 l0 -550 300 0 300 0 0 550 0 550 -300 0 -300 0 0 -550z"/><path class="sym-line" fill="black" d="M0 750 l0 -750 1300 0 1300 0 0 100 0 100 -550 0 -550 0 0 550 0 550 700 0 700 0 0 100 0 100 -1450 0 -1450 0 0 -750z m1300 0 l0 -550 -300 0 -300 0 0 550 0 550 300 0 300 0 0 -550z"/></g></svg>
  <svg x='496' y='479'><g transform="translate(-0.221878406359,10.7500002304) scale(0.0103429235226,-0.00963778430032)"><path class="sym-line" fill="black" d="M430 895 l0 -205 -37 23 c-21 13 -95 61 -165 105 l-128 82 -36 -71 c-19 -40 -32 -75 -27 -79 4 -3 74 -48 156 -99 81 -51 147 -97 147 -101 0 -4 -66 -50 -147 -101 -82 -51 -152 -96 -156 -99 -5 -4 8 -39 27 -79 l36 -71 128 82 c70 44 144 92 165 105 l37 23 0 -205 0 -205 70 0 70 0 0 205 0 205 38 -23 c20 -13 94 -61 164 -105 l128 -82 36 71 c19 40 32 75 27 79 -4 3 -74 48 -155 99 -82 51 -148 97 -148 101 0 4 66 50 148 101 81 51 151 96 155 99 5 4 -8 39 -27 79 l-36 71 -128 -82 c-70 -44 -144 -92 -164 -105 l-38 -23 0 205 0 205 -70 0 -70 0 0 -205z"/></g></svg>
  <svg x='492' y='514'><g transform="translate(0.178125321737,5.7484375) scale(0.00969593203301,-0.00933333333333)"><path class="sym-line" fill="black" d="M4 569 c22 -111 99 -242 206 -349 151 -151 320 -220 540 -220 220 0 389 69 540 220 107 107 184 238 206 349 l7 31 -61 0 -61 0 -42 -82 c-54 -104 -163 -218 -264 -274 -154 -85 -340 -108 -501 -61 -176 51 -331 177 -413 335 l-42 82 -61 0 -61 0 7 -31z"/></g></svg>
</svg>