<svg version='1.1' xmlns='http://www.w3.org/2000/svg' width='85' height='83' viewBox='458 458 85 83'>
  <text font-size='0'>AS1ef40S1ef48S22a04S2f900S1ef48S1ef42S22a04S2f900M543x541S1ef40495x462S1ef48458x461S1ef48471x526S1ef42485x494S22a04530x458S22a04507x493S2f900531x475S2f900508x513</text>
  <svg x='495' y='462'><g transform="translate(0.0,15.0) scale(0.01,-0.01)"><path class="sym-fill" fill="white" d="M1800 750 l0 -550 250 0 250 0 0 550 0 550 -250 0 -250 0 0 -550z"/><path class="sym-line" fill="black" d="M0 1400 l0 -100 700 0 700 0 0 100 0 100 -700 0 -700 0 0 -100z M1600 750 l0 -750 650 0 650 0 0 750 0 750 -650 0 -650 0 0 -750z m700 0 l0 -550 -250 0 -250 0 0 550 0 550 250 0 250 0 0 -550z M300 100 l0 -100 550 0 550 0 0 100 0 100 -550 0 -550 0 0 -100z"/></g></svg>
  <svg x='458' y='461'><g transform="translate(0.0,15.0) scale(0.01,-0.01)"><path class="sym-fill" fill="white" d="M600 750 l0 -550 250 0 250 0 0 550 0 550 -250 0 -250 0 0 -550z"/><path class="sym-line" fill="black" d="M0 750 l0 -750 650 0 650 0 0 750 0 750 -650 0 -650 0 0 -750z m1100 0 l0 -550 -250 0 -250 0 0 550 0 550 250 0 250 0 0 -550z M1500 1400 l0 -100 700 0 700 0 0 100 0 100 -700 0 -700 0 0 -100z M1500 100 l0 -100 550 0 550 0 0 100 0 100 -550 0 -550 0 0 -100z"/></g></svg>
  <svg x='471' y='526'><g transform="translate(0.0,15.0) scale(0.01,-0.01)"><path class="sym-fill" fill="white" d="M600 750 l0 -550 250 0 250 0 0 550 0 550 -250 0 -250 0 0 -550z"/><path class="sym-line" fill="black" d="M0 750 l0 -750 650 0 650 0 0 750 0 750 -650 0 -650 0 0 -750z m1100 0 l0 -550 -250 0 -250 0 0 550 0 550 250 0 250 0 0 -550z M1500 1400 l0 -100 700 0 700 0 0 100 0 100 -700 0 -700 0 0 -100z M1500 100 l0 -100 550 0 550 0 0 100 0 100 -550 0 -550 0 0 -100z"/></g></svg>
  <svg x='485' y='494'><g transform="translate(0.0,29.0) scale(0.01,-0.01)"><path class="sym-fill" fill="white" d="M200 2050 l0 -250 550 0 550 0 0 250 0 250 -550 0 -550 0 0 -250z"/><path class="sym-line" fill="black" d="M0 2250 l0 -650 750 0 750 0 0 650 0 650 -750 0 -750 0 0 -650z m1300 -200 l0 -250 -550 0 -550 0 0 250 0 250 550 0 550 0 0 -250z M0 700 l0 -700 100 0 100 0 0 700 0 700 -100 0 -100 0 0 -700z M1300 850 l0 -550 100 0 100 0 0 550 0 550 -100 0 -100 0 0 -550z"/></g></svg>
  <svg x='530' y='458'><g transform="translate(0.043463926586,14.7505211307) scale(0.00985915292844,-0.00973472242044)"><path class="sym-fill" fill="white" d="M510 1100 l0 -400 140 0 140 0 0 400 0 400 -140 0 -140 0 0 -400z"/><path class="sym-line" fill="black" d="M330 1100 l0 -400 -159 -2 -160 -3 315 -347 c174 -192 319 -348 324 -348 5 0 150 156 324 348 l315 347 -160 3 -159 2 0 400 0 400 -90 0 -90 0 0 -400 0 -400 -140 0 -140 0 0 400 0 400 -90 0 -90 0 0 -400z"/></g></svg>
  <svg x='507' y='493'><g transform="translate(0.043463926586,14.7505211307) scale(0.00985915292844,-0.00973472242044)"><path class="sym-fill" fill="white" d="M510 1100 l0 -400 140 0 140 0 0 400 0 400 -140 0 -140 0 0 -400z"/><path class="sym-line" fill="black" d="M330 1100 l0 -400 -159 -2 -160 -3 315 -347 c174 -192 319 -348 324 -348 5 0 150 156 324 348 l315 347 -160 3 -159 2 0 400 0 400 -90 0 -90 0 0 -400 0 -400 -140 0 -140 0 0 400 0 400 -90 0 -90 0 0 -400z"/></g></svg>
  <svg x='531' y='475'><g transform="translate(0.180786096011,4.75000053092) scale(0.00958087152387,-0.00920312606184)"><path class="sym-line" fill="black" d="M245 488 c-55 -20 -116 -69 -150 -121 -45 -68 -84 -193 -92 -289 l-6 -78 107 0 106 0 0 40 c0 57 36 145 71 175 37 30 91 33 131 7 15 -10 53 -49 85 -87 82 -98 136 -129 231 -134 87 -4 139 9 200 51 86 59 157 215 169 371 l6 77 -107 0 -106 0 0 -40 c0 -57 -36 -145 -71 -175 -37 -30 -91 -33 -131 -7 -15 10 -53 49 -85 87 -32 38 -81 83 -107 100 -44 27 -59 30 -135 32 -47 1 -99 -3 -116 -9z"/></g></svg>
  <svg x='508' y='513'><g transform="translate(0.180786096011,4.75000053092) scale(0.00958087152387,-0.00920312606184)"><path class="sym-line" fill="black" d="M245 488 c-55 -20 -116 -69 -150 -121 -45 -68 -84 -193 -92 -289 l-6 -78 107 0 106 0 0 40 c0 57 36 145 71 175 37 30 91 33 131 7 15 -10 53 -49 85 -87 82 -98 136 -129 231 -134 87 -4 139 9 200 51 86 59 157 215 169 371 l6 77 -107 0 -106 0 0 -40 c0 -57 -36 -145 -71 -175 -37 -30 -91 -33 -131 -7 -15 10 -53 49 -85 87 -32 38 -81 83 -107 100 -44 27 -59 30 -135 32 -47 1 -99 -3 -116 -9z"/></g></svg>
</svg>