<svg version='1.1' xmlns='http://www.w3.org/2000/svg' width='84' height='98' viewBox='458 462 84 98'>
  <text font-size='0'>AS1ee00S1ee08S22104S22104S22104S22104S30a00S26520M542x560S26520493x462S22104505x526S30a00482x482S1ee00517x538S1ee08458x537S22104519x526S22104465x525S22104481x525</text>
  <svg x='493' y='462'><g transform="translate(0.199517282911,14.7505211307) scale(0.00964541675618,-0.00973472242044)"><path class="sym-line" fill="black" d="M345 1150 l-350 -350 145 0 144 0 202 207 202 208 209 -207 208 -208 150 0 150 0 -350 350 c-192 193 -352 350 -355 350 -3 0 -163 -157 -355 -350z M600 400 l0 -400 100 0 100 0 0 400 0 400 -100 0 -100 0 0 -400z"/></g></svg>
  <svg x='505' y='526'><g transform="translate(0.150398531432,6.94494141144) scale(0.00966757342839,-0.00970929130205)"><path class="sym-line" fill="black" d="M64 638 c-35 -33 -64 -64 -64 -68 0 -10 589 -550 600 -550 11 0 600 540 600 550 0 11 -127 130 -140 130 -6 0 -110 -90 -231 -200 -121 -110 -224 -200 -229 -200 -5 0 -108 90 -229 200 -121 110 -225 200 -231 200 -7 0 -41 -28 -76 -62z"/></g></svg>
  <svg x='482' y='482'><g transform="translate(0.149874875465,34.7500790925) scale(0.00988906872676,-0.00988956850125)"><path class="sym-line" fill="black" d="M1528 3484 c-592 -92 -1088 -447 -1348 -963 -125 -249 -180 -485 -180 -771 0 -480 183 -911 529 -1242 350 -336 780 -508 1271 -508 451 0 864 150 1193 434 326 281 517 620 591 1051 21 121 21 409 0 530 -43 252 -114 444 -237 639 -282 453 -741 750 -1284 831 -127 19 -413 18 -535 -1z m607 -173 c583 -126 1038 -523 1224 -1069 59 -173 75 -277 75 -492 0 -165 -3 -211 -22 -300 -71 -327 -228 -611 -458 -829 -186 -177 -381 -295 -614 -374 -176 -60 -282 -78 -490 -84 -247 -7 -416 19 -628 97 -549 201 -944 674 -1043 1250 -17 97 -17 383 0 480 99 576 495 1050 1043 1250 105 38 177 58 303 81 143 26 467 21 610 -10z M1170 2747 c-85 -84 -247 -242 -359 -351 l-204 -199 42 -40 43 -39 141 139 c78 76 242 236 364 354 l222 216 -37 36 c-21 21 -42 37 -47 37 -6 0 -80 -69 -165 -153z M2222 2867 c-18 -18 -32 -36 -32 -39 0 -4 89 -94 198 -200 108 -106 270 -265 360 -353 l162 -159 42 41 42 42 -235 228 c-129 125 -290 283 -359 350 -69 68 -130 123 -136 123 -6 0 -24 -15 -42 -33z M1211 2330 c-198 -194 -361 -355 -361 -359 0 -13 68 -73 79 -70 13 5 721 690 721 699 0 3 -17 23 -39 44 l-38 37 -362 -351z M1987 2642 c-20 -21 -37 -40 -37 -43 0 -7 710 -693 722 -698 12 -4 78 59 77 73 -1 10 -703 698 -718 704 -4 1 -23 -15 -44 -36z"/></g></svg>
  <svg x='517' y='538'><g transform="translate(0.0,22.0) scale(0.01,-0.01)"><path class="sym-fill" fill="white" d="M1200 750 l0 -550 550 0 550 0 0 550 0 550 -550 0 -550 0 0 -550z"/><path class="sym-line" fill="black" d="M222 2127 l-72 -72 425 -425 425 -425 0 -452 0 -453 -500 0 -500 0 0 -100 0 -100 500 0 500 0 0 -50 0 -50 750 0 750 0 0 750 0 750 -748 0 -747 0 -350 350 c-192 193 -352 350 -355 350 -3 0 -38 -33 -78 -73z m2078 -1377 l0 -550 -550 0 -550 0 0 550 0 550 550 0 550 0 0 -550z"/></g></svg>
  <svg x='458' y='537'><g transform="translate(0.0,22.0) scale(0.01,-0.01)"><path class="sym-fill" fill="white" d="M200 750 l0 -550 550 0 550 0 0 550 0 550 -550 0 -550 0 0 -550z"/><path class="sym-line" fill="black" d="M1845 1850 l-350 -350 -747 0 -748 0 0 -750 0 -750 750 0 750 0 0 50 0 50 500 0 500 0 0 100 0 100 -500 0 -500 0 0 453 0 452 425 425 425 425 -72 72 c-40 40 -75 73 -78 73 -3 0 -163 -157 -355 -350z m-545 -1100 l0 -550 -550 0 -550 0 0 550 0 550 550 0 550 0 0 -550z"/></g></svg>
  <svg x='519' y='526'><g transform="translate(0.150398531432,6.94494141144) scale(0.00966757342839,-0.00970929130205)"><path class="sym-line" fill="black" d="M64 638 c-35 -33 -64 -64 -64 -68 0 -10 589 -550 600 -550 11 0 600 540 600 550 0 11 -127 130 -140 130 -6 0 -110 -90 -231 -200 -121 -110 -224 -200 -229 -200 -5 0 -108 90 -229 200 -121 110 -225 200 -231 200 -7 0 -41 -28 -76 -62z"/></g></svg>
  <svg x='465' y='525'><g transform="translate(0.150398531432,6.94494141144) scale(0.00966757342839,-0.00970929130205)"><path class="sym-line" fill="black" d="M64 638 c-35 -33 -64 -64 -64 -68 0 -10 589 -550 600 -550 11 0 600 540 600 550 0 11 -127 130 -140 130 -6 0 -110 -90 -231 -200 -121 -110 -224 -200 -229 -200 -5 0 -108 90 -229 200 -121 110 -225 200 -231 200 -7 0 -41 -28 -76 -62z"/></g></svg>
  <svg x='481' y='525'><g transform="translate(0.150398531432,6.94494141144) scale(0.00966757342839,-0.00970929130205)"><path class="sym-line" fill="black" d="M64 638 c-35 -33 -64 -64 -64 -68 0 -10 589 -550 600 -550 11 0 600 540 600 550 0 11 -127 130 -140 130 -6 0 -110 -90 -231 -200 -121 -110 -224 -200 -229 -200 -5 0 -108 90 -229 200 -121 110 -225 200 -231 200 -7 0 -41 -28 -76 -62z"/></g></svg>
</svg>