<svg version='1.1' xmlns='http://www.w3.org/2000/svg' width='77' height='117' viewBox='469 471 77 117'>
  <text font-size='0'>AS1e140S1e148S20800S21800S21800S26520S26520S30e00S35000S2f700M546x588S1e140493x527S1e148500x562S20800519x551S21800469x517S21800484x561S26520516x517S30e00482x482S35000482x482S26520532x517S2f700494x471</text>
  <svg x='493' y='527'><g transform="translate(0.0,26.0) scale(0.01,-0.01)"><path class="sym-fill" fill="white" d="M200 750 l0 -550 300 0 300 0 0 550 0 550 -300 0 -300 0 0 -550z"/><path class="sym-line" fill="black" d="M700 2250 l0 -350 100 0 100 0 0 250 0 250 200 0 200 0 0 -350 0 -350 100 0 100 0 0 450 0 450 -400 0 -400 0 0 -350z M0 750 l0 -750 750 0 750 0 0 750 0 750 -750 0 -750 0 0 -750z m800 0 l0 -550 -300 0 -300 0 0 550 0 550 300 0 300 0 0 -550z M1600 800 l0 -100 400 0 400 0 0 100 0 100 -400 0 -400 0 0 -100z"/></g></svg>
  <svg x='500' y='562'><g transform="translate(0.0,26.0) scale(0.01,-0.01)"><path class="sym-fill" fill="white" d="M1600 750 l0 -550 300 0 300 0 0 550 0 550 -300 0 -300 0 0 -550z"/><path class="sym-line" fill="black" d="M900 2150 l0 -450 100 0 100 0 0 350 0 350 200 0 200 0 0 -250 0 -250 100 0 100 0 0 350 0 350 -400 0 -400 0 0 -450z M900 750 l0 -750 750 0 750 0 0 750 0 750 -750 0 -750 0 0 -750z m1300 0 l0 -550 -300 0 -300 0 0 550 0 550 300 0 300 0 0 -550z M0 800 l0 -100 400 0 400 0 0 100 0 100 -400 0 -400 0 0 -100z"/></g></svg>
  <svg x='519' y='551'><g transform="translate(0.0,10.0) scale(0.01,-0.01)"><path class="sym-line" fill="black" d="M400 800 l0 -200 -200 0 -200 0 0 -100 0 -100 200 0 200 0 0 -200 0 -200 100 0 100 0 0 200 0 200 200 0 200 0 0 100 0 100 -200 0 -200 0 0 200 0 200 -100 0 -100 0 0 -200z"/></g></svg>
  <svg x='469' y='517'><g transform="translate(0.14408817461,7.7569354617) scale(0.00978355125495,-0.00959794917003)"><path class="sym-line" fill="black" d="M275 784 c-126 -44 -218 -136 -258 -258 -22 -64 -22 -188 0 -252 56 -169 203 -274 383 -274 180 0 327 105 383 274 22 64 22 188 0 252 -41 122 -134 216 -257 257 -61 21 -195 21 -251 1z M1275 784 c-90 -32 -160 -84 -208 -157 -48 -73 -67 -137 -67 -227 0 -230 170 -400 400 -400 180 0 327 105 383 274 22 64 22 188 0 252 -41 122 -134 216 -257 257 -61 21 -195 21 -251 1z"/></g></svg>
  <svg x='484' y='561'><g transform="translate(0.14408817461,7.7569354617) scale(0.00978355125495,-0.00959794917003)"><path class="sym-line" fill="black" d="M275 784 c-126 -44 -218 -136 -258 -258 -22 -64 -22 -188 0 -252 56 -169 203 -274 383 -274 180 0 327 105 383 274 22 64 22 188 0 252 -41 122 -134 216 -257 257 -61 21 -195 21 -251 1z M1275 784 c-90 -32 -160 -84 -208 -157 -48 -73 -67 -137 -67 -227 0 -230 170 -400 400 -400 180 0 327 105 383 274 22 64 22 188 0 252 -41 122 -134 216 -257 257 -61 21 -195 21 -251 1z"/></g></svg>
  <svg x='516' y='517'><g transform="translate(0.199517282911,14.7505211307) scale(0.00964541675618,-0.00973472242044)"><path class="sym-line" fill="black" d="M345 1150 l-350 -350 145 0 144 0 202 207 202 208 209 -207 208 -208 150 0 150 0 -350 350 c-192 193 -352 350 -355 350 -3 0 -163 -157 -355 -350z M600 400 l0 -400 100 0 100 0 0 400 0 400 -100 0 -100 0 0 -400z"/></g></svg>
  <svg x='482' y='482'><g transform="translate(0.149874875465,34.7500790925) scale(0.00988906872676,-0.00988956850125)"><path class="sym-line" fill="black" d="M1528 3484 c-592 -92 -1088 -447 -1348 -963 -125 -249 -180 -485 -180 -771 0 -480 183 -911 529 -1242 350 -336 780 -508 1271 -508 451 0 864 150 1193 434 326 281 517 620 591 1051 21 121 21 409 0 530 -43 252 -114 444 -237 639 -282 453 -741 750 -1284 831 -127 19 -413 18 -535 -1z m607 -173 c583 -126 1038 -523 1224 -1069 59 -173 75 -277 75 -492 0 -165 -3 -211 -22 -300 -71 -327 -228 -611 -458 -829 -186 -177 -381 -295 -614 -374 -176 -60 -282 -78 -490 -84 -247 -7 -416 19 -628 97 -549 201 -944 674 -1043 1250 -17 97 -17 383 0 480 99 576 495 1050 1043 1250 105 38 177 58 303 81 143 26 467 21 610 -10z M720 2650 l0 -50 233 0 232 -1 245 -239 245 -239 40 40 40 41 -255 249 -255 249 -262 0 -263 0 0 -50z M2100 2450 l-255 -249 40 -41 41 -41 246 241 246 240 236 0 236 0 0 50 0 50 -267 0 -268 -1 -255 -249z M510 2350 l0 -50 256 0 256 0 204 -200 c112 -110 210 -200 217 -200 7 0 29 16 47 35 l35 36 -220 214 -220 214 -287 0 -288 1 0 -50z M2343 2229 c-98 -94 -198 -191 -222 -214 l-43 -43 38 -36 c22 -19 43 -36 48 -36 5 0 100 90 212 200 l204 200 255 0 255 0 0 50 0 50 -285 0 -284 0 -178 -171z"/></g></svg>
  <svg x='482' y='482'><g transform="translate(0.149874875465,34.7500790925) scale(0.00988906872676,-0.00988956850125)"><path class="sym-line" fill="black" d="M1528 3484 c-592 -92 -1088 -447 -1348 -963 -125 -249 -180 -485 -180 -771 0 -480 183 -911 529 -1242 350 -336 780 -508 1271 -508 451 0 864 150 1193 434 326 281 517 620 591 1051 21 121 21 409 0 530 -43 252 -114 444 -237 639 -282 453 -741 750 -1284 831 -127 19 -413 18 -535 -1z m607 -173 c583 -126 1038 -523 1224 -1069 59 -173 75 -277 75 -492 0 -165 -3 -211 -22 -300 -71 -327 -228 -611 -458 -829 -186 -177 -381 -295 -614 -374 -176 -60 -282 -78 -490 -84 -247 -7 -416 19 -628 97 -549 201 -944 674 -1043 1250 -17 97 -17 383 0 480 99 576 495 1050 1043 1250 105 38 177 58 303 81 143 26 467 21 610 -10z M1454 980 c-103 -41 -177 -136 -209 -271 -27 -115 -32 -109 94 -109 l108 0 7 46 c12 89 66 144 141 144 48 0 85 -20 157 -87 33 -30 85 -66 115 -80 50 -23 64 -25 156 -21 113 5 157 21 226 83 59 54 121 200 121 287 l0 29 -107 -3 -107 -3 -8 -42 c-15 -92 -65 -143 -141 -143 -50 0 -94 25 -167 95 -75 72 -119 90 -235 92 -80 2 -110 -1 -151 -17z"/></g></svg>
  <svg x='532' y='517'><g transform="translate(0.199517282911,14.7505211307) scale(0.00964541675618,-0.00973472242044)"><path class="sym-line" fill="black" d="M345 1150 l-350 -350 145 0 144 0 202 207 202 208 209 -207 208 -208 150 0 150 0 -350 350 c-192 193 -352 350 -355 350 -3 0 -163 -157 -355 -350z M600 400 l0 -400 100 0 100 0 0 400 0 400 -100 0 -100 0 0 -400z"/></g></svg>
  <svg x='494' y='471'><g transform="translate(0.0,7.0) scale(0.01,-0.01)"><path class="sym-line" fill="black" d="M463 432 l-463 -267 0 -82 0 -83 600 0 600 0 0 100 0 100 -355 2 -355 3 355 205 355 204 0 43 0 43 -137 0 -138 -1 -462 -267z"/></g></svg>
</svg>