<svg version='1.1' xmlns='http://www.w3.org/2000/svg' width='96' height='101' viewBox='455 454 96 101'>
  <text font-size='0'>AS1ea10S1ea18S1dc20S1dc28S2ff00S31a00S22100S22100M551x555S22100515x454S31a00482x506S1ea10513x464S1ea18455x481S2ff00481x458S22100464x470S1dc20527x499S1dc28459x525</text>
  <svg x='515' y='454'><g transform="translate(0.150398531432,6.77070779296) scale(0.00966757342839,-0.0097032077862)"><path class="sym-line" fill="black" d="M296 409 c-163 -149 -296 -275 -296 -279 0 -11 127 -130 140 -130 6 0 110 90 231 200 121 110 224 200 229 200 5 0 108 -90 229 -200 121 -110 225 -200 231 -200 13 0 140 119 140 130 0 10 -589 550 -600 550 -5 0 -141 -122 -304 -271z"/></g></svg>
  <svg x='482' y='506'><g transform="translate(0.149874875465,34.7500790925) scale(0.00988906872676,-0.00988956850125)"><path class="sym-line" fill="black" d="M1528 3484 c-592 -92 -1088 -447 -1348 -963 -125 -249 -180 -485 -180 -771 0 -480 183 -911 529 -1242 350 -336 780 -508 1271 -508 451 0 864 150 1193 434 326 281 517 620 591 1051 21 121 21 409 0 530 -43 252 -114 444 -237 639 -282 453 -741 750 -1284 831 -127 19 -413 18 -535 -1z m607 -173 c583 -126 1038 -523 1224 -1069 59 -173 75 -277 75 -492 0 -165 -3 -211 -22 -300 -71 -327 -228 -611 -458 -829 -186 -177 -381 -295 -614 -374 -176 -60 -282 -78 -490 -84 -247 -7 -416 19 -628 97 -549 201 -944 674 -1043 1250 -17 97 -17 383 0 480 99 576 495 1050 1043 1250 105 38 177 58 303 81 143 26 467 21 610 -10z M1022 2476 c-191 -71 -302 -228 -302 -426 0 -202 117 -362 315 -430 77 -26 210 -27 293 -2 164 52 289 195 315 361 34 222 -100 435 -315 503 -88 27 -224 24 -306 -6z m309 -173 c203 -113 202 -393 -1 -507 -50 -28 -63 -31 -145 -31 -75 0 -98 4 -135 23 -61 32 -107 77 -138 137 -36 69 -38 178 -3 245 61 118 153 172 287 167 68 -3 89 -8 135 -34z M2285 2485 c-224 -70 -363 -284 -327 -501 53 -319 398 -480 697 -326 50 25 126 98 160 153 90 141 90 337 0 478 -85 136 -229 212 -399 210 -50 -1 -109 -7 -131 -14z m241 -162 c67 -23 154 -110 177 -177 38 -111 13 -211 -72 -297 -72 -71 -132 -94 -235 -87 -82 6 -137 30 -192 85 -151 150 -91 406 113 479 53 18 150 17 209 -3z"/></g></svg>
  <svg x='513' y='464'><g transform="translate(0.151152075959,20.7518739558) scale(0.00982520870203,-0.0098527402457)"><path class="sym-fill" fill="white" d="M1000 750 l0 -550 300 0 300 0 0 550 0 550 -300 0 -300 0 0 -550z"/><path class="sym-line" fill="black" d="M343 2085 c-166 -45 -280 -168 -327 -351 -12 -46 -16 -111 -16 -248 l0 -186 99 0 98 0 6 183 c5 199 16 247 66 308 16 19 31 32 34 29 2 -3 114 -413 248 -912 l243 -908 753 0 753 0 0 750 0 750 -650 0 -650 0 0 98 c0 162 -39 270 -131 360 -58 56 -144 103 -235 126 -76 20 -220 20 -291 1z m272 -212 c65 -22 126 -84 156 -159 23 -58 24 -65 27 -479 2 -231 1 -418 -1 -415 -3 3 -66 237 -141 520 -76 283 -139 523 -142 533 -7 23 35 23 101 0z m985 -1123 l0 -550 -300 0 -300 0 0 550 0 550 300 0 300 0 0 -550z"/></g></svg>
  <svg x='455' y='481'><g transform="translate(0.151152075959,20.751806662) scale(0.00982520870203,-0.00981495167406)"><path class="sym-fill" fill="white" d="M700 750 l0 -550 300 0 300 0 0 550 0 550 -300 0 -300 0 0 -550z"/><path class="sym-line" fill="black" d="M1653 2081 c-91 -26 -165 -67 -223 -124 -91 -89 -130 -197 -130 -359 l0 -98 -650 0 -650 0 0 -750 0 -750 753 0 753 0 243 908 c134 499 246 909 248 912 3 3 18 -10 34 -29 50 -61 61 -109 66 -308 l6 -183 98 0 99 0 0 186 c0 137 -4 202 -16 248 -48 186 -162 307 -331 351 -77 20 -222 18 -300 -4z m133 -208 c-3 -10 -66 -250 -142 -533 -75 -283 -138 -517 -141 -520 -2 -3 -3 184 -1 415 3 414 4 421 27 479 41 102 134 173 229 175 27 1 32 -2 28 -16z m-486 -1123 l0 -550 -300 0 -300 0 0 550 0 550 300 0 300 0 0 -550z"/></g></svg>
  <svg x='481' y='458'><g transform="translate(0.149874875465,34.7500790925) scale(0.00988906872676,-0.00988956850125)"><path class="sym-line" fill="black" d="M1528 3484 c-592 -92 -1088 -447 -1348 -963 -125 -249 -180 -485 -180 -771 0 -480 183 -911 529 -1242 350 -336 780 -508 1271 -508 451 0 864 150 1193 434 326 281 517 620 591 1051 21 121 21 409 0 530 -43 252 -114 444 -237 639 -282 453 -741 750 -1284 831 -127 19 -413 18 -535 -1z m607 -173 c583 -126 1038 -523 1224 -1069 59 -173 75 -277 75 -492 0 -165 -3 -211 -22 -300 -71 -327 -228 -611 -458 -829 -186 -177 -381 -295 -614 -374 -176 -60 -282 -78 -490 -84 -247 -7 -416 19 -628 97 -549 201 -944 674 -1043 1250 -17 97 -17 383 0 480 99 576 495 1050 1043 1250 105 38 177 58 303 81 143 26 467 21 610 -10z"/></g></svg>
  <svg x='464' y='470'><g transform="translate(0.150398531432,6.77070779296) scale(0.00966757342839,-0.0097032077862)"><path class="sym-line" fill="black" d="M296 409 c-163 -149 -296 -275 -296 -279 0 -11 127 -130 140 -130 6 0 110 90 231 200 121 110 224 200 229 200 5 0 108 -90 229 -200 121 -110 225 -200 231 -200 13 0 140 119 140 130 0 10 -589 550 -600 550 -5 0 -141 -122 -304 -271z"/></g></svg>
  <svg x='527' y='499'><g transform="translate(0.0,30.0) scale(0.01,-0.01)"><path class="sym-line" fill="black" d="M900 1900 l0 -1100 -450 0 -450 0 0 -100 0 -100 450 0 450 0 0 -300 0 -300 750 0 750 0 0 750 0 750 -650 0 -650 0 0 750 0 750 -100 0 -100 0 0 -1100z"/></g></svg>
  <svg x='459' y='525'><g transform="translate(0.0,30.0) scale(0.01,-0.01)"><path class="sym-line" fill="black" d="M1300 2250 l0 -750 -650 0 -650 0 0 -750 0 -750 750 0 750 0 0 300 0 300 450 0 450 0 0 100 0 100 -450 0 -450 0 0 1100 0 1100 -100 0 -100 0 0 -750z"/></g></svg>
</svg>