<svg version='1.1' xmlns='http://www.w3.org/2000/svg' width='151' height='75' viewBox='425 462 151 75'>
  <text font-size='0'>AS1eb20S15a39S26507S14b17S14b1fS26a02S26a16S2fb00M576x537S15a39425x506S1eb20447x518S26507464x502S14b17559x498S14b1f528x498S26a02558x470S26a16533x472S2fb00544x462</text>
  <svg x='425' y='506'><g transform="translate(0.149415820392,22.899520137) scale(0.00991202148038,-0.00989177505957)"><path class="sym-fill" fill="white" d="M1425 1990 l-110 -110 -67 67 -68 68 -103 -103 -102 -102 68 -67 67 -68 -412 -412 -413 -413 275 -275 275 -275 412 412 413 413 67 -68 68 -67 102 102 103 103 -67 67 -68 68 108 108 107 107 0 278 0 277 -273 0 -272 0 -110 -110z"/><path class="sym-line" fill="black" d="M1315 2160 l-140 -140 70 -70 70 -70 110 110 111 110 274 -2 275 -3 3 -270 2 -269 -112 -113 -113 -113 70 -70 70 -70 137 137 138 138 0 417 0 418 -413 0 -412 0 -140 -140z M482 1327 l-482 -482 415 -415 415 -415 482 482 483 483 -70 70 -70 70 -412 -412 -413 -413 -275 275 -275 275 412 412 413 413 -70 70 -70 70 -483 -483z"/></g></svg>
  <svg x='447' y='518'><g transform="translate(0.151007603865,18.7536338034) scale(0.00983243230676,-0.009834043508)"><path class="sym-line" fill="black" d="M343 1885 c-211 -57 -343 -248 -343 -497 0 -245 129 -411 366 -472 41 -11 106 -16 196 -16 146 0 223 14 295 55 l43 24 0 -490 0 -489 750 0 750 0 0 750 0 750 -652 2 -652 3 -12 48 c-42 164 -170 285 -350 332 -76 20 -318 19 -391 0z m371 -212 c179 -58 239 -341 101 -479 -64 -63 -136 -87 -265 -87 -133 -1 -196 18 -255 78 -103 103 -115 298 -25 407 35 43 117 86 187 98 64 12 196 3 257 -17z"/></g></svg>
  <svg x='464' y='502'><g transform="translate(-0.0990227783968,12.7676076804) scale(0.00988294432064,-0.00992219549537)"><path class="sym-line" fill="black" d="M420 1035 l235 -235 -315 -315 -315 -315 85 -85 85 -85 315 315 315 315 237 -237 238 -238 0 558 0 557 -557 0 -558 0 235 -235z"/></g></svg>
  <svg x='559' y='498'><g transform="translate(0.0719154225653,24.8481398877) scale(0.00980437558439,-0.00988621984581)"><path class="sym-fill" fill="white" d="M1024 1203 c-93 -98 -175 -186 -183 -196 -13 -16 -5 -27 79 -112 l92 -94 -93 -102 -94 -101 -94 98 -95 98 -122 -129 -123 -129 110 -117 c60 -64 115 -122 123 -128 15 -13 21 -7 505 502 l311 329 -26 31 c-25 31 -215 227 -219 227 -1 0 -78 -80 -171 -177z"/><path class="sym-line" fill="black" d="M131 2370 l-123 -130 50 -55 c27 -30 235 -249 461 -487 226 -238 410 -437 410 -443 -1 -5 -151 -168 -335 -362 -184 -193 -334 -354 -334 -358 0 -9 493 -525 501 -525 4 0 217 221 474 492 l466 491 -29 31 c-477 507 -1397 1472 -1406 1474 -6 1 -67 -56 -135 -128z m1306 -1246 c-1 -6 -181 -201 -401 -432 l-399 -420 -111 115 c-61 64 -117 124 -124 135 -12 17 -2 31 110 148 l123 130 93 -97 92 -97 90 89 c50 49 90 94 90 98 0 5 -40 53 -89 106 l-89 96 187 197 186 198 122 -128 c67 -70 121 -132 120 -138z"/></g></svg>
  <svg x='528' y='498'><g transform="translate(0.159705092581,24.8488904604) scale(0.00979990706628,-0.00988018118416)"><path class="sym-fill" fill="white" d="M398 1276 c-53 -55 -106 -113 -117 -128 l-21 -26 397 -419 c218 -230 400 -419 404 -421 3 -1 60 55 127 126 l120 128 -122 129 -123 130 -94 -99 -94 -99 -94 102 -94 102 93 94 94 94 -20 23 c-48 57 -348 368 -353 367 -3 -1 -49 -47 -103 -103z"/><path class="sym-line" fill="black" d="M765 1804 c-363 -382 -684 -721 -713 -754 l-53 -59 467 -490 c256 -270 469 -491 473 -491 7 0 467 481 489 512 12 17 -13 46 -264 311 -153 160 -306 321 -341 357 l-63 65 436 460 c240 253 450 474 466 492 l31 32 -124 130 c-68 72 -128 131 -134 131 -5 0 -307 -313 -670 -696z m41 -734 l72 -75 -94 -100 -93 -100 94 -95 94 -94 93 97 93 97 123 -130 123 -131 -27 -32 c-15 -18 -71 -78 -124 -134 l-98 -101 -398 420 c-220 231 -401 424 -402 429 -2 5 51 68 118 139 l122 130 117 -123 c63 -67 148 -156 187 -197z"/></g></svg>
  <svg x='558' y='470'><g transform="translate(0.198655335493,26.6999810561) scale(0.00967978724514,-0.00983390502079)"><path class="sym-line" fill="black" d="M345 2350 l-350 -350 325 -325 325 -325 -325 -325 -325 -325 353 -353 352 -352 0 303 0 302 350 0 350 0 0 100 0 100 -350 0 -350 0 0 550 0 550 350 0 350 0 0 100 0 100 -350 0 -350 0 -2 300 -3 300 -350 -350z"/></g></svg>
  <svg x='533' y='472'><g transform="translate(0.150154255097,26.6987646633) scale(0.00967978724514,-0.00981574685289)"><path class="sym-fill" fill="white" d="M800 2000 l0 -455 227 228 228 227 -228 227 -227 228 0 -455z M800 700 l0 -455 227 228 228 227 -228 227 -227 228 0 -455z"/><path class="sym-line" fill="black" d="M700 2402 l0 -302 -350 0 -350 0 0 -100 0 -100 350 0 350 0 0 -550 0 -550 -350 0 -350 0 0 -100 0 -100 350 0 350 0 0 -302 0 -303 352 352 353 353 -325 325 -325 325 325 325 325 325 -353 353 -352 352 0 -303z m327 -629 l-227 -228 0 455 0 455 227 -228 228 -227 -228 -227z m0 -1300 l-227 -228 0 455 0 455 227 -228 228 -227 -228 -227z"/></g></svg>
  <svg x='544' y='462'><g transform="translate(0.169849905175,5.76208528494) scale(0.0097007872376,-0.00950858679199)"><path class="sym-line" fill="black" d="M552 580 c-226 -60 -429 -239 -518 -459 -13 -33 -27 -73 -30 -90 l-6 -31 60 0 61 0 42 83 c54 103 163 217 264 273 205 113 445 113 650 0 101 -56 210 -170 264 -273 l42 -83 61 0 61 0 -7 31 c-22 111 -99 242 -206 349 -99 99 -217 167 -346 200 -105 27 -289 27 -392 0z"/></g></svg>
</svg>