<svg version='1.1' xmlns='http://www.w3.org/2000/svg' width='89' height='54' viewBox='455 469 89 54'>
  <text font-size='0'>AS1eb20S1eb28S21b00S21b00S1dc28S1dc20S30007S30001M544x523S30007482x482S1dc20519x469S1dc28456x470S21b00516x473S21b00474x472S1eb20520x503S1eb28455x504S30001482x482</text>
  <svg x='482' y='482'><g transform="translate(-0.0202640873613,34.8235379339) scale(0.00998278661735,-0.00997653818402)"><path class="sym-line" fill="black" d="M1650 3474 c-324 -38 -548 -110 -790 -254 -284 -168 -552 -464 -685 -755 -113 -247 -159 -457 -158 -730 0 -256 45 -464 149 -696 244 -548 766 -931 1389 -1020 115 -16 374 -16 490 0 799 113 1416 714 1526 1486 16 115 16 366 0 475 -59 392 -242 743 -527 1009 -272 254 -593 409 -974 471 -69 11 -361 21 -420 14z m368 -169 c56 -8 130 -22 165 -30 60 -15 187 -55 187 -58 0 -1 -7 -34 -15 -72 -19 -90 -19 -224 0 -317 9 -43 34 -112 62 -168 38 -76 63 -110 128 -175 129 -129 263 -193 449 -215 99 -12 232 -2 292 20 14 6 27 10 28 10 7 0 46 -119 65 -195 31 -129 42 -221 42 -365 0 -389 -134 -738 -399 -1035 -481 -540 -1281 -696 -1938 -379 -329 160 -595 421 -749 739 -108 222 -155 423 -155 673 0 200 24 345 90 529 152 427 528 798 963 952 262 92 532 122 785 86z m591 -196 c162 -89 326 -225 454 -379 76 -92 195 -275 185 -286 -9 -8 -121 -24 -173 -24 -136 1 -295 65 -394 160 -110 105 -169 228 -178 375 -5 74 10 195 24 195 4 0 40 -19 82 -41z"/></g></svg>
  <svg x='519' y='469'><g transform="translate(0.0,30.0) scale(0.01,-0.01)"><path class="sym-line" fill="black" d="M900 1900 l0 -1100 -450 0 -450 0 0 -100 0 -100 450 0 450 0 0 -300 0 -300 750 0 750 0 0 750 0 750 -650 0 -650 0 0 750 0 750 -100 0 -100 0 0 -1100z"/></g></svg>
  <svg x='456' y='470'><g transform="translate(0.0,30.0) scale(0.01,-0.01)"><path class="sym-line" fill="black" d="M1300 2250 l0 -750 -650 0 -650 0 0 -750 0 -750 750 0 750 0 0 300 0 300 450 0 450 0 0 100 0 100 -450 0 -450 0 0 1100 0 1100 -100 0 -100 0 0 -750z"/></g></svg>
  <svg x='516' y='473'><g transform="translate(0.145459417632,7.7569354617) scale(0.00951442013667,-0.00959794917003)"><path class="sym-fill" fill="white" d="M309 572 c-43 -22 -59 -38 -81 -81 -16 -31 -28 -69 -28 -91 0 -22 12 -60 28 -91 22 -43 38 -59 81 -81 68 -36 114 -36 182 0 43 22 59 38 81 81 36 68 36 114 0 182 -22 43 -38 59 -81 81 -31 16 -69 28 -91 28 -22 0 -60 -12 -91 -28z"/><path class="sym-line" fill="black" d="M275 784 c-126 -44 -218 -136 -258 -258 -22 -64 -22 -188 0 -252 56 -169 203 -274 383 -274 180 0 327 105 383 274 22 64 22 188 0 252 -41 122 -134 216 -257 257 -61 21 -195 21 -251 1z m203 -199 c104 -44 151 -167 103 -270 -71 -153 -291 -153 -362 0 -33 72 -19 166 34 224 52 56 151 76 225 46z"/></g></svg>
  <svg x='474' y='472'><g transform="translate(0.145459417632,7.7569354617) scale(0.00951442013667,-0.00959794917003)"><path class="sym-fill" fill="white" d="M309 572 c-43 -22 -59 -38 -81 -81 -16 -31 -28 -69 -28 -91 0 -22 12 -60 28 -91 22 -43 38 -59 81 -81 68 -36 114 -36 182 0 43 22 59 38 81 81 36 68 36 114 0 182 -22 43 -38 59 -81 81 -31 16 -69 28 -91 28 -22 0 -60 -12 -91 -28z"/><path class="sym-line" fill="black" d="M275 784 c-126 -44 -218 -136 -258 -258 -22 -64 -22 -188 0 -252 56 -169 203 -274 383 -274 180 0 327 105 383 274 22 64 22 188 0 252 -41 122 -134 216 -257 257 -61 21 -195 21 -251 1z m203 -199 c104 -44 151 -167 103 -270 -71 -153 -291 -153 -362 0 -33 72 -19 166 34 224 52 56 151 76 225 46z"/></g></svg>
  <svg x='520' y='503'><g transform="translate(0.151007603865,18.7536338034) scale(0.00983243230676,-0.009834043508)"><path class="sym-line" fill="black" d="M343 1885 c-211 -57 -343 -248 -343 -497 0 -245 129 -411 366 -472 41 -11 106 -16 196 -16 146 0 223 14 295 55 l43 24 0 -490 0 -489 750 0 750 0 0 750 0 750 -652 2 -652 3 -12 48 c-42 164 -170 285 -350 332 -76 20 -318 19 -391 0z m371 -212 c179 -58 239 -341 101 -479 -64 -63 -136 -87 -265 -87 -133 -1 -196 18 -255 78 -103 103 -115 298 -25 407 35 43 117 86 187 98 64 12 196 3 257 -17z"/></g></svg>
  <svg x='455' y='504'><g transform="translate(0.151007603865,18.7498823994) scale(0.00983243230676,-0.00979233277337)"><path class="sym-line" fill="black" d="M1662 1884 c-177 -47 -305 -169 -346 -331 l-12 -48 -652 -3 -652 -2 0 -750 0 -750 750 0 750 0 0 489 0 490 43 -24 c72 -41 149 -55 295 -55 90 0 155 5 196 16 237 61 366 227 366 472 0 251 -133 441 -347 497 -75 20 -317 19 -391 -1z m355 -216 c147 -55 213 -221 152 -384 -48 -127 -140 -178 -319 -177 -129 0 -201 24 -265 87 -127 128 -87 390 71 466 90 44 255 48 361 8z"/></g></svg>
  <svg x='482' y='482'><g transform="translate(-0.114161977899,34.9175934836) scale(0.00998388206195,-0.00998546173601)"><path class="sym-line" fill="black" d="M1640 3480 c-226 -22 -427 -79 -635 -180 -524 -256 -875 -729 -966 -1305 -17 -103 -17 -387 0 -490 63 -395 236 -727 520 -997 273 -260 597 -417 986 -479 106 -17 407 -17 520 0 204 30 387 88 569 180 517 262 865 744 946 1311 16 109 16 351 0 460 -110 774 -724 1377 -1515 1489 -108 15 -319 21 -425 11z m331 -161 c383 -38 739 -206 1000 -472 302 -306 459 -682 459 -1100 0 -726 -502 -1346 -1239 -1532 -444 -112 -965 -9 -1350 267 -112 81 -290 260 -368 371 -119 169 -218 396 -257 590 -54 261 -32 580 55 812 l20 53 47 -14 c26 -8 94 -17 152 -20 139 -8 257 17 390 83 79 39 109 61 182 134 71 72 94 103 132 180 81 165 96 326 51 526 l-7 31 78 25 c210 66 435 89 655 66z m-874 -196 c16 -77 8 -234 -16 -302 -78 -222 -279 -373 -516 -388 -84 -5 -205 9 -205 25 0 14 88 153 144 227 79 106 234 258 335 329 78 56 229 146 243 146 4 0 11 -17 15 -37z"/></g></svg>
</svg>