<svg version='1.1' xmlns='http://www.w3.org/2000/svg' width='123' height='49' viewBox='438 476 123 49'>
  <text font-size='0'>AS1f040S1f048S20e00S20e00S2eb3cS2eb44S2fb04S36d00M561x525S1f040532x478S1f048438x480S36d00479x493S20e00515x476S20e00472x477S2eb3c532x493S2eb44455x492S2fb04494x514</text>
  <svg x='532' y='478'><g transform="translate(0.0,15.0) scale(0.01,-0.01)"><path class="sym-fill" fill="white" d="M1800 750 l0 -550 250 0 250 0 0 550 0 550 -250 0 -250 0 0 -550z"/><path class="sym-line" fill="black" d="M0 1400 l0 -100 700 0 700 0 0 100 0 100 -700 0 -700 0 0 -100z M1600 750 l0 -750 650 0 650 0 0 750 0 750 -650 0 -650 0 0 -750z m700 0 l0 -550 -250 0 -250 0 0 550 0 550 250 0 250 0 0 -550z M176 778 c-27 -96 -37 -140 -34 -143 5 -5 1234 -335 1247 -335 7 0 11 37 11 108 l0 107 -597 158 c-329 87 -601 158 -605 157 -4 0 -13 -24 -22 -52z"/></g></svg>
  <svg x='438' y='480'><g transform="translate(0.0,15.0) scale(0.01,-0.01)"><path class="sym-fill" fill="white" d="M600 750 l0 -550 250 0 250 0 0 550 0 550 -250 0 -250 0 0 -550z"/><path class="sym-line" fill="black" d="M0 750 l0 -750 650 0 650 0 0 750 0 750 -650 0 -650 0 0 -750z m1100 0 l0 -550 -250 0 -250 0 0 550 0 550 250 0 250 0 0 -550z M1500 1400 l0 -100 700 0 700 0 0 100 0 100 -700 0 -700 0 0 -100z M2088 672 l-588 -157 0 -107 c0 -71 4 -108 11 -108 13 0 1242 330 1247 335 3 3 -7 47 -34 143 -11 37 -20 52 -32 51 -9 0 -281 -71 -604 -157z"/></g></svg>
  <svg x='479' y='493'><g transform="translate(0.0,4.0) scale(0.01,-0.01)"><path class="sym-line" fill="black" d="M0 200 l0 -200 2100 0 2100 0 0 200 0 200 -2100 0 -2100 0 0 -200z"/></g></svg>
  <svg x='515' y='476'><g transform="translate(0.146427179928,11.7544805477) scale(0.00967082850362,-0.00967852689504)"><path class="sym-fill" fill="white" d="M503 985 c-159 -43 -265 -159 -295 -325 -22 -116 23 -252 112 -340 88 -89 224 -134 340 -112 178 33 299 154 332 332 22 115 -23 252 -110 339 -56 56 -107 85 -189 106 -70 18 -121 18 -190 0z m175 -200 c104 -44 151 -167 103 -270 -71 -153 -291 -153 -362 0 -33 72 -19 166 34 224 52 56 151 76 225 46z"/><path class="sym-line" fill="black" d="M435 1181 c-206 -60 -366 -224 -419 -428 -21 -78 -21 -228 0 -306 54 -208 223 -377 431 -431 78 -21 228 -21 306 0 208 54 377 223 431 431 21 78 21 228 0 306 -26 103 -80 195 -158 273 -78 78 -170 132 -273 158 -82 21 -240 20 -318 -3z m276 -197 c134 -40 234 -140 273 -273 62 -211 -60 -432 -273 -495 -210 -62 -433 61 -495 273 -61 207 56 426 264 492 70 23 161 24 231 3z M509 772 c-43 -22 -59 -38 -81 -81 -36 -68 -36 -114 0 -182 22 -43 38 -59 81 -81 68 -36 114 -36 182 0 43 22 59 38 81 81 36 68 36 114 0 182 -22 43 -38 59 -81 81 -68 36 -114 36 -182 0z"/></g></svg>
  <svg x='472' y='477'><g transform="translate(0.146427179928,11.7544805477) scale(0.00967082850362,-0.00967852689504)"><path class="sym-fill" fill="white" d="M503 985 c-159 -43 -265 -159 -295 -325 -22 -116 23 -252 112 -340 88 -89 224 -134 340 -112 178 33 299 154 332 332 22 115 -23 252 -110 339 -56 56 -107 85 -189 106 -70 18 -121 18 -190 0z m175 -200 c104 -44 151 -167 103 -270 -71 -153 -291 -153 -362 0 -33 72 -19 166 34 224 52 56 151 76 225 46z"/><path class="sym-line" fill="black" d="M435 1181 c-206 -60 -366 -224 -419 -428 -21 -78 -21 -228 0 -306 54 -208 223 -377 431 -431 78 -21 228 -21 306 0 208 54 377 223 431 431 21 78 21 228 0 306 -26 103 -80 195 -158 273 -78 78 -170 132 -273 158 -82 21 -240 20 -318 -3z m276 -197 c134 -40 234 -140 273 -273 62 -211 -60 -432 -273 -495 -210 -62 -433 61 -495 273 -61 207 56 426 264 492 70 23 161 24 231 3z M509 772 c-43 -22 -59 -38 -81 -81 -36 -68 -36 -114 0 -182 22 -43 38 -59 81 -81 68 -36 114 -36 182 0 43 22 59 38 81 81 36 68 36 114 0 182 -22 43 -38 59 -81 81 -68 36 -114 36 -182 0z"/></g></svg>
  <svg x='532' y='493'><g transform="translate(0.141197447881,31.762753198) scale(0.00972631165497,-0.00987947365563)"><path class="sym-line" fill="black" d="M342 3178 c-139 -67 -247 -303 -302 -657 -37 -242 -42 -381 -38 -1021 4 -589 5 -620 27 -740 88 -479 277 -745 539 -758 94 -5 150 15 220 81 142 135 248 411 296 770 l13 97 -68 0 c-76 0 -73 3 -84 -90 -12 -104 -56 -322 -81 -404 -49 -154 -110 -246 -165 -246 -124 0 -236 391 -279 970 -13 174 -13 666 0 840 43 579 155 970 279 970 27 0 71 -38 103 -90 23 -38 67 -165 89 -259 17 -72 59 -311 59 -333 0 -5 33 -8 73 -8 l73 0 -12 108 c-44 380 -182 696 -337 771 -38 19 -61 21 -203 21 -140 -1 -164 -4 -202 -22z M773 1923 l277 -278 277 278 278 277 -555 0 -555 0 278 -277z M773 1323 l277 -278 277 278 278 277 -555 0 -555 0 278 -277z"/></g></svg>
  <svg x='455' y='492'><g transform="translate(0.197488590528,31.762753198) scale(0.00972631165497,-0.00987947365563)"><path class="sym-fill" fill="white" d="M398 1948 l152 -153 152 153 153 152 -305 0 -305 0 153 -152z M398 1348 l152 -153 152 153 153 152 -305 0 -305 0 153 -152z"/><path class="sym-line" fill="black" d="M853 3179 c-156 -77 -293 -392 -337 -771 l-12 -108 73 0 c40 0 73 3 73 8 0 22 42 261 59 333 50 213 124 349 192 349 124 0 236 -391 279 -970 13 -174 13 -666 0 -840 -43 -579 -155 -970 -279 -970 -55 0 -116 92 -165 246 -25 82 -69 300 -81 404 -11 93 -8 90 -84 90 l-68 0 13 -98 c48 -358 154 -634 296 -769 70 -66 126 -86 220 -81 262 13 451 279 539 758 22 120 23 151 27 740 4 640 -1 779 -38 1021 -55 357 -164 591 -305 658 -40 19 -63 21 -202 21 -140 0 -163 -2 -200 -21z M273 1923 l277 -278 277 278 278 277 -555 0 -555 0 278 -277z m429 25 l-152 -153 -152 153 -153 152 305 0 305 0 -153 -152z M273 1323 l277 -278 277 278 278 277 -555 0 -555 0 278 -277z m429 25 l-152 -153 -152 153 -153 152 305 0 305 0 -153 -152z"/></g></svg>
  <svg x='494' y='514'><g transform="translate(0.178125321737,5.7484375) scale(0.00969593203301,-0.00933333333333)"><path class="sym-line" fill="black" d="M4 569 c22 -111 99 -242 206 -349 151 -151 320 -220 540 -220 220 0 389 69 540 220 107 107 184 238 206 349 l7 31 -61 0 -61 0 -42 -82 c-54 -104 -163 -218 -264 -274 -154 -85 -340 -108 -501 -61 -176 51 -331 177 -413 335 l-42 82 -61 0 -61 0 7 -31z"/></g></svg>
</svg>