<svg version='1.1' xmlns='http://www.w3.org/2000/svg' width='56' height='131' viewBox='472 434 56 131'>
  <text font-size='0'>AS1f502S10018S20500S16d51S16d51S26c0eS26c1eS2fb04M528x565S16d51506x504S16d51476x506S26c0e513x528S26c1e480x529S2fb04495x559S10018487x444S1f502496x434S20500472x444</text>
  <svg x='506' y='504'><g transform="translate(0.15639896437,20.028072828) scale(0.00995523780475,-0.010042872742)"><path class="sym-line" fill="black" d="M730 1974 c-129 -27 -300 -112 -391 -193 l-42 -37 154 -151 c458 -446 1264 -1223 1269 -1222 13 2 116 130 151 188 78 129 104 235 96 386 -8 145 -41 242 -134 388 -51 81 -376 409 -491 497 -85 65 -207 123 -299 144 -87 19 -224 20 -313 0z M128 1542 c-153 -237 -170 -503 -48 -747 45 -90 133 -215 153 -215 7 0 43 31 81 69 l68 68 -35 46 c-87 115 -68 269 60 471 l56 89 -141 139 c-77 76 -144 138 -149 138 -4 0 -25 -26 -45 -58z M1355 338 c-127 -90 -257 -147 -375 -162 -60 -8 -143 8 -208 41 l-53 27 -36 -36 -36 -36 29 -26 c194 -175 496 -156 811 50 l86 55 -39 41 c-22 22 -55 52 -74 68 l-35 27 -70 -49z"/></g></svg>
  <svg x='476' y='506'><g transform="translate(0.15639896437,20.028072828) scale(0.00995523780475,-0.010042872742)"><path class="sym-line" fill="black" d="M730 1974 c-129 -27 -300 -112 -391 -193 l-42 -37 154 -151 c458 -446 1264 -1223 1269 -1222 13 2 116 130 151 188 78 129 104 235 96 386 -8 145 -41 242 -134 388 -51 81 -376 409 -491 497 -85 65 -207 123 -299 144 -87 19 -224 20 -313 0z M128 1542 c-153 -237 -170 -503 -48 -747 45 -90 133 -215 153 -215 7 0 43 31 81 69 l68 68 -35 46 c-87 115 -68 269 60 471 l56 89 -141 139 c-77 76 -144 138 -149 138 -4 0 -25 -26 -45 -58z M1355 338 c-127 -90 -257 -147 -375 -162 -60 -8 -143 8 -208 41 l-53 27 -36 -36 -36 -36 29 -26 c194 -175 496 -156 811 50 l86 55 -39 41 c-22 22 -55 52 -74 68 l-35 27 -70 -49z"/></g></svg>
  <svg x='513' y='528'><g transform="translate(0.198936059556,26.6987646633) scale(0.00966859326382,-0.00981574685289)"><path class="sym-line" fill="black" d="M800 2402 l0 -302 -350 0 -350 0 0 -100 0 -100 350 0 350 0 0 -302 0 -303 352 353 353 352 -353 352 -352 353 0 -303z M345 1050 l-350 -350 353 -353 352 -352 0 303 0 302 350 0 350 0 0 100 0 100 -350 0 -350 0 -2 300 -3 300 -350 -350z"/></g></svg>
  <svg x='480' y='529'><g transform="translate(0.198936059556,26.6987646633) scale(0.00966859326382,-0.00981574685289)"><path class="sym-fill" fill="white" d="M900 2000 l0 -455 227 228 228 227 -228 227 -227 228 0 -455z M370 925 l-225 -225 228 -228 227 -227 0 453 c0 248 -1 452 -3 452 -1 0 -103 -101 -227 -225z"/><path class="sym-line" fill="black" d="M800 2402 l0 -302 -350 0 -350 0 0 -100 0 -100 350 0 350 0 0 -302 0 -303 352 353 353 352 -353 352 -352 353 0 -303z m327 -629 l-227 -228 0 455 0 455 227 -228 228 -227 -228 -227z M345 1050 l-350 -350 353 -353 352 -352 0 303 0 302 350 0 350 0 0 100 0 100 -350 0 -350 0 -2 300 -3 300 -350 -350z m255 -352 l0 -453 -227 227 -228 228 225 225 c124 124 226 225 227 225 2 0 3 -204 3 -452z"/></g></svg>
  <svg x='495' y='559'><g transform="translate(0.178125321737,5.7484375) scale(0.00969593203301,-0.00933333333333)"><path class="sym-line" fill="black" d="M4 569 c22 -111 99 -242 206 -349 151 -151 320 -220 540 -220 220 0 389 69 540 220 107 107 184 238 206 349 l7 31 -61 0 -61 0 -42 -82 c-54 -104 -163 -218 -264 -274 -154 -85 -340 -108 -501 -61 -176 51 -331 177 -413 335 l-42 82 -61 0 -61 0 7 -31z"/></g></svg>
  <svg x='487' y='444'><g transform="translate(0.0,30.0) scale(0.01,-0.01)"><path class="sym-fill" fill="white" d="M700 750 l0 -550 300 0 300 0 0 550 0 550 -300 0 -300 0 0 -550z"/><path class="sym-line" fill="black" d="M0 1500 l0 -1500 750 0 750 0 0 750 0 750 -650 0 -650 0 0 750 0 750 -100 0 -100 0 0 -1500z m1300 -750 l0 -550 -300 0 -300 0 0 550 0 550 300 0 300 0 0 -550z"/></g></svg>
  <svg x='496' y='434'><g transform="translate(0.0,24.0) scale(0.01,-0.01)"><path class="sym-fill" fill="white" d="M200 750 l0 -550 550 0 550 0 0 550 0 550 -550 0 -550 0 0 -550z"/><path class="sym-line" fill="black" d="M700 1950 l0 -450 -350 0 -350 0 0 -750 0 -750 750 0 750 0 0 750 0 750 -300 0 -300 0 0 450 0 450 -100 0 -100 0 0 -450z m600 -1200 l0 -550 -550 0 -550 0 0 550 0 550 550 0 550 0 0 -550z"/></g></svg>
  <svg x='472' y='444'><g transform="translate(-0.221878406359,10.7500002304) scale(0.0103429235226,-0.00963778430032)"><path class="sym-line" fill="black" d="M430 895 l0 -205 -37 23 c-21 13 -95 61 -165 105 l-128 82 -36 -71 c-19 -40 -32 -75 -27 -79 4 -3 74 -48 156 -99 81 -51 147 -97 147 -101 0 -4 -66 -50 -147 -101 -82 -51 -152 -96 -156 -99 -5 -4 8 -39 27 -79 l36 -71 128 82 c70 44 144 92 165 105 l37 23 0 -205 0 -205 70 0 70 0 0 205 0 205 38 -23 c20 -13 94 -61 164 -105 l128 -82 36 71 c19 40 32 75 27 79 -4 3 -74 48 -155 99 -82 51 -148 97 -148 101 0 4 66 50 148 101 81 51 151 96 155 99 5 4 -8 39 -27 79 l-36 71 -128 -82 c-70 -44 -144 -92 -164 -105 l-38 -23 0 205 0 205 -70 0 -70 0 0 -205z"/></g></svg>
</svg>