<svg version='1.1' xmlns='http://www.w3.org/2000/svg' width='64' height='125' viewBox='468 438 64 125'>
  <text font-size='0'>AS1f521S1f523S23100S23110S2fb04S15a40S15a48S22a04S22a14S2fb04M532x563S1f521510x445S1f523469x438S23100506x474S23110468x466S2fb04487x490S15a40511x509S15a48478x509S22a04511x541S22a14478x541S2fb04494x557</text>
  <svg x='510' y='445'><g transform="translate(-0.0279667975644,21.9265459623) scale(0.00992211572401,-0.00989914021012)"><path class="sym-line" fill="black" d="M665 1709 c-278 -271 -505 -494 -505 -498 0 -3 104 -108 232 -233 l233 -227 -110 -108 c-61 -59 -197 -193 -304 -298 l-193 -189 72 -69 72 -69 97 94 c53 52 190 185 304 297 l208 202 201 -196 c111 -107 205 -194 209 -193 12 5 1014 982 1014 989 0 9 -1008 988 -1017 989 -4 0 -235 -221 -513 -491z"/></g></svg>
  <svg x='469' y='438'><g transform="translate(0.129434471477,21.9184336879) scale(0.00992744054155,-0.00989905771801)"><path class="sym-line" fill="black" d="M495 1693 c-270 -278 -491 -509 -493 -514 -4 -9 974 -1019 987 -1019 3 -1 108 104 233 232 l227 233 93 -95 c52 -52 185 -189 297 -304 l203 -209 69 69 c38 38 68 72 67 76 -2 3 -135 142 -296 308 l-294 301 197 200 c108 110 195 204 193 208 -3 8 -988 1022 -991 1020 -1 0 -222 -228 -492 -506z"/></g></svg>
  <svg x='506' y='474'><g transform="translate(0.0309296434159,16.7799402002) scale(0.00994158974531,-0.00979968965886)"><path class="sym-fill" fill="white" d="M540 1050 l0 -350 140 0 140 0 0 350 0 350 -140 0 -140 0 0 -350z M1780 650 l0 -350 140 0 140 0 0 350 0 350 -140 0 -140 0 0 -350z"/><path class="sym-line" fill="black" d="M1577 1352 l-329 -347 166 -3 166 -2 0 -350 0 -350 95 0 95 0 0 350 0 350 145 0 145 0 0 -350 0 -350 100 0 100 0 0 350 0 350 164 2 163 3 -327 345 c-181 190 -334 346 -342 347 -7 1 -161 -154 -341 -345z M340 1050 l0 -350 -164 -2 -164 -3 328 -345 c180 -190 334 -346 341 -347 8 -1 162 154 342 345 l328 347 -165 3 -166 2 0 350 0 350 -95 0 -95 0 0 -350 0 -350 -145 0 -145 0 0 350 0 350 -100 0 -100 0 0 -350z"/></g></svg>
  <svg x='468' y='466'><g transform="translate(0.0309296434159,16.7799402002) scale(0.00994158974531,-0.00979968965886)"><path class="sym-fill" fill="white" d="M1701 1328 l-211 -223 215 -3 c118 -1 311 -1 429 0 l213 3 -209 220 c-115 121 -213 221 -217 223 -5 2 -104 -97 -220 -220z M540 1050 l0 -350 140 0 140 0 0 350 0 350 -140 0 -140 0 0 -350z M1780 650 l0 -350 140 0 140 0 0 350 0 350 -140 0 -140 0 0 -350z M401 439 c85 -88 182 -190 216 -227 l63 -67 135 140 c75 77 172 179 216 227 l81 88 -432 0 -432 0 153 -161z"/><path class="sym-line" fill="black" d="M1577 1352 l-329 -347 166 -3 166 -2 0 -350 0 -350 95 0 95 0 0 350 0 350 145 0 145 0 0 -350 0 -350 100 0 100 0 0 350 0 350 164 2 163 3 -327 345 c-181 190 -334 346 -342 347 -7 1 -161 -154 -341 -345z m675 -144 l100 -108 -432 0 c-424 0 -432 0 -419 19 8 11 104 114 214 230 l200 210 118 -122 c65 -67 163 -170 219 -229z M340 1050 l0 -350 -164 -2 -164 -3 328 -345 c180 -190 334 -346 341 -347 8 -1 162 154 342 345 l328 347 -165 3 -166 2 0 350 0 350 -95 0 -95 0 0 -350 0 -350 -145 0 -145 0 0 350 0 350 -100 0 -100 0 0 -350z m749 -479 c-13 -17 -109 -120 -214 -230 l-190 -200 -128 132 c-70 73 -169 176 -219 230 l-90 97 432 0 433 0 -24 -29z"/></g></svg>
  <svg x='487' y='490'><g transform="translate(0.178125321737,5.7484375) scale(0.00969593203301,-0.00933333333333)"><path class="sym-line" fill="black" d="M4 569 c22 -111 99 -242 206 -349 151 -151 320 -220 540 -220 220 0 389 69 540 220 107 107 184 238 206 349 l7 31 -61 0 -61 0 -42 -82 c-54 -104 -163 -218 -264 -274 -154 -85 -340 -108 -501 -61 -176 51 -331 177 -413 335 l-42 82 -61 0 -61 0 7 -31z"/></g></svg>
  <svg x='511' y='509'><g transform="translate(0.0,27.0) scale(0.01,-0.01)"><path class="sym-fill" fill="white" d="M398 2213 l-198 -198 0 -158 0 -157 -100 0 -100 0 0 -150 0 -150 100 0 100 0 0 -600 0 -600 200 0 200 0 0 600 0 600 300 0 300 0 0 150 0 150 -300 0 -300 0 -2 355 -3 355 -197 -197z"/><path class="sym-line" fill="black" d="M297 2402 l-297 -297 0 -203 0 -202 100 0 100 0 0 163 0 162 200 200 200 200 0 -363 0 -362 300 0 300 0 0 203 0 202 -298 298 c-163 163 -299 297 -302 297 -3 0 -139 -134 -303 -298z M0 700 l0 -700 600 0 600 0 0 700 0 700 -300 0 -300 0 0 -600 0 -600 -200 0 -200 0 0 600 0 600 -100 0 -100 0 0 -700z"/></g></svg>
  <svg x='478' y='509'><g transform="translate(0.0,27.0) scale(0.01,-0.01)"><path class="sym-fill" fill="white" d="M600 2057 l0 -357 -300 0 -300 0 0 -150 0 -150 300 0 300 0 0 -600 0 -600 200 0 200 0 0 600 0 600 100 0 100 0 0 150 0 150 -100 0 -100 0 0 158 0 157 -200 200 -200 200 0 -358z"/><path class="sym-line" fill="black" d="M297 2402 l-297 -297 0 -203 0 -202 300 0 300 0 0 362 0 363 200 -200 200 -200 0 -162 0 -163 100 0 100 0 0 203 0 202 -298 298 c-163 163 -299 297 -302 297 -3 0 -139 -134 -303 -298z M0 700 l0 -700 600 0 600 0 0 700 0 700 -100 0 -100 0 0 -600 0 -600 -200 0 -200 0 0 600 0 600 -300 0 -300 0 0 -700z"/></g></svg>
  <svg x='511' y='541'><g transform="translate(0.043463926586,14.7505211307) scale(0.00985915292844,-0.00973472242044)"><path class="sym-fill" fill="white" d="M510 1100 l0 -400 140 0 140 0 0 400 0 400 -140 0 -140 0 0 -400z"/><path class="sym-line" fill="black" d="M330 1100 l0 -400 -159 -2 -160 -3 315 -347 c174 -192 319 -348 324 -348 5 0 150 156 324 348 l315 347 -160 3 -159 2 0 400 0 400 -90 0 -90 0 0 -400 0 -400 -140 0 -140 0 0 400 0 400 -90 0 -90 0 0 -400z"/></g></svg>
  <svg x='478' y='541'><g transform="translate(0.043463926586,14.7505211307) scale(0.00985915292844,-0.00973472242044)"><path class="sym-fill" fill="white" d="M510 1100 l0 -400 140 0 140 0 0 400 0 400 -140 0 -140 0 0 -400z M277 557 c144 -163 368 -407 373 -407 5 0 229 244 373 407 l39 43 -412 0 -412 0 39 -43z"/><path class="sym-line" fill="black" d="M330 1100 l0 -400 -159 -2 -160 -3 315 -347 c174 -192 319 -348 324 -348 5 0 150 156 324 348 l315 347 -160 3 -159 2 0 400 0 400 -90 0 -90 0 0 -400 0 -400 -140 0 -140 0 0 400 0 400 -90 0 -90 0 0 -400z m714 -522 c-82 -96 -388 -428 -394 -428 -6 0 -312 332 -394 428 l-19 22 413 0 413 0 -19 -22z"/></g></svg>
  <svg x='494' y='557'><g transform="translate(0.178125321737,5.7484375) scale(0.00969593203301,-0.00933333333333)"><path class="sym-line" fill="black" d="M4 569 c22 -111 99 -242 206 -349 151 -151 320 -220 540 -220 220 0 389 69 540 220 107 107 184 238 206 349 l7 31 -61 0 -61 0 -42 -82 c-54 -104 -163 -218 -264 -274 -154 -85 -340 -108 -501 -61 -176 51 -331 177 -413 335 l-42 82 -61 0 -61 0 7 -31z"/></g></svg>
</svg>