<svg version='1.1' xmlns='http://www.w3.org/2000/svg' width='189' height='80' viewBox='405 460 189 80'>
  <text font-size='0'>AS1f702S1f70aS20e00S22b00S22b10S15d40S15d48S2d606S2d612S15d02S15d0aM594x540S1f702443x499S1f70a405x500S22b00442x460S22b10407x461S20e00426x476S15d02540x463S15d0a532x521S15d48519x489S15d40556x489S2d606572x471S2d612504x517</text>
  <svg x='443' y='499'><g transform="translate(0.149086073535,19.7520845965) scale(0.00973319632325,-0.00980982176916)"><path class="sym-fill" fill="white" d="M200 750 l0 -550 550 0 550 0 0 550 0 550 -550 0 -550 0 0 -550z"/><path class="sym-line" fill="black" d="M578 1916 c-27 -46 -48 -86 -48 -88 0 -3 124 -77 276 -164 l277 -159 -542 -3 -541 -2 0 -750 0 -750 750 0 750 0 0 754 0 753 -422 244 c-232 134 -429 245 -438 247 -10 1 -32 -27 -62 -82z m722 -1166 l0 -550 -550 0 -550 0 0 550 0 550 550 0 550 0 0 -550z"/></g></svg>
  <svg x='405' y='500'><g transform="translate(0.149086073535,19.7485347591) scale(0.00973319632325,-0.00980406968249)"><path class="sym-fill" fill="white" d="M200 750 l0 -550 550 0 550 0 0 550 0 550 -550 0 -550 0 0 -550z"/><path class="sym-line" fill="black" d="M423 1753 l-423 -246 0 -753 0 -754 750 0 750 0 0 750 0 750 -541 2 -542 3 277 159 c152 87 276 161 276 164 0 19 -98 171 -110 171 -8 -1 -205 -111 -437 -246z m877 -1003 l0 -550 -550 0 -550 0 0 550 0 550 550 0 550 0 0 -550z"/></g></svg>
  <svg x='442' y='460'><g transform="translate(0.198426155669,29.7519795905) scale(0.00968892587986,-0.00986784736349)"><path class="sym-fill" fill="white" d="M600 1100 l0 -1100 200 0 200 0 0 1100 0 1100 -200 0 -200 0 0 -1100z"/><path class="sym-line" fill="black" d="M395 2600 l-400 -400 203 0 202 0 0 -1100 0 -1100 100 0 100 0 0 1100 0 1100 200 0 200 0 0 -1100 0 -1100 100 0 100 0 0 1100 0 1100 202 0 203 0 -400 400 c-220 220 -402 400 -405 400 -3 0 -185 -180 -405 -400z"/></g></svg>
  <svg x='407' y='461'><g transform="translate(0.198426155669,29.7519795905) scale(0.00968892587986,-0.00986784736349)"><path class="sym-fill" fill="white" d="M520 2575 l-275 -275 555 0 555 0 -275 275 c-151 151 -277 275 -280 275 -3 0 -129 -124 -280 -275z M600 1100 l0 -1100 200 0 200 0 0 1100 0 1100 -200 0 -200 0 0 -1100z"/><path class="sym-line" fill="black" d="M395 2600 l-400 -400 203 0 202 0 0 -1100 0 -1100 100 0 100 0 0 1100 0 1100 200 0 200 0 0 -1100 0 -1100 100 0 100 0 0 1100 0 1100 202 0 203 0 -400 400 c-220 220 -402 400 -405 400 -3 0 -185 -180 -405 -400z m685 -25 l275 -275 -555 0 -555 0 275 275 c151 151 277 275 280 275 3 0 129 -124 280 -275z"/></g></svg>
  <svg x='426' y='476'><g transform="translate(0.146427179928,11.7544805477) scale(0.00967082850362,-0.00967852689504)"><path class="sym-fill" fill="white" d="M503 985 c-159 -43 -265 -159 -295 -325 -22 -116 23 -252 112 -340 88 -89 224 -134 340 -112 178 33 299 154 332 332 22 115 -23 252 -110 339 -56 56 -107 85 -189 106 -70 18 -121 18 -190 0z m175 -200 c104 -44 151 -167 103 -270 -71 -153 -291 -153 -362 0 -33 72 -19 166 34 224 52 56 151 76 225 46z"/><path class="sym-line" fill="black" d="M435 1181 c-206 -60 -366 -224 -419 -428 -21 -78 -21 -228 0 -306 54 -208 223 -377 431 -431 78 -21 228 -21 306 0 208 54 377 223 431 431 21 78 21 228 0 306 -26 103 -80 195 -158 273 -78 78 -170 132 -273 158 -82 21 -240 20 -318 -3z m276 -197 c134 -40 234 -140 273 -273 62 -211 -60 -432 -273 -495 -210 -62 -433 61 -495 273 -61 207 56 426 264 492 70 23 161 24 231 3z M509 772 c-43 -22 -59 -38 -81 -81 -36 -68 -36 -114 0 -182 22 -43 38 -59 81 -81 68 -36 114 -36 182 0 43 22 59 38 81 81 36 68 36 114 0 182 -22 43 -38 59 -81 81 -68 36 -114 36 -182 0z"/></g></svg>
  <svg x='540' y='463'><g transform="translate(0.130661630485,18.7501235081) scale(0.00985944212031,-0.00979036105688)"><path class="sym-fill" fill="white" d="M482 844 c-107 -112 -192 -208 -190 -213 2 -6 90 -102 197 -215 l194 -206 908 0 909 0 0 420 0 420 -912 -1 -913 0 -193 -205z"/><path class="sym-line" fill="black" d="M1722 1827 l-73 -73 226 -240 226 -239 -754 -3 -753 -2 -295 -311 c-161 -171 -295 -317 -297 -323 -1 -7 130 -152 293 -324 l296 -312 1055 0 1054 0 0 635 0 635 -148 0 -147 0 -298 315 c-164 173 -301 315 -305 315 -4 0 -40 -33 -80 -73z m778 -1192 l0 -425 -912 1 -913 1 -195 207 c-107 114 -195 210 -195 213 0 3 89 101 199 217 l199 211 908 0 909 0 0 -425z"/></g></svg>
  <svg x='532' y='521'><g transform="translate(0.150467407594,18.7501235081) scale(0.00985944212031,-0.00979036105688)"><path class="sym-fill" fill="white" d="M200 630 l0 -420 909 0 908 0 194 206 c107 113 195 209 197 215 2 5 -83 101 -190 213 l-193 205 -912 0 -913 1 0 -420z"/><path class="sym-line" fill="black" d="M593 1585 l-298 -315 -147 0 -148 0 0 -635 0 -635 1054 0 1055 0 296 312 c163 172 294 317 293 324 -2 6 -136 152 -297 323 l-295 311 -753 2 -754 3 226 239 226 240 -73 73 c-40 40 -76 73 -80 73 -4 0 -141 -142 -305 -315z m1621 -734 c109 -115 198 -213 199 -217 1 -5 -86 -102 -193 -215 l-195 -207 -912 -1 -913 -1 0 425 0 425 909 0 908 0 197 -209z"/></g></svg>
  <svg x='519' y='489'><g transform="translate(0.0,27.0) scale(0.01,-0.01)"><path class="sym-fill" fill="white" d="M1270 2057 l0 -357 -320 0 -320 0 0 -150 0 -150 320 0 320 0 0 -600 0 -600 210 0 210 0 0 600 0 600 105 0 105 0 0 150 0 150 -105 0 -105 0 0 158 0 158 -152 145 c-84 79 -179 168 -210 198 l-58 54 0 -356z"/><path class="sym-line" fill="black" d="M943 2402 l-313 -296 0 -203 0 -203 320 0 320 0 2 357 3 358 207 -195 206 -195 1 -162 1 -163 105 0 105 0 0 204 0 205 -312 295 c-171 163 -316 296 -322 296 -6 -1 -152 -134 -323 -298z M628 1000 l-3 -401 -239 226 -240 226 -73 -73 c-40 -40 -73 -76 -73 -80 0 -4 142 -141 315 -305 l315 -298 0 -147 0 -148 635 0 635 0 0 700 0 700 -105 0 -105 0 0 -600 0 -600 -210 0 -210 0 0 600 0 600 -320 0 -320 0 -2 -400z"/></g></svg>
  <svg x='556' y='489'><g transform="translate(0.151880478427,26.7522648112) scale(0.00978878857863,-0.00985915829359)"><path class="sym-fill" fill="white" d="M418 2212 l-208 -196 0 -158 0 -158 -105 0 -105 0 0 -150 0 -150 105 0 105 0 0 -600 0 -600 210 0 210 0 0 600 0 600 320 0 320 0 0 150 0 150 -320 0 -320 0 -2 354 -3 354 -207 -196z"/><path class="sym-line" fill="black" d="M313 2405 l-313 -296 0 -205 0 -204 105 0 105 0 0 159 0 160 206 195 c113 108 210 196 215 196 5 0 9 -147 9 -355 l0 -355 315 0 315 0 0 203 0 204 -311 294 c-171 162 -316 295 -322 297 -7 1 -153 -131 -324 -293z M0 700 l0 -700 635 0 635 0 0 148 0 147 315 298 c173 164 315 301 315 305 0 4 -33 40 -73 80 l-73 73 -240 -227 -239 -226 -3 401 -2 401 -315 0 -315 0 0 -600 0 -600 -215 0 -215 0 0 600 0 600 -105 0 -105 0 0 -700z"/></g></svg>
  <svg x='572' y='471'><g transform="translate(0.131203053956,21.7501089829) scale(0.00982944116607,-0.00980083226541)"><path class="sym-line" fill="black" d="M347 1839 c-191 -200 -346 -369 -345 -376 2 -6 158 -174 348 -373 l345 -362 3 316 2 316 443 0 c243 0 471 -5 506 -10 111 -16 206 -77 271 -173 62 -92 74 -146 74 -337 0 -148 -2 -171 -23 -222 -25 -64 -89 -135 -145 -162 -70 -33 -137 -36 -882 -36 l-744 0 0 -210 0 -210 748 0 c819 0 793 -1 922 61 45 23 89 56 145 113 91 91 133 163 165 279 20 71 21 97 18 354 -3 254 -6 284 -25 343 -59 174 -205 328 -368 389 -91 34 -202 41 -662 41 l-443 0 -2 312 -3 312 -348 -365z"/></g></svg>
  <svg x='504' y='517'><g transform="translate(0.151581254123,19.7006261001) scale(0.00980374979387,-0.00977609430003)"><path class="sym-fill" fill="white" d="M1700 700 l0 -455 227 228 228 227 -228 227 -227 228 0 -455z"/><path class="sym-line" fill="black" d="M435 1981 c-206 -60 -366 -224 -419 -428 -12 -47 -16 -115 -16 -303 0 -272 7 -314 67 -434 48 -96 153 -201 249 -249 133 -67 131 -67 738 -67 l546 0 0 -252 0 -253 352 353 353 352 -353 352 -352 353 0 -253 0 -253 -578 3 c-461 3 -584 6 -612 17 -88 35 -160 108 -189 191 -18 52 -25 234 -12 325 14 101 50 175 115 241 63 63 140 101 231 114 41 5 354 10 758 10 l687 0 0 100 0 100 -752 -1 c-687 0 -758 -2 -813 -18z m1605 -1155 l125 -126 -125 -126 c-69 -69 -173 -171 -232 -226 l-108 -100 0 452 0 452 108 -100 c59 -55 163 -157 232 -226z"/></g></svg>
</svg>