<svg version='1.1' xmlns='http://www.w3.org/2000/svg' width='111' height='86' viewBox='444 457 111 86'>
  <text font-size='0'>AS1f720S1f728S26500S26510S22c04S22c14S26500S26510S2fb04M555x543S26510444x528S1f720505x476S22c04508x500S26500541x475S26500539x527S26510445x475S1f728471x476S22c14469x501S2fb04492x457</text>
  <svg x='444' y='528'><g transform="translate(0.199517282911,14.7505211307) scale(0.00964541675618,-0.00973472242044)"><path class="sym-fill" fill="white" d="M470 1125 l-225 -225 455 0 455 0 -225 225 c-124 124 -227 225 -230 225 -3 0 -106 -101 -230 -225z"/><path class="sym-line" fill="black" d="M345 1150 l-350 -350 303 0 302 0 0 -400 0 -400 100 0 100 0 0 400 0 400 302 0 303 0 -350 350 c-192 193 -352 350 -355 350 -3 0 -163 -157 -355 -350z m585 -25 l225 -225 -455 0 -455 0 225 225 c124 124 227 225 230 225 3 0 106 -101 230 -225z"/></g></svg>
  <svg x='505' y='476'><g transform="translate(0.131576825216,14.7505211307) scale(0.00980873003133,-0.00973472242044)"><path class="sym-line" fill="black" d="M498 959 l-3 -542 -159 277 c-87 152 -161 276 -164 276 -2 0 -42 -21 -88 -47 -55 -31 -83 -53 -82 -63 2 -9 113 -206 247 -438 l244 -422 753 0 754 0 0 750 0 750 -750 0 -750 0 -2 -541z"/></g></svg>
  <svg x='508' y='500'><g transform="translate(0.198426155669,41.6991942039) scale(0.00968892587986,-0.00989303731046)"><path class="sym-fill" fill="white" d="M600 2500 l0 -1700 200 0 200 0 0 1700 0 1700 -200 0 -200 0 0 -1700z"/><path class="sym-line" fill="black" d="M400 2500 l0 -1700 -202 0 -203 0 403 -402 402 -403 402 403 403 402 -203 0 -202 0 0 1700 0 1700 -100 0 -100 0 0 -1700 0 -1700 -200 0 -200 0 0 1700 0 1700 -100 0 -100 0 0 -1700z"/></g></svg>
  <svg x='541' y='475'><g transform="translate(0.199517282911,14.7505211307) scale(0.00964541675618,-0.00973472242044)"><path class="sym-line" fill="black" d="M345 1150 l-350 -350 303 0 302 0 0 -400 0 -400 100 0 100 0 0 400 0 400 302 0 303 0 -350 350 c-192 193 -352 350 -355 350 -3 0 -163 -157 -355 -350z"/></g></svg>
  <svg x='539' y='527'><g transform="translate(0.199517282911,14.7505211307) scale(0.00964541675618,-0.00973472242044)"><path class="sym-line" fill="black" d="M345 1150 l-350 -350 303 0 302 0 0 -400 0 -400 100 0 100 0 0 400 0 400 302 0 303 0 -350 350 c-192 193 -352 350 -355 350 -3 0 -163 -157 -355 -350z"/></g></svg>
  <svg x='445' y='475'><g transform="translate(0.199517282911,14.7505211307) scale(0.00964541675618,-0.00973472242044)"><path class="sym-fill" fill="white" d="M470 1125 l-225 -225 455 0 455 0 -225 225 c-124 124 -227 225 -230 225 -3 0 -106 -101 -230 -225z"/><path class="sym-line" fill="black" d="M345 1150 l-350 -350 303 0 302 0 0 -400 0 -400 100 0 100 0 0 400 0 400 302 0 303 0 -350 350 c-192 193 -352 350 -355 350 -3 0 -163 -157 -355 -350z m585 -25 l225 -225 -455 0 -455 0 225 225 c124 124 227 225 230 225 3 0 106 -101 230 -225z"/></g></svg>
  <svg x='471' y='476'><g transform="translate(0.151481649373,14.7505211307) scale(0.00980873003133,-0.00973472242044)"><path class="sym-line" fill="black" d="M0 750 l0 -750 754 0 753 0 244 422 c134 232 245 429 247 438 1 10 -27 32 -82 63 -46 26 -86 47 -88 47 -3 0 -77 -124 -164 -276 l-159 -277 -3 542 -2 541 -750 0 -750 0 0 -750z"/></g></svg>
  <svg x='469' y='501'><g transform="translate(0.198426155669,41.6991942039) scale(0.00968892587986,-0.00989303731046)"><path class="sym-fill" fill="white" d="M600 2500 l0 -1700 200 0 200 0 0 1700 0 1700 -200 0 -200 0 0 -1700z M523 423 l277 -278 277 278 278 277 -555 0 -555 0 278 -277z"/><path class="sym-line" fill="black" d="M400 2500 l0 -1700 -202 0 -203 0 403 -402 402 -403 402 403 403 402 -203 0 -202 0 0 1700 0 1700 -100 0 -100 0 0 -1700 0 -1700 -200 0 -200 0 0 1700 0 1700 -100 0 -100 0 0 -1700z m677 -2077 l-277 -278 -277 278 -278 277 555 0 555 0 -278 -277z"/></g></svg>
  <svg x='492' y='457'><g transform="translate(0.178125321737,5.7484375) scale(0.00969593203301,-0.00933333333333)"><path class="sym-line" fill="black" d="M4 569 c22 -111 99 -242 206 -349 151 -151 320 -220 540 -220 220 0 389 69 540 220 107 107 184 238 206 349 l7 31 -61 0 -61 0 -42 -82 c-54 -104 -163 -218 -264 -274 -154 -85 -340 -108 -501 -61 -176 51 -331 177 -413 335 l-42 82 -61 0 -61 0 7 -31z"/></g></svg>
</svg>