<svg version='1.1' xmlns='http://www.w3.org/2000/svg' width='85' height='82' viewBox='457 440 85 82'>
  <text font-size='0'>AS1f52cS1f528S20500S20500S28801S28819S1f508S1f500S20500S32b00M542x522S32b00482x483S1f52c518x493S1f528457x494S20500494x440S20500517x511S20500472x509S1f500500x457S1f508473x456S28801516x468S28819459x469</text>
  <svg x='482' y='483'><g transform="translate(0.149874875465,34.7500790925) scale(0.00988906872676,-0.00988956850125)"><path class="sym-line" fill="black" d="M1528 3484 c-592 -92 -1088 -447 -1348 -963 -125 -249 -180 -485 -180 -771 0 -480 183 -911 529 -1242 350 -336 780 -508 1271 -508 451 0 864 150 1193 434 326 281 517 620 591 1051 21 121 21 409 0 530 -43 252 -114 444 -237 639 -282 453 -741 750 -1284 831 -127 19 -413 18 -535 -1z m607 -173 c184 -40 373 -114 533 -210 150 -89 336 -254 435 -386 33 -44 64 -85 69 -91 6 -8 -12 -23 -54 -47 -206 -115 -363 -339 -424 -602 -26 -111 -26 -339 0 -450 61 -263 218 -487 424 -602 42 -24 60 -39 54 -47 -5 -6 -36 -47 -69 -91 -99 -132 -285 -297 -435 -386 -160 -96 -350 -170 -533 -209 -142 -31 -430 -39 -575 -16 -432 69 -788 271 -1050 598 l-82 101 51 27 c166 91 285 229 366 424 60 146 78 246 78 431 0 142 -3 171 -27 259 -72 265 -234 487 -423 579 -24 12 -43 24 -43 29 0 19 169 214 243 282 249 226 512 355 852 417 143 26 467 21 610 -10z m-1621 -946 c334 -326 334 -904 0 -1230 -35 -34 -86 -74 -114 -89 l-51 -28 -38 84 c-55 120 -85 208 -117 343 -25 108 -28 138 -28 305 0 167 3 197 28 305 32 135 62 223 117 343 l38 84 51 -28 c28 -15 79 -55 114 -89z m2780 30 c93 -191 139 -406 140 -660 1 -179 -9 -250 -58 -406 -27 -89 -116 -299 -126 -299 -16 0 -134 83 -173 123 -159 158 -237 356 -237 597 0 241 78 439 237 597 40 40 157 123 173 123 4 0 24 -34 44 -75z"/></g></svg>
  <svg x='518' y='493'><g transform="translate(0.0,15.0) scale(0.01,-0.01)"><path class="sym-line" fill="black" d="M900 1200 l0 -300 -450 0 -450 0 0 -100 0 -100 450 0 450 0 0 -350 0 -350 750 0 750 0 0 750 0 750 -750 0 -750 0 0 -300z"/></g></svg>
  <svg x='457' y='494'><g transform="translate(0.0,15.0) scale(0.01,-0.01)"><path class="sym-line" fill="black" d="M0 750 l0 -750 750 0 750 0 0 300 0 300 450 0 450 0 0 100 0 100 -450 0 -450 0 0 350 0 350 -750 0 -750 0 0 -750z"/></g></svg>
  <svg x='494' y='440'><g transform="translate(-0.221878406359,10.7500002304) scale(0.0103429235226,-0.00963778430032)"><path class="sym-line" fill="black" d="M430 895 l0 -205 -37 23 c-21 13 -95 61 -165 105 l-128 82 -36 -71 c-19 -40 -32 -75 -27 -79 4 -3 74 -48 156 -99 81 -51 147 -97 147 -101 0 -4 -66 -50 -147 -101 -82 -51 -152 -96 -156 -99 -5 -4 8 -39 27 -79 l36 -71 128 82 c70 44 144 92 165 105 l37 23 0 -205 0 -205 70 0 70 0 0 205 0 205 38 -23 c20 -13 94 -61 164 -105 l128 -82 36 71 c19 40 32 75 27 79 -4 3 -74 48 -155 99 -82 51 -148 97 -148 101 0 4 66 50 148 101 81 51 151 96 155 99 5 4 -8 39 -27 79 l-36 71 -128 -82 c-70 -44 -144 -92 -164 -105 l-38 -23 0 205 0 205 -70 0 -70 0 0 -205z"/></g></svg>
  <svg x='517' y='511'><g transform="translate(-0.221878406359,10.7500002304) scale(0.0103429235226,-0.00963778430032)"><path class="sym-line" fill="black" d="M430 895 l0 -205 -37 23 c-21 13 -95 61 -165 105 l-128 82 -36 -71 c-19 -40 -32 -75 -27 -79 4 -3 74 -48 156 -99 81 -51 147 -97 147 -101 0 -4 -66 -50 -147 -101 -82 -51 -152 -96 -156 -99 -5 -4 8 -39 27 -79 l36 -71 128 82 c70 44 144 92 165 105 l37 23 0 -205 0 -205 70 0 70 0 0 205 0 205 38 -23 c20 -13 94 -61 164 -105 l128 -82 36 71 c19 40 32 75 27 79 -4 3 -74 48 -155 99 -82 51 -148 97 -148 101 0 4 66 50 148 101 81 51 151 96 155 99 5 4 -8 39 -27 79 l-36 71 -128 -82 c-70 -44 -144 -92 -164 -105 l-38 -23 0 205 0 205 -70 0 -70 0 0 -205z"/></g></svg>
  <svg x='472' y='509'><g transform="translate(-0.221878406359,10.7500002304) scale(0.0103429235226,-0.00963778430032)"><path class="sym-line" fill="black" d="M430 895 l0 -205 -37 23 c-21 13 -95 61 -165 105 l-128 82 -36 -71 c-19 -40 -32 -75 -27 -79 4 -3 74 -48 156 -99 81 -51 147 -97 147 -101 0 -4 -66 -50 -147 -101 -82 -51 -152 -96 -156 -99 -5 -4 8 -39 27 -79 l36 -71 128 82 c70 44 144 92 165 105 l37 23 0 -205 0 -205 70 0 70 0 0 205 0 205 38 -23 c20 -13 94 -61 164 -105 l128 -82 36 71 c19 40 32 75 27 79 -4 3 -74 48 -155 99 -82 51 -148 97 -148 101 0 4 66 50 148 101 81 51 151 96 155 99 5 4 -8 39 -27 79 l-36 71 -128 -82 c-70 -44 -144 -92 -164 -105 l-38 -23 0 205 0 205 -70 0 -70 0 0 -205z"/></g></svg>
  <svg x='500' y='457'><g transform="translate(0.0,15.0) scale(0.01,-0.01)"><path class="sym-fill" fill="white" d="M200 750 l0 -550 550 0 550 0 0 550 0 550 -550 0 -550 0 0 -550z"/><path class="sym-line" fill="black" d="M0 750 l0 -750 750 0 750 0 0 300 0 300 450 0 450 0 0 100 0 100 -450 0 -450 0 0 350 0 350 -750 0 -750 0 0 -750z m1300 0 l0 -550 -550 0 -550 0 0 550 0 550 550 0 550 0 0 -550z"/></g></svg>
  <svg x='473' y='456'><g transform="translate(0.0,15.0) scale(0.01,-0.01)"><path class="sym-fill" fill="white" d="M1100 750 l0 -550 550 0 550 0 0 550 0 550 -550 0 -550 0 0 -550z"/><path class="sym-line" fill="black" d="M900 1150 l0 -350 -450 0 -450 0 0 -100 0 -100 450 0 450 0 0 -300 0 -300 750 0 750 0 0 750 0 750 -750 0 -750 0 0 -350z m1300 -400 l0 -550 -550 0 -550 0 0 550 0 550 550 0 550 0 0 -550z"/></g></svg>
  <svg x='516' y='468'><g transform="translate(0.149872906888,19.9605072334) scale(0.00988916715558,-0.0100055853339)"><path class="sym-fill" fill="white" d="M730 1256 l0 -206 158 0 c171 0 223 -9 305 -56 68 -38 136 -110 171 -184 l31 -65 5 -360 5 -360 205 0 205 0 -1 365 c-1 341 -2 370 -23 445 -55 203 -177 374 -344 482 -157 103 -268 132 -529 140 l-188 6 0 -207z"/><path class="sym-line" fill="black" d="M363 1621 c-200 -197 -363 -362 -363 -367 0 -10 724 -724 734 -724 3 0 6 81 6 180 l0 180 153 0 c144 0 156 -1 205 -26 57 -28 96 -69 123 -129 17 -36 19 -72 19 -377 l0 -338 80 0 80 0 0 337 c0 275 -3 347 -16 392 -32 115 -136 227 -251 272 -50 19 -82 23 -230 27 l-173 4 0 205 0 205 198 -5 c127 -3 217 -11 252 -20 305 -83 517 -283 606 -572 l28 -90 4 -377 3 -378 81 0 80 0 -4 378 c-5 369 -6 379 -32 477 -46 173 -119 305 -240 433 -119 125 -268 215 -442 268 -82 25 -107 27 -306 32 l-218 4 0 184 c0 101 -3 184 -7 183 -5 0 -171 -161 -370 -358z"/></g></svg>
  <svg x='459' y='469'><g transform="translate(-0.0476483456381,19.9564720229) scale(0.00989882416815,-0.00999972314421)"><path class="sym-fill" fill="white" d="M1370 1255 c0 -256 3 -465 8 -465 4 0 112 105 240 233 l232 232 -233 233 c-127 127 -235 232 -240 232 -4 0 -7 -209 -7 -465z M945 1453 c-196 -17 -386 -106 -524 -246 -98 -100 -157 -195 -202 -332 -22 -68 -23 -83 -27 -463 l-3 -392 205 0 206 0 0 343 c0 356 3 386 46 468 33 64 120 144 197 180 l72 34 178 3 177 4 0 204 0 204 -142 -2 c-79 -1 -161 -3 -183 -5z"/><path class="sym-line" fill="black" d="M1260 1795 l0 -185 -179 0 c-240 0 -356 -22 -509 -98 -247 -123 -433 -342 -506 -595 -36 -123 -46 -256 -46 -599 l0 -298 79 0 79 0 4 372 c4 342 6 379 26 450 78 284 288 497 577 584 81 24 110 27 288 32 l197 4 0 -206 0 -206 -139 0 c-76 0 -162 -5 -191 -10 -132 -25 -237 -106 -297 -228 l-38 -76 -3 -358 -3 -358 80 0 81 0 0 338 c0 379 1 382 75 457 66 65 99 75 273 75 l152 0 0 -180 c0 -99 3 -180 6 -180 11 0 734 713 734 724 0 11 -723 726 -734 726 -3 0 -6 -83 -6 -185z m588 -539 c1 -6 -106 -117 -238 -245 l-240 -233 0 477 0 477 238 -232 c130 -128 238 -238 240 -244z"/></g></svg>
</svg>