<svg version='1.1' xmlns='http://www.w3.org/2000/svg' width='52' height='96' viewBox='474 452 52 96'>
  <text font-size='0'>AS1fb51S1fb37S1fb31S1fb57S20500S20500S3770bS37703S3770bS37703M526x548S1fb37503x453S1fb51474x452S1fb31480x506S1fb57505x504S37703495x523S3770b487x522S37703491x468S3770b485x469S20500495x483S20500498x537</text>
  <svg x='503' y='453'><g transform="translate(-0.000425182505242,20.9520093363) scale(0.00993094448587,-0.00995134096646)"><path class="sym-fill" fill="white" d="M682 1707 l-102 -102 71 -70 71 -70 -209 -202 -208 -202 225 -226 c124 -125 296 -294 383 -377 l158 -152 202 202 c111 111 207 202 212 202 5 0 39 -29 75 -65 l65 -64 103 101 104 101 -68 68 -68 69 67 68 68 69 -383 376 -383 377 -70 -70 -70 -70 -70 70 -70 70 -103 -103z"/><path class="sym-line" fill="black" d="M925 1952 l-140 -137 73 -69 72 -70 70 69 70 69 332 -329 c183 -181 355 -350 383 -377 l50 -48 -70 -70 -70 -70 73 -72 72 -73 140 140 140 140 -102 102 -103 103 138 138 137 137 -138 138 c-75 75 -141 137 -146 137 -5 0 -69 -58 -142 -130 -73 -71 -137 -130 -141 -130 -5 0 -130 122 -278 270 -148 149 -272 270 -275 270 -3 0 -68 -62 -145 -138z M295 1334 l-280 -274 80 -81 c44 -44 281 -278 526 -520 l446 -439 281 275 280 275 -71 69 -71 69 -210 -203 -210 -202 -383 376 -383 376 207 207 208 208 -70 69 -70 69 -280 -274z"/></g></svg>
  <svg x='474' y='452'><g transform="translate(0.101759336776,20.9679057667) scale(0.00993445282341,-0.0100051296781)"><path class="sym-fill" fill="white" d="M881 1287 l-523 -512 103 -97 c57 -54 106 -98 109 -98 10 0 1035 1012 1035 1022 0 6 -45 53 -101 104 l-101 93 -522 -512z"/><path class="sym-line" fill="black" d="M842 1808 l-272 -272 -140 139 -140 140 -142 -143 -143 -142 138 -138 137 -137 -102 -103 -103 -102 140 -139 140 -140 525 519 525 519 -135 135 c-74 75 -139 136 -145 136 -5 0 -133 -123 -283 -272z M1092 1082 l-524 -517 275 -274 c151 -150 279 -272 285 -270 6 2 245 235 531 517 l520 512 -276 273 c-151 149 -278 273 -281 274 -4 1 -242 -230 -530 -515z"/></g></svg>
  <svg x='480' y='506'><g transform="translate(0.090006600253,21.9128408041) scale(0.00993323489924,-0.00993582051228)"><path class="sym-fill" fill="white" d="M667 1448 l-377 -383 70 -70 70 -71 -70 -69 -70 -70 102 -102 103 -103 71 71 71 70 201 -208 201 -208 206 205 c114 113 283 285 377 383 l172 178 -202 202 c-111 111 -202 207 -202 212 0 5 29 39 64 75 l65 65 -101 104 -100 103 -69 -68 -69 -68 -68 67 -69 68 -376 -383z"/><path class="sym-line" fill="black" d="M427 2052 c-75 -75 -137 -142 -137 -147 0 -6 54 -64 121 -130 66 -66 125 -128 131 -139 9 -16 -27 -55 -263 -292 l-273 -274 139 -142 140 -143 69 73 70 73 -69 69 -69 70 324 327 c178 181 348 353 377 383 l53 55 70 -70 70 -70 72 73 73 72 -140 140 -140 140 -102 -102 -103 -103 -138 138 -137 137 -138 -138z M1459 1556 l-67 -71 203 -209 203 -210 -377 -383 -376 -383 -207 207 -208 208 -69 -70 -69 -70 274 -280 274 -279 71 69 c39 39 273 275 520 526 l449 457 -277 280 -278 280 -66 -72z"/></g></svg>
  <svg x='505' y='504'><g transform="translate(-0.0515625302063,21.9828083908) scale(0.0100003866412,-0.00996747781557)"><path class="sym-fill" fill="white" d="M689 1752 c-47 -48 -91 -95 -99 -105 -15 -20 -67 35 614 -657 l398 -405 98 105 98 105 -101 105 c-56 57 -287 292 -512 522 l-411 418 -85 -88z"/><path class="sym-line" fill="black" d="M1390 2055 l-135 -135 -102 102 -103 103 -139 -140 -140 -140 519 -525 519 -525 135 135 c75 74 136 139 136 145 0 5 -123 133 -272 282 l-273 273 140 140 140 140 -140 140 c-77 77 -142 140 -145 140 -3 0 -66 -61 -140 -135z M293 1358 c-150 -150 -273 -277 -273 -283 0 -9 135 -147 733 -751 l298 -301 272 274 c150 151 273 277 274 281 1 4 -230 242 -515 530 l-517 523 -272 -273z"/></g></svg>
  <svg x='495' y='523'><g transform="translate(-0.946174107756,22.3050086955) scale(0.0107616505441,-0.0103087417234)"><path class="sym-line" fill="black" d="M167 2075 c-38 -41 -67 -79 -65 -85 7 -21 1842 -1941 1853 -1938 6 2 43 37 82 79 l72 75 -923 970 c-508 533 -930 970 -938 971 -7 1 -44 -32 -81 -72z"/></g></svg>
  <svg x='487' y='522'><g transform="translate(-0.981442752515,22.333772324) scale(0.0107782670044,-0.0103182059236)"><path class="sym-line" fill="black" d="M1024 1185 c-505 -531 -919 -971 -919 -979 0 -7 31 -46 69 -86 51 -55 72 -71 83 -64 8 5 428 443 933 973 l919 965 -72 75 c-39 42 -76 77 -82 79 -6 1 -425 -432 -931 -963z"/></g></svg>
  <svg x='491' y='468'><g transform="translate(-0.946174107756,22.3050086955) scale(0.0107616505441,-0.0103087417234)"><path class="sym-line" fill="black" d="M167 2075 c-38 -41 -67 -79 -65 -85 7 -21 1842 -1941 1853 -1938 6 2 43 37 82 79 l72 75 -923 970 c-508 533 -930 970 -938 971 -7 1 -44 -32 -81 -72z"/></g></svg>
  <svg x='485' y='469'><g transform="translate(-0.981442752515,22.333772324) scale(0.0107782670044,-0.0103182059236)"><path class="sym-line" fill="black" d="M1024 1185 c-505 -531 -919 -971 -919 -979 0 -7 31 -46 69 -86 51 -55 72 -71 83 -64 8 5 428 443 933 973 l919 965 -72 75 c-39 42 -76 77 -82 79 -6 1 -425 -432 -931 -963z"/></g></svg>
  <svg x='495' y='483'><g transform="translate(-0.221878406359,10.7500002304) scale(0.0103429235226,-0.00963778430032)"><path class="sym-line" fill="black" d="M430 895 l0 -205 -37 23 c-21 13 -95 61 -165 105 l-128 82 -36 -71 c-19 -40 -32 -75 -27 -79 4 -3 74 -48 156 -99 81 -51 147 -97 147 -101 0 -4 -66 -50 -147 -101 -82 -51 -152 -96 -156 -99 -5 -4 8 -39 27 -79 l36 -71 128 82 c70 44 144 92 165 105 l37 23 0 -205 0 -205 70 0 70 0 0 205 0 205 38 -23 c20 -13 94 -61 164 -105 l128 -82 36 71 c19 40 32 75 27 79 -4 3 -74 48 -155 99 -82 51 -148 97 -148 101 0 4 66 50 148 101 81 51 151 96 155 99 5 4 -8 39 -27 79 l-36 71 -128 -82 c-70 -44 -144 -92 -164 -105 l-38 -23 0 205 0 205 -70 0 -70 0 0 -205z"/></g></svg>
  <svg x='498' y='537'><g transform="translate(-0.221878406359,10.7500002304) scale(0.0103429235226,-0.00963778430032)"><path class="sym-line" fill="black" d="M430 895 l0 -205 -37 23 c-21 13 -95 61 -165 105 l-128 82 -36 -71 c-19 -40 -32 -75 -27 -79 4 -3 74 -48 156 -99 81 -51 147 -97 147 -101 0 -4 -66 -50 -147 -101 -82 -51 -152 -96 -156 -99 -5 -4 8 -39 27 -79 l36 -71 128 82 c70 44 144 92 165 105 l37 23 0 -205 0 -205 70 0 70 0 0 205 0 205 38 -23 c20 -13 94 -61 164 -105 l128 -82 36 71 c19 40 32 75 27 79 -4 3 -74 48 -155 99 -82 51 -148 97 -148 101 0 4 66 50 148 101 81 51 151 96 155 99 5 4 -8 39 -27 79 l-36 71 -128 -82 c-70 -44 -144 -92 -164 -105 l-38 -23 0 205 0 205 -70 0 -70 0 0 -205z"/></g></svg>
</svg>