<svg version='1.1' xmlns='http://www.w3.org/2000/svg' width='137' height='54' viewBox='431 473 137 54'>
  <text font-size='0'>AS1f714S1f71cS22a00S22a10S26526S1f714S1f71cS22a00S22a10S2fb00S2fb00S2f900M568x527S1f714431x511S1f71c453x511S1f714526x512S1f71c548x512S22a00549x490S22a00455x491S22a10533x490S22a10434x492S2fb00540x481S2fb00444x484S26526491x502S2f900542x473</text>
  <svg x='431' y='511'><g transform="translate(0.131576825216,14.7505211307) scale(0.00980873003133,-0.00973472242044)"><path class="sym-fill" fill="white" d="M1200 750 l0 -550 300 0 300 0 0 550 0 550 -300 0 -300 0 0 -550z"/><path class="sym-line" fill="black" d="M249 1078 c-134 -232 -245 -429 -247 -438 -1 -10 27 -32 82 -62 46 -27 86 -48 88 -48 3 0 77 124 164 276 l159 277 3 -542 2 -541 750 0 750 0 0 750 0 750 -754 0 -753 0 -244 -422z m1551 -328 l0 -550 -300 0 -300 0 0 550 0 550 300 0 300 0 0 -550z"/></g></svg>
  <svg x='453' y='511'><g transform="translate(0.151481649373,14.7505211307) scale(0.00980873003133,-0.00973472242044)"><path class="sym-fill" fill="white" d="M200 750 l0 -550 300 0 300 0 0 550 0 550 -300 0 -300 0 0 -550z"/><path class="sym-line" fill="black" d="M0 750 l0 -750 750 0 750 0 2 541 3 542 159 -277 c87 -152 161 -276 164 -276 2 0 42 21 88 47 55 31 83 53 82 63 -2 9 -113 206 -247 438 l-244 422 -753 0 -754 0 0 -750z m800 0 l0 -550 -300 0 -300 0 0 550 0 550 300 0 300 0 0 -550z"/></g></svg>
  <svg x='526' y='512'><g transform="translate(0.131576825216,14.7505211307) scale(0.00980873003133,-0.00973472242044)"><path class="sym-fill" fill="white" d="M1200 750 l0 -550 300 0 300 0 0 550 0 550 -300 0 -300 0 0 -550z"/><path class="sym-line" fill="black" d="M249 1078 c-134 -232 -245 -429 -247 -438 -1 -10 27 -32 82 -62 46 -27 86 -48 88 -48 3 0 77 124 164 276 l159 277 3 -542 2 -541 750 0 750 0 0 750 0 750 -754 0 -753 0 -244 -422z m1551 -328 l0 -550 -300 0 -300 0 0 550 0 550 300 0 300 0 0 -550z"/></g></svg>
  <svg x='548' y='512'><g transform="translate(0.151481649373,14.7505211307) scale(0.00980873003133,-0.00973472242044)"><path class="sym-fill" fill="white" d="M200 750 l0 -550 300 0 300 0 0 550 0 550 -300 0 -300 0 0 -550z"/><path class="sym-line" fill="black" d="M0 750 l0 -750 750 0 750 0 2 541 3 542 159 -277 c87 -152 161 -276 164 -276 2 0 42 21 88 47 55 31 83 53 82 63 -2 9 -113 206 -247 438 l-244 422 -753 0 -754 0 0 -750z m800 0 l0 -550 -300 0 -300 0 0 550 0 550 300 0 300 0 0 -550z"/></g></svg>
  <svg x='549' y='490'><g transform="translate(0.043463926586,14.7505211307) scale(0.00985915292844,-0.00973472242044)"><path class="sym-fill" fill="white" d="M510 400 l0 -400 140 0 140 0 0 400 0 400 -140 0 -140 0 0 -400z"/><path class="sym-line" fill="black" d="M326 1153 l-315 -348 160 -3 159 -2 0 -400 0 -400 90 0 90 0 0 400 0 400 140 0 140 0 0 -400 0 -400 90 0 90 0 0 400 0 400 159 2 160 3 -315 348 c-174 191 -319 347 -324 347 -5 0 -150 -156 -324 -347z"/></g></svg>
  <svg x='455' y='491'><g transform="translate(0.043463926586,14.7505211307) scale(0.00985915292844,-0.00973472242044)"><path class="sym-fill" fill="white" d="M510 400 l0 -400 140 0 140 0 0 400 0 400 -140 0 -140 0 0 -400z"/><path class="sym-line" fill="black" d="M326 1153 l-315 -348 160 -3 159 -2 0 -400 0 -400 90 0 90 0 0 400 0 400 140 0 140 0 0 -400 0 -400 90 0 90 0 0 400 0 400 159 2 160 3 -315 348 c-174 191 -319 347 -324 347 -5 0 -150 -156 -324 -347z"/></g></svg>
  <svg x='533' y='490'><g transform="translate(0.043463926586,14.7505211307) scale(0.00985915292844,-0.00973472242044)"><path class="sym-fill" fill="white" d="M443 1128 l-201 -223 204 -3 c112 -1 296 -1 408 0 l204 3 -198 220 c-110 121 -203 221 -208 223 -4 1 -99 -98 -209 -220z M510 400 l0 -400 140 0 140 0 0 400 0 400 -140 0 -140 0 0 -400z"/><path class="sym-line" fill="black" d="M326 1153 l-315 -348 160 -3 159 -2 0 -400 0 -400 90 0 90 0 0 400 0 400 140 0 140 0 0 -400 0 -400 90 0 90 0 0 400 0 400 159 2 160 3 -315 348 c-174 191 -319 347 -324 347 -5 0 -150 -156 -324 -347z m534 -25 l202 -223 -206 -3 c-113 -1 -299 -1 -412 0 l-206 3 202 223 c111 122 205 222 210 222 5 0 99 -100 210 -222z"/></g></svg>
  <svg x='434' y='492'><g transform="translate(0.043463926586,14.7505211307) scale(0.00985915292844,-0.00973472242044)"><path class="sym-fill" fill="white" d="M443 1128 l-201 -223 204 -3 c112 -1 296 -1 408 0 l204 3 -198 220 c-110 121 -203 221 -208 223 -4 1 -99 -98 -209 -220z M510 400 l0 -400 140 0 140 0 0 400 0 400 -140 0 -140 0 0 -400z"/><path class="sym-line" fill="black" d="M326 1153 l-315 -348 160 -3 159 -2 0 -400 0 -400 90 0 90 0 0 400 0 400 140 0 140 0 0 -400 0 -400 90 0 90 0 0 400 0 400 159 2 160 3 -315 348 c-174 191 -319 347 -324 347 -5 0 -150 -156 -324 -347z m534 -25 l202 -223 -206 -3 c-113 -1 -299 -1 -412 0 l-206 3 202 223 c111 122 205 222 210 222 5 0 99 -100 210 -222z"/></g></svg>
  <svg x='540' y='481'><g transform="translate(0.169849905175,5.76208528494) scale(0.0097007872376,-0.00950858679199)"><path class="sym-line" fill="black" d="M552 580 c-226 -60 -429 -239 -518 -459 -13 -33 -27 -73 -30 -90 l-6 -31 60 0 61 0 42 83 c54 103 163 217 264 273 205 113 445 113 650 0 101 -56 210 -170 264 -273 l42 -83 61 0 61 0 -7 31 c-22 111 -99 242 -206 349 -99 99 -217 167 -346 200 -105 27 -289 27 -392 0z"/></g></svg>
  <svg x='444' y='484'><g transform="translate(0.169849905175,5.76208528494) scale(0.0097007872376,-0.00950858679199)"><path class="sym-line" fill="black" d="M552 580 c-226 -60 -429 -239 -518 -459 -13 -33 -27 -73 -30 -90 l-6 -31 60 0 61 0 42 83 c54 103 163 217 264 273 205 113 445 113 650 0 101 -56 210 -170 264 -273 l42 -83 61 0 61 0 -7 31 c-22 111 -99 242 -206 349 -99 99 -217 167 -346 200 -105 27 -289 27 -392 0z"/></g></svg>
  <svg x='491' y='502'><g transform="translate(0.149734255248,13.6974450331) scale(0.0097007872376,-0.00964308576999)"><path class="sym-line" fill="black" d="M800 1260 l0 -144 208 -202 207 -202 -207 -209 -208 -208 0 -150 0 -150 352 353 353 352 -353 352 -352 353 0 -145z M0 700 l0 -100 400 0 400 0 0 100 0 100 -400 0 -400 0 0 -100z"/></g></svg>
  <svg x='542' y='473'><g transform="translate(0.180786096011,4.75000053092) scale(0.00958087152387,-0.00920312606184)"><path class="sym-line" fill="black" d="M245 488 c-55 -20 -116 -69 -150 -121 -45 -68 -84 -193 -92 -289 l-6 -78 107 0 106 0 0 40 c0 57 36 145 71 175 37 30 91 33 131 7 15 -10 53 -49 85 -87 82 -98 136 -129 231 -134 87 -4 139 9 200 51 86 59 157 215 169 371 l6 77 -107 0 -106 0 0 -40 c0 -57 -36 -145 -71 -175 -37 -30 -91 -33 -131 -7 -15 10 -53 49 -85 87 -32 38 -81 83 -107 100 -44 27 -59 30 -135 32 -47 1 -99 -3 -116 -9z"/></g></svg>
</svg>