<svg version='1.1' xmlns='http://www.w3.org/2000/svg' width='82' height='40' viewBox='458 477 82 40'>
  <text font-size='0'>AS1fa10S1fa18S21600S21b00S21600S21b00S31a00S34400M540x517S31a00482x482S1fa10519x491S1fa18460x494S21b00522x477S21600532x477S21600458x481S21b00468x481S34400482x482</text>
  <svg x='482' y='482'><g transform="translate(0.149874875465,34.7500790925) scale(0.00988906872676,-0.00988956850125)"><path class="sym-line" fill="black" d="M1528 3484 c-592 -92 -1088 -447 -1348 -963 -125 -249 -180 -485 -180 -771 0 -480 183 -911 529 -1242 350 -336 780 -508 1271 -508 451 0 864 150 1193 434 326 281 517 620 591 1051 21 121 21 409 0 530 -43 252 -114 444 -237 639 -282 453 -741 750 -1284 831 -127 19 -413 18 -535 -1z m607 -173 c583 -126 1038 -523 1224 -1069 59 -173 75 -277 75 -492 0 -165 -3 -211 -22 -300 -71 -327 -228 -611 -458 -829 -186 -177 -381 -295 -614 -374 -176 -60 -282 -78 -490 -84 -247 -7 -416 19 -628 97 -549 201 -944 674 -1043 1250 -17 97 -17 383 0 480 99 576 495 1050 1043 1250 105 38 177 58 303 81 143 26 467 21 610 -10z M1022 2476 c-191 -71 -302 -228 -302 -426 0 -202 117 -362 315 -430 77 -26 210 -27 293 -2 164 52 289 195 315 361 34 222 -100 435 -315 503 -88 27 -224 24 -306 -6z m309 -173 c203 -113 202 -393 -1 -507 -50 -28 -63 -31 -145 -31 -75 0 -98 4 -135 23 -61 32 -107 77 -138 137 -36 69 -38 178 -3 245 61 118 153 172 287 167 68 -3 89 -8 135 -34z M2285 2485 c-224 -70 -363 -284 -327 -501 53 -319 398 -480 697 -326 50 25 126 98 160 153 90 141 90 337 0 478 -85 136 -229 212 -399 210 -50 -1 -109 -7 -131 -14z m241 -162 c67 -23 154 -110 177 -177 38 -111 13 -211 -72 -297 -72 -71 -132 -94 -235 -87 -82 6 -137 30 -192 85 -151 150 -91 406 113 479 53 18 150 17 209 -3z"/></g></svg>
  <svg x='519' y='491'><g transform="translate(-0.0160608963522,14.7505211307) scale(0.0098772075919,-0.00973472242044)"><path class="sym-fill" fill="white" d="M710 750 l0 -550 270 0 270 0 0 550 0 550 -270 0 -270 0 0 -550z"/><path class="sym-line" fill="black" d="M518 960 l-3 -539 -163 307 c-89 169 -166 313 -171 320 -6 10 -25 3 -82 -34 -41 -26 -78 -50 -82 -54 -5 -4 105 -222 244 -484 l253 -476 693 0 693 0 0 750 0 750 -690 0 -690 0 -2 -540z m742 -210 l0 -550 -280 0 -280 0 0 550 0 550 280 0 280 0 0 -550z"/></g></svg>
  <svg x='460' y='494'><g transform="translate(0.150637890303,14.7505211307) scale(0.00985091798486,-0.00973472242044)"><path class="sym-fill" fill="white" d="M650 750 l0 -550 270 0 270 0 0 550 0 550 -270 0 -270 0 0 -550z"/><path class="sym-line" fill="black" d="M0 750 l0 -750 693 0 692 0 250 471 c138 259 251 474 253 478 2 7 -84 65 -154 104 -8 5 -72 -107 -180 -312 l-169 -319 -3 539 -2 539 -690 0 -690 0 0 -750z m1200 0 l0 -550 -280 0 -280 0 0 550 0 550 280 0 280 0 0 -550z"/></g></svg>
  <svg x='522' y='477'><g transform="translate(0.145459417632,7.7569354617) scale(0.00951442013667,-0.00959794917003)"><path class="sym-fill" fill="white" d="M309 572 c-43 -22 -59 -38 -81 -81 -16 -31 -28 -69 -28 -91 0 -22 12 -60 28 -91 22 -43 38 -59 81 -81 68 -36 114 -36 182 0 43 22 59 38 81 81 36 68 36 114 0 182 -22 43 -38 59 -81 81 -31 16 -69 28 -91 28 -22 0 -60 -12 -91 -28z"/><path class="sym-line" fill="black" d="M275 784 c-126 -44 -218 -136 -258 -258 -22 -64 -22 -188 0 -252 56 -169 203 -274 383 -274 180 0 327 105 383 274 22 64 22 188 0 252 -41 122 -134 216 -257 257 -61 21 -195 21 -251 1z m203 -199 c104 -44 151 -167 103 -270 -71 -153 -291 -153 -362 0 -33 72 -19 166 34 224 52 56 151 76 225 46z"/></g></svg>
  <svg x='532' y='477'><g transform="translate(0.149834234299,7.75047623956) scale(0.00950047578505,-0.00951302738823)"><path class="sym-line" fill="black" d="M280 782 c-174 -65 -280 -209 -280 -382 0 -218 182 -400 400 -400 218 0 400 182 400 400 0 173 -114 326 -284 383 -63 22 -177 21 -236 -1z"/></g></svg>
  <svg x='458' y='481'><g transform="translate(0.149834234299,7.75047623956) scale(0.00950047578505,-0.00951302738823)"><path class="sym-line" fill="black" d="M280 782 c-174 -65 -280 -209 -280 -382 0 -218 182 -400 400 -400 218 0 400 182 400 400 0 173 -114 326 -284 383 -63 22 -177 21 -236 -1z"/></g></svg>
  <svg x='468' y='481'><g transform="translate(0.145459417632,7.7569354617) scale(0.00951442013667,-0.00959794917003)"><path class="sym-fill" fill="white" d="M309 572 c-43 -22 -59 -38 -81 -81 -16 -31 -28 -69 -28 -91 0 -22 12 -60 28 -91 22 -43 38 -59 81 -81 68 -36 114 -36 182 0 43 22 59 38 81 81 36 68 36 114 0 182 -22 43 -38 59 -81 81 -31 16 -69 28 -91 28 -22 0 -60 -12 -91 -28z"/><path class="sym-line" fill="black" d="M275 784 c-126 -44 -218 -136 -258 -258 -22 -64 -22 -188 0 -252 56 -169 203 -274 383 -274 180 0 327 105 383 274 22 64 22 188 0 252 -41 122 -134 216 -257 257 -61 21 -195 21 -251 1z m203 -199 c104 -44 151 -167 103 -270 -71 -153 -291 -153 -362 0 -33 72 -19 166 34 224 52 56 151 76 225 46z"/></g></svg>
  <svg x='482' y='482'><g transform="translate(0.149874875465,34.7500790925) scale(0.00988906872676,-0.00988956850125)"><path class="sym-line" fill="black" d="M1528 3484 c-592 -92 -1088 -447 -1348 -963 -125 -249 -180 -485 -180 -771 0 -480 183 -911 529 -1242 350 -336 780 -508 1271 -508 451 0 864 150 1193 434 326 281 517 620 591 1051 21 121 21 409 0 530 -43 252 -114 444 -237 639 -282 453 -741 750 -1284 831 -127 19 -413 18 -535 -1z m607 -173 c583 -126 1038 -523 1224 -1069 59 -173 75 -277 75 -492 0 -165 -3 -211 -22 -300 -71 -327 -228 -611 -458 -829 -186 -177 -381 -295 -614 -374 -176 -60 -282 -78 -490 -84 -247 -7 -416 19 -628 97 -549 201 -944 674 -1043 1250 -17 97 -17 383 0 480 99 576 495 1050 1043 1250 105 38 177 58 303 81 143 26 467 21 610 -10z M1660 1386 c-119 -33 -235 -123 -283 -219 -114 -223 21 -482 288 -553 65 -18 206 -18 270 0 137 37 243 121 297 235 28 58 31 76 31 151 0 75 -3 93 -31 151 -54 114 -160 198 -297 235 -61 17 -214 17 -275 0z m295 -178 c193 -101 193 -313 0 -416 -45 -24 -61 -27 -155 -27 -90 0 -111 3 -147 23 -187 99 -205 288 -39 400 67 44 97 52 201 48 74 -2 99 -7 140 -28z"/></g></svg>
</svg>