<svg version='1.1' xmlns='http://www.w3.org/2000/svg' width='142' height='108' viewBox='441 473 142 108'>
  <text font-size='0'>AS1fb11S22a04S1f521S15a36S20500S33b00S18510S26500S30007S22104M583x581S33b00441x482S1fb11470x522S20500456x519S22a04453x538S15a36450x569S1f521462x553S30007523x483S26500569x504S18510556x485S22104562x473</text>
  <svg x='441' y='482'><g transform="translate(0.149874875465,34.7500790925) scale(0.00988906872676,-0.00988956850125)"><path class="sym-line" fill="black" d="M1528 3484 c-592 -92 -1088 -447 -1348 -963 -125 -249 -180 -485 -180 -771 0 -480 183 -911 529 -1242 350 -336 780 -508 1271 -508 451 0 864 150 1193 434 326 281 517 620 591 1051 21 121 21 409 0 530 -43 252 -114 444 -237 639 -282 453 -741 750 -1284 831 -127 19 -413 18 -535 -1z m607 -173 c583 -126 1038 -523 1224 -1069 59 -173 75 -277 75 -492 0 -165 -3 -211 -22 -300 -71 -327 -228 -611 -458 -829 -186 -177 -381 -295 -614 -374 -176 -60 -282 -78 -490 -84 -247 -7 -416 19 -628 97 -549 201 -944 674 -1043 1250 -17 97 -17 383 0 480 99 576 495 1050 1043 1250 105 38 177 58 303 81 143 26 467 21 610 -10z M1020 875 l0 -75 780 0 780 0 0 75 0 75 -780 0 -780 0 0 -75z"/></g></svg>
  <svg x='470' y='522'><g transform="translate(0.090006600253,21.9244711881) scale(0.00993323489924,-0.00994108275744)"><path class="sym-fill" fill="white" d="M494 1272 l-201 -207 374 -379 374 -380 206 206 206 206 -374 381 c-205 210 -376 381 -379 381 -3 0 -96 -93 -206 -208z"/><path class="sym-line" fill="black" d="M427 2052 c-75 -75 -137 -142 -137 -147 0 -6 54 -64 121 -130 66 -66 125 -128 131 -139 9 -16 -27 -55 -263 -292 l-273 -274 135 -137 c74 -76 307 -313 517 -527 l383 -389 70 69 c39 38 273 274 520 525 l449 456 -517 527 -517 526 -103 -102 -103 -103 -138 138 -137 137 -138 -138z m652 -949 c204 -208 370 -381 369 -385 -2 -4 -93 -100 -202 -213 l-199 -206 -59 58 c-33 32 -204 206 -381 386 l-321 328 205 205 c112 112 207 204 211 204 3 0 173 -170 377 -377z"/></g></svg>
  <svg x='456' y='519'><g transform="translate(-0.221878406359,10.7500002304) scale(0.0103429235226,-0.00963778430032)"><path class="sym-line" fill="black" d="M430 895 l0 -205 -37 23 c-21 13 -95 61 -165 105 l-128 82 -36 -71 c-19 -40 -32 -75 -27 -79 4 -3 74 -48 156 -99 81 -51 147 -97 147 -101 0 -4 -66 -50 -147 -101 -82 -51 -152 -96 -156 -99 -5 -4 8 -39 27 -79 l36 -71 128 82 c70 44 144 92 165 105 l37 23 0 -205 0 -205 70 0 70 0 0 205 0 205 38 -23 c20 -13 94 -61 164 -105 l128 -82 36 71 c19 40 32 75 27 79 -4 3 -74 48 -155 99 -82 51 -148 97 -148 101 0 4 66 50 148 101 81 51 151 96 155 99 5 4 -8 39 -27 79 l-36 71 -128 -82 c-70 -44 -144 -92 -164 -105 l-38 -23 0 205 0 205 -70 0 -70 0 0 -205z"/></g></svg>
  <svg x='453' y='538'><g transform="translate(0.043463926586,14.7505211307) scale(0.00985915292844,-0.00973472242044)"><path class="sym-fill" fill="white" d="M510 1100 l0 -400 140 0 140 0 0 400 0 400 -140 0 -140 0 0 -400z"/><path class="sym-line" fill="black" d="M330 1100 l0 -400 -159 -2 -160 -3 315 -347 c174 -192 319 -348 324 -348 5 0 150 156 324 348 l315 347 -160 3 -159 2 0 400 0 400 -90 0 -90 0 0 -400 0 -400 -140 0 -140 0 0 400 0 400 -90 0 -90 0 0 -400z"/></g></svg>
  <svg x='450' y='569'><g transform="translate(0.150976194493,11.7516936221) scale(0.00983400277537,-0.00966938010173)"><path class="sym-fill" fill="white" d="M1400 1100 l0 -100 -600 0 -600 0 0 -400 0 -400 600 0 600 0 0 -100 0 -100 150 0 150 0 0 100 0 100 158 0 157 0 200 200 200 200 -200 200 -200 200 -157 0 -158 0 0 100 0 100 -150 0 -150 0 0 -100z"/><path class="sym-line" fill="black" d="M0 600 l0 -600 700 0 700 0 0 100 0 100 -600 0 -600 0 0 400 0 400 600 0 600 0 0 100 0 100 -700 0 -700 0 0 -600z M1700 1100 l0 -100 163 0 162 0 200 -200 200 -200 -200 -200 -200 -200 -162 0 -163 0 0 -100 0 -100 203 0 202 0 300 300 300 300 -300 300 -300 300 -202 0 -203 0 0 -100z"/></g></svg>
  <svg x='462' y='553'><g transform="translate(-0.0279667975644,21.9265459623) scale(0.00992211572401,-0.00989914021012)"><path class="sym-line" fill="black" d="M665 1709 c-278 -271 -505 -494 -505 -498 0 -3 104 -108 232 -233 l233 -227 -110 -108 c-61 -59 -197 -193 -304 -298 l-193 -189 72 -69 72 -69 97 94 c53 52 190 185 304 297 l208 202 201 -196 c111 -107 205 -194 209 -193 12 5 1014 982 1014 989 0 9 -1008 988 -1017 989 -4 0 -235 -221 -513 -491z"/></g></svg>
  <svg x='523' y='483'><g transform="translate(-0.0202640873613,34.8235379339) scale(0.00998278661735,-0.00997653818402)"><path class="sym-line" fill="black" d="M1650 3474 c-324 -38 -548 -110 -790 -254 -284 -168 -552 -464 -685 -755 -113 -247 -159 -457 -158 -730 0 -256 45 -464 149 -696 244 -548 766 -931 1389 -1020 115 -16 374 -16 490 0 799 113 1416 714 1526 1486 16 115 16 366 0 475 -59 392 -242 743 -527 1009 -272 254 -593 409 -974 471 -69 11 -361 21 -420 14z m368 -169 c56 -8 130 -22 165 -30 60 -15 187 -55 187 -58 0 -1 -7 -34 -15 -72 -19 -90 -19 -224 0 -317 9 -43 34 -112 62 -168 38 -76 63 -110 128 -175 129 -129 263 -193 449 -215 99 -12 232 -2 292 20 14 6 27 10 28 10 7 0 46 -119 65 -195 31 -129 42 -221 42 -365 0 -389 -134 -738 -399 -1035 -481 -540 -1281 -696 -1938 -379 -329 160 -595 421 -749 739 -108 222 -155 423 -155 673 0 200 24 345 90 529 152 427 528 798 963 952 262 92 532 122 785 86z m591 -196 c162 -89 326 -225 454 -379 76 -92 195 -275 185 -286 -9 -8 -121 -24 -173 -24 -136 1 -295 65 -394 160 -110 105 -169 228 -178 375 -5 74 10 195 24 195 4 0 40 -19 82 -41z"/></g></svg>
  <svg x='569' y='504'><g transform="translate(0.199517282911,14.7505211307) scale(0.00964541675618,-0.00973472242044)"><path class="sym-line" fill="black" d="M345 1150 l-350 -350 303 0 302 0 0 -400 0 -400 100 0 100 0 0 400 0 400 302 0 303 0 -350 350 c-192 193 -352 350 -355 350 -3 0 -163 -157 -355 -350z"/></g></svg>
  <svg x='556' y='485'><g transform="translate(0.0,15.0) scale(0.01,-0.01)"><path class="sym-fill" fill="white" d="M1740 750 l0 -650 160 0 160 0 0 650 0 650 -160 0 -160 0 0 -650z"/><path class="sym-line" fill="black" d="M0 1300 l0 -200 268 0 267 0 545 -502 545 -502 3 -48 3 -48 435 0 434 0 0 750 0 750 -1250 0 -1250 0 0 -200z m2070 -550 l0 -650 -165 0 -165 0 0 650 0 650 165 0 165 0 0 -650z m-440 0 c0 -192 -2 -350 -5 -350 -6 0 -755 691 -755 696 0 2 171 4 380 4 l380 0 0 -350z"/></g></svg>
  <svg x='562' y='473'><g transform="translate(0.150398531432,6.94494141144) scale(0.00966757342839,-0.00970929130205)"><path class="sym-line" fill="black" d="M64 638 c-35 -33 -64 -64 -64 -68 0 -10 589 -550 600 -550 11 0 600 540 600 550 0 11 -127 130 -140 130 -6 0 -110 -90 -231 -200 -121 -110 -224 -200 -229 -200 -5 0 -108 90 -229 200 -121 110 -225 200 -231 200 -7 0 -41 -28 -76 -62z"/></g></svg>
</svg>