<svg version='1.1' xmlns='http://www.w3.org/2000/svg' width='82' height='100' viewBox='459 437 82 100'>
  <text font-size='0'>AS1f410S1f418S31600S22100S22100S2f700S2f710S1ee10S1ee18S31400M541x537S1f418459x513S2f710475x437S1ee10513x456S22100476x447S2f700511x437S1f410512x513S31600482x502S31400482x463S22100511x447S1ee18460x456</text>
  <svg x='459' y='513'><g transform="translate(0.0,15.0) scale(0.01,-0.01)"><path class="sym-fill" fill="white" d="M700 750 l0 -550 300 0 300 0 0 550 0 550 -300 0 -300 0 0 -550z"/><path class="sym-line" fill="black" d="M0 750 l0 -750 750 0 750 0 0 268 0 267 383 383 382 382 318 0 317 0 0 100 0 100 -1450 0 -1450 0 0 -750z m1300 0 l0 -550 -300 0 -300 0 0 550 0 550 300 0 300 0 0 -550z m660 547 c0 -1 -104 -106 -230 -232 l-230 -230 0 233 0 232 230 0 c127 0 230 -1 230 -3z"/></g></svg>
  <svg x='475' y='437'><g transform="translate(0.0,7.0) scale(0.01,-0.01)"><path class="sym-line" fill="black" d="M0 657 l0 -43 355 -204 355 -205 -355 -3 -355 -2 0 -100 0 -100 600 0 600 0 0 83 0 82 -464 268 -464 267 -136 0 -136 0 0 -43z"/></g></svg>
  <svg x='513' y='456'><g transform="translate(0.150751748454,21.7501746899) scale(0.0098452250773,-0.00983163957555)"><path class="sym-fill" fill="white" d="M1250 750 l0 -550 310 0 310 0 0 550 0 550 -310 0 -310 0 0 -550z"/><path class="sym-line" fill="black" d="M230 2131 l-75 -70 50 -49 c28 -27 227 -219 443 -426 l392 -378 0 -454 0 -454 -520 0 -520 0 0 -100 0 -100 520 0 520 0 0 -50 0 -50 780 0 780 0 0 750 0 750 -776 0 -776 0 -360 348 c-198 191 -366 348 -372 349 -6 2 -45 -28 -86 -66z m1640 -1381 l0 -550 -310 0 -310 0 0 550 0 550 310 0 310 0 0 -550z"/></g></svg>
  <svg x='476' y='447'><g transform="translate(0.150398531432,6.77070779296) scale(0.00966757342839,-0.0097032077862)"><path class="sym-line" fill="black" d="M296 409 c-163 -149 -296 -275 -296 -279 0 -11 127 -130 140 -130 6 0 110 90 231 200 121 110 224 200 229 200 5 0 108 -90 229 -200 121 -110 225 -200 231 -200 13 0 140 119 140 130 0 10 -589 550 -600 550 -5 0 -141 -122 -304 -271z"/></g></svg>
  <svg x='511' y='437'><g transform="translate(0.0,7.0) scale(0.01,-0.01)"><path class="sym-line" fill="black" d="M463 432 l-463 -267 0 -82 0 -83 600 0 600 0 0 100 0 100 -355 2 -355 3 355 205 355 204 0 43 0 43 -137 0 -138 -1 -462 -267z"/></g></svg>
  <svg x='512' y='513'><g transform="translate(0.0,15.0) scale(0.01,-0.01)"><path class="sym-fill" fill="white" d="M1600 750 l0 -550 300 0 300 0 0 550 0 550 -300 0 -300 0 0 -550z"/><path class="sym-line" fill="black" d="M0 1400 l0 -100 318 0 317 0 383 -383 382 -382 0 -268 0 -267 750 0 750 0 0 750 0 750 -1450 0 -1450 0 0 -100z m1400 -330 c0 -126 -1 -230 -3 -230 -1 0 -106 104 -232 230 l-230 230 233 0 232 0 0 -230z m800 -320 l0 -550 -300 0 -300 0 0 550 0 550 300 0 300 0 0 -550z"/></g></svg>
  <svg x='482' y='502'><g transform="translate(0.149874875465,34.7500790925) scale(0.00988906872676,-0.00988956850125)"><path class="sym-line" fill="black" d="M1528 3484 c-592 -92 -1088 -447 -1348 -963 -125 -249 -180 -485 -180 -771 0 -480 183 -911 529 -1242 350 -336 780 -508 1271 -508 451 0 864 150 1193 434 326 281 517 620 591 1051 21 121 21 409 0 530 -43 252 -114 444 -237 639 -282 453 -741 750 -1284 831 -127 19 -413 18 -535 -1z m607 -173 c583 -126 1038 -523 1224 -1069 59 -173 75 -277 75 -492 0 -165 -3 -211 -22 -300 -71 -327 -228 -611 -458 -829 -186 -177 -381 -295 -614 -374 -176 -60 -282 -78 -490 -84 -247 -7 -416 19 -628 97 -549 201 -944 674 -1043 1250 -17 97 -17 383 0 480 99 576 495 1050 1043 1250 105 38 177 58 303 81 143 26 467 21 610 -10z M722 2450 c7 -73 59 -170 120 -225 96 -86 202 -125 341 -125 215 0 393 115 447 289 11 35 20 74 20 87 0 22 -4 24 -55 24 -51 0 -55 -2 -61 -27 -18 -79 -75 -138 -179 -185 -71 -32 -226 -37 -310 -11 -113 36 -196 111 -211 189 -6 34 -7 34 -61 34 l-56 0 5 -50z M1955 2453 c29 -205 222 -353 458 -353 51 0 115 6 142 14 171 45 304 182 324 333 l8 53 -59 0 c-52 0 -58 -2 -58 -20 0 -61 -75 -145 -169 -189 -51 -23 -68 -25 -181 -26 -120 0 -128 1 -190 31 -93 46 -146 100 -159 167 -7 31 -8 32 -65 35 l-58 3 7 -48z"/></g></svg>
  <svg x='482' y='463'><g transform="translate(0.149874875465,34.7500790925) scale(0.00988906872676,-0.00988956850125)"><path class="sym-line" fill="black" d="M1528 3484 c-592 -92 -1088 -447 -1348 -963 -125 -249 -180 -485 -180 -771 0 -480 183 -911 529 -1242 350 -336 780 -508 1271 -508 451 0 864 150 1193 434 326 281 517 620 591 1051 21 121 21 409 0 530 -43 252 -114 444 -237 639 -282 453 -741 750 -1284 831 -127 19 -413 18 -535 -1z m607 -173 c583 -126 1038 -523 1224 -1069 59 -173 75 -277 75 -492 0 -165 -3 -211 -22 -300 -71 -327 -228 -611 -458 -829 -186 -177 -381 -295 -614 -374 -176 -60 -282 -78 -490 -84 -247 -7 -416 19 -628 97 -549 201 -944 674 -1043 1250 -17 97 -17 383 0 480 99 576 495 1050 1043 1250 105 38 177 58 303 81 143 26 467 21 610 -10z M1030 2481 c-81 -26 -130 -54 -188 -106 -61 -55 -113 -152 -120 -225 l-5 -50 56 0 c54 0 55 0 61 34 15 78 98 153 211 189 84 26 239 21 310 -11 104 -47 161 -106 179 -184 6 -26 10 -28 61 -28 51 0 55 2 55 24 0 47 -40 152 -77 200 -50 65 -147 130 -232 156 -88 26 -232 27 -311 1z M2247 2475 c-159 -55 -271 -180 -292 -328 l-7 -48 58 3 c57 3 58 4 65 35 13 67 66 121 159 167 62 30 70 31 190 31 113 -1 130 -3 181 -26 94 -44 169 -128 169 -189 0 -18 6 -20 58 -20 l59 0 -8 53 c-20 151 -153 288 -324 333 -82 22 -228 17 -308 -11z"/></g></svg>
  <svg x='511' y='447'><g transform="translate(0.150398531432,6.77070779296) scale(0.00966757342839,-0.0097032077862)"><path class="sym-line" fill="black" d="M296 409 c-163 -149 -296 -275 -296 -279 0 -11 127 -130 140 -130 6 0 110 90 231 200 121 110 224 200 229 200 5 0 108 -90 229 -200 121 -110 225 -200 231 -200 13 0 140 119 140 130 0 10 -589 550 -600 550 -5 0 -141 -122 -304 -271z"/></g></svg>
  <svg x='460' y='456'><g transform="translate(0.150751748454,21.7511553253) scale(0.0098452250773,-0.00982306257902)"><path class="sym-fill" fill="white" d="M730 750 l0 -550 310 0 310 0 0 550 0 550 -310 0 -310 0 0 -550z"/><path class="sym-line" fill="black" d="M1915 1850 l-360 -349 -777 0 -778 -1 0 -750 0 -750 780 0 780 0 0 50 0 50 520 0 520 0 0 100 0 100 -520 0 -520 0 0 454 0 454 393 378 c215 207 415 399 442 426 l50 49 -75 69 c-41 39 -79 69 -85 69 -5 0 -172 -157 -370 -349z m-565 -1100 l0 -550 -310 0 -310 0 0 550 0 550 310 0 310 0 0 -550z"/></g></svg>
</svg>