<svg version='1.1' xmlns='http://www.w3.org/2000/svg' width='80' height='103' viewBox='461 459 80 103'>
  <text font-size='0'>AS1fb10S1fb18S26500S26510S15d40S15d48S22a04S22a14S2fb04S2fb00S2ff00M541x562S26510465x459S26500522x459S2ff00482x482S2fb00493x462S22a14469x547S22a04518x546S15d40519x515S15d48461x516S2fb04491x544S1fb10526x477S1fb18461x477</text>
  <svg x='465' y='459'><g transform="translate(0.199517282911,14.7505211307) scale(0.00964541675618,-0.00973472242044)"><path class="sym-fill" fill="white" d="M470 1125 l-225 -225 455 0 455 0 -225 225 c-124 124 -227 225 -230 225 -3 0 -106 -101 -230 -225z"/><path class="sym-line" fill="black" d="M345 1150 l-350 -350 303 0 302 0 0 -400 0 -400 100 0 100 0 0 400 0 400 302 0 303 0 -350 350 c-192 193 -352 350 -355 350 -3 0 -163 -157 -355 -350z m585 -25 l225 -225 -455 0 -455 0 225 225 c124 124 227 225 230 225 3 0 106 -101 230 -225z"/></g></svg>
  <svg x='522' y='459'><g transform="translate(0.199517282911,14.7505211307) scale(0.00964541675618,-0.00973472242044)"><path class="sym-line" fill="black" d="M345 1150 l-350 -350 303 0 302 0 0 -400 0 -400 100 0 100 0 0 400 0 400 302 0 303 0 -350 350 c-192 193 -352 350 -355 350 -3 0 -163 -157 -355 -350z"/></g></svg>
  <svg x='482' y='482'><g transform="translate(0.149874875465,34.7500790925) scale(0.00988906872676,-0.00988956850125)"><path class="sym-line" fill="black" d="M1528 3484 c-592 -92 -1088 -447 -1348 -963 -125 -249 -180 -485 -180 -771 0 -480 183 -911 529 -1242 350 -336 780 -508 1271 -508 451 0 864 150 1193 434 326 281 517 620 591 1051 21 121 21 409 0 530 -43 252 -114 444 -237 639 -282 453 -741 750 -1284 831 -127 19 -413 18 -535 -1z m607 -173 c583 -126 1038 -523 1224 -1069 59 -173 75 -277 75 -492 0 -165 -3 -211 -22 -300 -71 -327 -228 -611 -458 -829 -186 -177 -381 -295 -614 -374 -176 -60 -282 -78 -490 -84 -247 -7 -416 19 -628 97 -549 201 -944 674 -1043 1250 -17 97 -17 383 0 480 99 576 495 1050 1043 1250 105 38 177 58 303 81 143 26 467 21 610 -10z"/></g></svg>
  <svg x='493' y='462'><g transform="translate(0.169849905175,5.76208528494) scale(0.0097007872376,-0.00950858679199)"><path class="sym-line" fill="black" d="M552 580 c-226 -60 -429 -239 -518 -459 -13 -33 -27 -73 -30 -90 l-6 -31 60 0 61 0 42 83 c54 103 163 217 264 273 205 113 445 113 650 0 101 -56 210 -170 264 -273 l42 -83 61 0 61 0 -7 31 c-22 111 -99 242 -206 349 -99 99 -217 167 -346 200 -105 27 -289 27 -392 0z"/></g></svg>
  <svg x='469' y='547'><g transform="translate(0.043463926586,14.7505211307) scale(0.00985915292844,-0.00973472242044)"><path class="sym-fill" fill="white" d="M510 1100 l0 -400 140 0 140 0 0 400 0 400 -140 0 -140 0 0 -400z M277 557 c144 -163 368 -407 373 -407 5 0 229 244 373 407 l39 43 -412 0 -412 0 39 -43z"/><path class="sym-line" fill="black" d="M330 1100 l0 -400 -159 -2 -160 -3 315 -347 c174 -192 319 -348 324 -348 5 0 150 156 324 348 l315 347 -160 3 -159 2 0 400 0 400 -90 0 -90 0 0 -400 0 -400 -140 0 -140 0 0 400 0 400 -90 0 -90 0 0 -400z m714 -522 c-82 -96 -388 -428 -394 -428 -6 0 -312 332 -394 428 l-19 22 413 0 413 0 -19 -22z"/></g></svg>
  <svg x='518' y='546'><g transform="translate(0.043463926586,14.7505211307) scale(0.00985915292844,-0.00973472242044)"><path class="sym-fill" fill="white" d="M510 1100 l0 -400 140 0 140 0 0 400 0 400 -140 0 -140 0 0 -400z"/><path class="sym-line" fill="black" d="M330 1100 l0 -400 -159 -2 -160 -3 315 -347 c174 -192 319 -348 324 -348 5 0 150 156 324 348 l315 347 -160 3 -159 2 0 400 0 400 -90 0 -90 0 0 -400 0 -400 -140 0 -140 0 0 400 0 400 -90 0 -90 0 0 -400z"/></g></svg>
  <svg x='519' y='515'><g transform="translate(0.151880478427,26.7522648112) scale(0.00978878857863,-0.00985915829359)"><path class="sym-fill" fill="white" d="M418 2212 l-208 -196 0 -158 0 -158 -105 0 -105 0 0 -150 0 -150 105 0 105 0 0 -600 0 -600 210 0 210 0 0 600 0 600 320 0 320 0 0 150 0 150 -320 0 -320 0 -2 354 -3 354 -207 -196z"/><path class="sym-line" fill="black" d="M313 2405 l-313 -296 0 -205 0 -204 105 0 105 0 0 159 0 160 206 195 c113 108 210 196 215 196 5 0 9 -147 9 -355 l0 -355 315 0 315 0 0 203 0 204 -311 294 c-171 162 -316 295 -322 297 -7 1 -153 -131 -324 -293z M0 700 l0 -700 635 0 635 0 0 148 0 147 315 298 c173 164 315 301 315 305 0 4 -33 40 -73 80 l-73 73 -240 -227 -239 -226 -3 401 -2 401 -315 0 -315 0 0 -600 0 -600 -215 0 -215 0 0 600 0 600 -105 0 -105 0 0 -700z"/></g></svg>
  <svg x='461' y='516'><g transform="translate(0.0,27.0) scale(0.01,-0.01)"><path class="sym-fill" fill="white" d="M1270 2057 l0 -357 -320 0 -320 0 0 -150 0 -150 320 0 320 0 0 -600 0 -600 210 0 210 0 0 600 0 600 105 0 105 0 0 150 0 150 -105 0 -105 0 0 158 0 158 -152 145 c-84 79 -179 168 -210 198 l-58 54 0 -356z"/><path class="sym-line" fill="black" d="M943 2402 l-313 -296 0 -203 0 -203 320 0 320 0 2 357 3 358 207 -195 206 -195 1 -162 1 -163 105 0 105 0 0 204 0 205 -312 295 c-171 163 -316 296 -322 296 -6 -1 -152 -134 -323 -298z M628 1000 l-3 -401 -239 226 -240 226 -73 -73 c-40 -40 -73 -76 -73 -80 0 -4 142 -141 315 -305 l315 -298 0 -147 0 -148 635 0 635 0 0 700 0 700 -105 0 -105 0 0 -600 0 -600 -210 0 -210 0 0 600 0 600 -320 0 -320 0 -2 -400z"/></g></svg>
  <svg x='491' y='544'><g transform="translate(0.178125321737,5.7484375) scale(0.00969593203301,-0.00933333333333)"><path class="sym-line" fill="black" d="M4 569 c22 -111 99 -242 206 -349 151 -151 320 -220 540 -220 220 0 389 69 540 220 107 107 184 238 206 349 l7 31 -61 0 -61 0 -42 -82 c-54 -104 -163 -218 -264 -274 -154 -85 -340 -108 -501 -61 -176 51 -331 177 -413 335 l-42 82 -61 0 -61 0 7 -31z"/></g></svg>
  <svg x='526' y='477'><g transform="translate(0.0,19.0) scale(0.01,-0.01)"><path class="sym-fill" fill="white" d="M200 750 l0 -550 300 0 300 0 0 550 0 550 -300 0 -300 0 0 -550z"/><path class="sym-line" fill="black" d="M800 1700 l0 -200 -400 0 -400 0 0 -750 0 -750 750 0 750 0 0 750 0 750 -150 0 -150 0 0 200 0 200 -200 0 -200 0 0 -200z m0 -950 l0 -550 -300 0 -300 0 0 550 0 550 300 0 300 0 0 -550z"/></g></svg>
  <svg x='461' y='477'><g transform="translate(0.0,19.0) scale(0.01,-0.01)"><path class="sym-fill" fill="white" d="M700 750 l0 -550 300 0 300 0 0 550 0 550 -300 0 -300 0 0 -550z"/><path class="sym-line" fill="black" d="M300 1700 l0 -200 -150 0 -150 0 0 -750 0 -750 750 0 750 0 0 750 0 750 -400 0 -400 0 0 200 0 200 -200 0 -200 0 0 -200z m1000 -950 l0 -550 -300 0 -300 0 0 550 0 550 300 0 300 0 0 -550z"/></g></svg>
</svg>