<svg version='1.1' xmlns='http://www.w3.org/2000/svg' width='80' height='165' viewBox='444 482 80 165'>
  <text font-size='0'>AS1f450S30004S22124S14c09S37809S15a12S2c712S2c313S14c28S37804M524x647S30004482x482S1f450481x525S22124462x515S15a12478x635S14c09498x573S2c313453x568S14c28444x593S37804462x618S37809496x600S2c712474x594</text>
  <svg x='482' y='482'><g transform="translate(0.149874875465,34.7500790925) scale(0.00988906872676,-0.00988956850125)"><path class="sym-line" fill="black" d="M1528 3484 c-592 -92 -1088 -447 -1348 -963 -125 -249 -180 -485 -180 -771 0 -480 183 -911 529 -1242 350 -336 780 -508 1271 -508 451 0 864 150 1193 434 326 281 517 620 591 1051 21 121 21 409 0 530 -43 252 -114 444 -237 639 -282 453 -741 750 -1284 831 -127 19 -413 18 -535 -1z m607 -173 c583 -126 1038 -523 1224 -1069 59 -173 75 -277 75 -492 0 -165 -3 -211 -22 -300 -107 -494 -416 -893 -866 -1117 -37 -19 -69 -33 -71 -31 -1 2 -18 29 -38 60 -94 149 -268 273 -445 319 -101 26 -279 26 -378 0 -205 -53 -367 -177 -479 -366 -10 -16 -16 -15 -75 15 -473 236 -792 664 -881 1180 -17 97 -17 383 0 480 99 576 495 1050 1043 1250 105 38 177 58 303 81 143 26 467 21 610 -10z m-157 -2796 c80 -25 167 -76 234 -137 50 -45 111 -129 101 -139 -12 -11 -155 -46 -263 -64 -125 -20 -371 -20 -498 1 -92 14 -247 50 -264 60 -23 14 101 152 189 211 136 92 339 119 501 68z"/></g></svg>
  <svg x='481' y='525'><g transform="translate(0.0,15.0) scale(0.01,-0.01)"><path class="sym-line" fill="black" d="M0 1400 l0 -100 317 0 318 0 382 -382 383 -383 0 150 0 150 -232 232 -233 233 233 0 232 0 0 100 0 100 -700 0 -700 0 0 -100z M1600 750 l0 -750 650 0 650 0 0 750 0 750 -650 0 -650 0 0 -750z"/></g></svg>
  <svg x='462' y='515'><g transform="translate(0.131077154539,6.97738534177) scale(0.0098364174108,-0.0100604999865)"><path class="sym-line" fill="black" d="M846 475 l-247 -206 -212 177 c-116 98 -220 184 -229 192 -15 13 -24 8 -88 -44 -39 -32 -69 -64 -68 -70 4 -15 584 -504 598 -504 6 0 119 91 251 203 131 111 244 202 249 202 5 0 118 -91 249 -202 132 -112 245 -203 251 -203 14 0 594 489 598 504 1 6 -29 38 -68 70 -64 52 -73 57 -88 44 -9 -8 -113 -95 -229 -192 l-213 -178 -240 201 c-132 111 -246 204 -253 207 -9 3 -114 -79 -261 -201z"/></g></svg>
  <svg x='478' y='635'><g transform="translate(0.198694149149,11.7516936221) scale(0.00983400277537,-0.00966938010173)"><path class="sym-fill" fill="white" d="M485 400 l200 -200 907 0 908 0 0 200 0 200 -1107 0 -1108 0 200 -200z"/><path class="sym-line" fill="black" d="M295 900 l-300 -300 300 -300 300 -300 1052 0 1053 0 0 600 0 600 -1053 0 -1052 0 -300 -300z m2205 -500 l0 -200 -913 0 -912 0 -200 200 -200 200 1113 0 1112 0 0 -200z"/></g></svg>
  <svg x='498' y='573'><g transform="translate(0.181461873816,26.8092542006) scale(0.00988948653769,-0.00997446889367)"><path class="sym-fill" fill="white" d="M727 1154 l-458 -476 52 -56 c85 -92 330 -342 334 -342 2 0 209 213 460 472 l455 473 0 202 0 203 -192 0 -193 0 -458 -476z"/><path class="sym-line" fill="black" d="M1440 2668 c0 -6 -48 -197 -107 -425 l-106 -413 -61 0 -61 -1 -260 -271 -260 -271 -3 302 -2 301 -95 0 -95 0 0 -402 0 -403 -196 -203 -197 -203 30 -32 c165 -178 620 -642 628 -642 5 0 185 181 399 403 l388 402 459 0 459 0 0 100 0 100 -361 0 -361 0 61 65 61 66 0 64 0 64 38 11 c319 87 784 218 787 221 5 6 -36 172 -45 182 -6 7 -568 -140 -762 -199 -16 -5 -18 4 -18 97 l0 101 262 272 c144 149 291 301 326 338 l65 66 -63 71 c-35 39 -66 71 -70 71 -5 0 -153 -151 -330 -335 l-323 -335 -99 0 c-90 0 -99 2 -94 18 15 49 196 770 196 779 0 5 -37 20 -82 32 -95 24 -108 26 -108 9z m140 -1238 l0 -200 -462 -480 -463 -480 -192 197 c-106 109 -191 203 -190 210 1 7 206 224 455 483 l453 470 200 0 199 0 0 -200z"/></g></svg>
  <svg x='453' y='568'><g transform="translate(-0.0439520404639,22.3533512269) scale(0.0102351016307,-0.0103637364571)"><path class="sym-fill" fill="white" d="M200 659 l0 -336 122 -6 c180 -10 520 -8 516 2 -2 5 -129 141 -283 302 -154 161 -297 311 -317 333 l-37 41 -1 -336z"/><path class="sym-line" fill="black" d="M56 2102 l-37 -39 410 -429 410 -429 -62 -28 c-78 -36 -240 -90 -366 -123 l-96 -25 -107 113 -107 113 -1 -527 0 -528 495 0 c298 0 495 4 495 9 0 5 -47 58 -104 118 l-104 109 38 149 c38 148 111 371 127 386 4 4 182 -176 395 -399 213 -224 412 -432 443 -462 l55 -54 35 34 c20 19 34 40 33 47 -2 6 -172 189 -378 405 -206 216 -408 428 -449 471 l-74 77 24 34 c13 18 125 140 249 270 147 155 239 243 266 256 120 59 260 -26 272 -163 7 -85 -16 -122 -187 -301 -83 -87 -151 -161 -151 -165 0 -3 33 -39 74 -80 l73 -73 151 159 c176 183 195 208 223 282 79 211 -14 452 -211 545 -59 28 -74 31 -165 31 -150 0 -192 -23 -365 -201 -340 -349 -405 -414 -415 -414 -6 0 -197 196 -425 435 -228 239 -417 435 -420 435 -3 0 -23 -17 -44 -38z m479 -1457 c120 -126 241 -254 269 -282 l50 -53 -327 0 -327 0 0 342 0 343 58 -60 c32 -33 157 -163 277 -290z"/></g></svg>
  <svg x='444' y='593'><g transform="translate(-0.0594657001311,30.7516384396) scale(0.00991707416583,-0.00987200030311)"><path class="sym-line" fill="black" d="M1110 2603 l-1 -498 -74 -78 -74 -77 -213 375 c-117 206 -217 374 -222 375 -12 0 -176 -93 -176 -100 1 -3 104 -185 230 -405 l229 -400 -45 -45 -44 -46 0 -104 -1 -105 -272 278 c-150 152 -277 277 -284 277 -6 0 -41 -32 -77 -72 l-65 -71 269 -276 c148 -152 305 -312 349 -356 l81 -80 0 -597 0 -598 495 0 495 0 0 297 0 298 295 295 c162 163 295 302 295 309 0 16 -119 141 -134 141 -6 0 -111 -100 -233 -222 l-223 -223 0 406 0 405 -44 43 -43 43 223 392 c123 216 226 399 229 407 6 16 -151 113 -170 105 -6 -2 -102 -163 -213 -357 -111 -195 -207 -361 -212 -369 -8 -12 -24 -1 -85 60 l-75 74 0 498 0 498 -105 0 -105 0 0 -497z"/></g></svg>
  <svg x='462' y='618'><g transform="translate(-0.548447438866,16.8563721883) scale(0.010311777968,-0.00990709042892)"><path class="sym-line" fill="black" d="M116 1608 c-30 -45 -51 -86 -48 -89 9 -8 2949 -1509 2956 -1509 11 0 115 165 108 171 -8 8 -2918 1495 -2944 1504 -13 5 -29 -12 -72 -77z"/></g></svg>
  <svg x='496' y='600'><g transform="translate(-0.543521144404,31.9854149313) scale(0.011108326014,-0.0100221328273)"><path class="sym-line" fill="black" d="M375 1643 c-170 -846 -310 -1545 -312 -1553 -3 -11 18 -22 74 -42 43 -14 78 -26 79 -25 1 1 139 691 308 1532 169 842 310 1539 312 1550 4 18 -4 24 -63 44 -37 12 -73 24 -78 27 -7 3 -128 -580 -320 -1533z"/></g></svg>
  <svg x='474' y='594'><g transform="translate(0.149658981155,19.2033263344) scale(0.00989986344226,-0.0100288888602)"><path class="sym-fill" fill="white" d="M90 1430 c0 -203 2 -370 4 -370 2 0 167 167 366 370 l362 370 -366 0 -366 0 0 -370z"/><path class="sym-line" fill="black" d="M0 1358 l0 -543 229 235 229 235 115 -115 c62 -63 323 -328 578 -589 425 -434 469 -477 529 -505 58 -28 75 -31 160 -31 143 0 178 19 363 203 170 168 255 269 297 352 140 277 107 606 -84 847 -22 29 -46 51 -51 50 -6 -1 -158 -152 -337 -336 l-327 -334 120 -125 c137 -144 180 -215 181 -300 0 -65 -25 -109 -78 -139 -49 -28 -112 -30 -162 -4 -21 11 -275 263 -601 596 l-563 576 233 235 233 234 -532 0 -532 0 0 -542z m820 445 c0 -9 -709 -736 -722 -741 -9 -4 -11 732 -1 741 9 10 723 9 723 0z"/></g></svg>
</svg>