<svg version='1.1' xmlns='http://www.w3.org/2000/svg' width='101' height='56' viewBox='449 472 101 56'>
  <text font-size='0'>AS1f720S1f728S20500S23b04S23b1cS2f900S2f900S2fb04M550x528S1f728478x487S1f720501x487S20500495x472S23b04530x491S23b1c450x492S2f900539x523S2f900449x521S2fb04493x515</text>
  <svg x='478' y='487'><g transform="translate(0.151481649373,14.7505211307) scale(0.00980873003133,-0.00973472242044)"><path class="sym-line" fill="black" d="M0 750 l0 -750 754 0 753 0 244 422 c134 232 245 429 247 438 1 10 -27 32 -82 63 -46 26 -86 47 -88 47 -3 0 -77 -124 -164 -276 l-159 -277 -3 542 -2 541 -750 0 -750 0 0 -750z"/></g></svg>
  <svg x='501' y='487'><g transform="translate(0.131576825216,14.7505211307) scale(0.00980873003133,-0.00973472242044)"><path class="sym-line" fill="black" d="M498 959 l-3 -542 -159 277 c-87 152 -161 276 -164 276 -2 0 -42 -21 -88 -47 -55 -31 -83 -53 -82 -63 2 -9 113 -206 247 -438 l244 -422 753 0 754 0 0 750 0 750 -750 0 -750 0 -2 -541z"/></g></svg>
  <svg x='495' y='472'><g transform="translate(-0.221878406359,10.7500002304) scale(0.0103429235226,-0.00963778430032)"><path class="sym-line" fill="black" d="M430 895 l0 -205 -37 23 c-21 13 -95 61 -165 105 l-128 82 -36 -71 c-19 -40 -32 -75 -27 -79 4 -3 74 -48 156 -99 81 -51 147 -97 147 -101 0 -4 -66 -50 -147 -101 -82 -51 -152 -96 -156 -99 -5 -4 8 -39 27 -79 l36 -71 128 82 c70 44 144 92 165 105 l37 23 0 -205 0 -205 70 0 70 0 0 205 0 205 38 -23 c20 -13 94 -61 164 -105 l128 -82 36 71 c19 40 32 75 27 79 -4 3 -74 48 -155 99 -82 51 -148 97 -148 101 0 4 66 50 148 101 81 51 151 96 155 99 5 4 -8 39 -27 79 l-36 71 -128 -82 c-70 -44 -144 -92 -164 -105 l-38 -23 0 205 0 205 -70 0 -70 0 0 -205z"/></g></svg>
  <svg x='530' y='491'><g transform="translate(0.150637890303,20.7975485316) scale(0.00985091798486,-0.00983291001503)"><path class="sym-fill" fill="white" d="M0 1750 l0 -150 530 0 530 0 0 -450 0 -450 145 0 145 0 0 600 0 600 -675 0 -675 0 0 -150z"/><path class="sym-line" fill="black" d="M0 2000 l0 -100 680 0 680 0 0 -600 0 -600 -150 0 -150 0 0 450 0 450 -530 0 -530 0 0 -100 0 -100 430 0 430 0 0 -350 0 -350 -167 -2 -166 -3 334 -345 c183 -190 339 -345 347 -345 8 0 164 155 347 345 l333 345 -169 3 -169 2 0 700 0 700 -775 0 -775 0 0 -100z"/></g></svg>
  <svg x='450' y='492'><g transform="translate(0.0316451002757,20.7975485316) scale(0.00985091798486,-0.00983291001503)"><path class="sym-fill" fill="white" d="M550 1300 l0 -600 145 0 145 0 0 450 0 450 530 0 530 0 0 150 0 150 -675 0 -675 0 0 -600z M285 568 c14 -17 112 -119 216 -226 l189 -196 21 20 c12 10 111 112 221 227 l200 207 -437 0 -437 0 27 -32z"/><path class="sym-line" fill="black" d="M350 1400 l0 -700 -169 -2 -169 -3 333 -345 c183 -190 339 -345 347 -345 7 0 163 155 347 345 l334 345 -167 3 -166 2 0 350 0 350 430 0 430 0 0 100 0 100 -530 0 -530 0 0 -450 0 -450 -150 0 -150 0 0 600 0 600 680 0 680 0 0 100 0 100 -775 0 -775 0 0 -700z m719 -867 c-35 -38 -134 -141 -221 -230 l-157 -161 -221 229 -222 229 443 0 442 0 -64 -67z"/></g></svg>
  <svg x='539' y='523'><g transform="translate(0.180786096011,4.75000053092) scale(0.00958087152387,-0.00920312606184)"><path class="sym-line" fill="black" d="M245 488 c-55 -20 -116 -69 -150 -121 -45 -68 -84 -193 -92 -289 l-6 -78 107 0 106 0 0 40 c0 57 36 145 71 175 37 30 91 33 131 7 15 -10 53 -49 85 -87 82 -98 136 -129 231 -134 87 -4 139 9 200 51 86 59 157 215 169 371 l6 77 -107 0 -106 0 0 -40 c0 -57 -36 -145 -71 -175 -37 -30 -91 -33 -131 -7 -15 10 -53 49 -85 87 -32 38 -81 83 -107 100 -44 27 -59 30 -135 32 -47 1 -99 -3 -116 -9z"/></g></svg>
  <svg x='449' y='521'><g transform="translate(0.180786096011,4.75000053092) scale(0.00958087152387,-0.00920312606184)"><path class="sym-line" fill="black" d="M245 488 c-55 -20 -116 -69 -150 -121 -45 -68 -84 -193 -92 -289 l-6 -78 107 0 106 0 0 40 c0 57 36 145 71 175 37 30 91 33 131 7 15 -10 53 -49 85 -87 82 -98 136 -129 231 -134 87 -4 139 9 200 51 86 59 157 215 169 371 l6 77 -107 0 -106 0 0 -40 c0 -57 -36 -145 -71 -175 -37 -30 -91 -33 -131 -7 -15 10 -53 49 -85 87 -32 38 -81 83 -107 100 -44 27 -59 30 -135 32 -47 1 -99 -3 -116 -9z"/></g></svg>
  <svg x='493' y='515'><g transform="translate(0.178125321737,5.7484375) scale(0.00969593203301,-0.00933333333333)"><path class="sym-line" fill="black" d="M4 569 c22 -111 99 -242 206 -349 151 -151 320 -220 540 -220 220 0 389 69 540 220 107 107 184 238 206 349 l7 31 -61 0 -61 0 -42 -82 c-54 -104 -163 -218 -264 -274 -154 -85 -340 -108 -501 -61 -176 51 -331 177 -413 335 l-42 82 -61 0 -61 0 7 -31z"/></g></svg>
</svg>