<svg version='1.1' xmlns='http://www.w3.org/2000/svg' width='52' height='127' viewBox='482 482 52 127'>
  <text font-size='0'>AS1f540S20e00S26500S16d10S15a18S20500S20500S2ff00M534x609S2ff00482x482S26500520x504S20e00521x525S1f540494x518S16d10509x577S15a18482x573S20500495x570S20500497x598</text>
  <svg x='482' y='482'><g transform="translate(0.149874875465,34.7500790925) scale(0.00988906872676,-0.00988956850125)"><path class="sym-line" fill="black" d="M1528 3484 c-592 -92 -1088 -447 -1348 -963 -125 -249 -180 -485 -180 -771 0 -480 183 -911 529 -1242 350 -336 780 -508 1271 -508 451 0 864 150 1193 434 326 281 517 620 591 1051 21 121 21 409 0 530 -43 252 -114 444 -237 639 -282 453 -741 750 -1284 831 -127 19 -413 18 -535 -1z m607 -173 c583 -126 1038 -523 1224 -1069 59 -173 75 -277 75 -492 0 -165 -3 -211 -22 -300 -71 -327 -228 -611 -458 -829 -186 -177 -381 -295 -614 -374 -176 -60 -282 -78 -490 -84 -247 -7 -416 19 -628 97 -549 201 -944 674 -1043 1250 -17 97 -17 383 0 480 99 576 495 1050 1043 1250 105 38 177 58 303 81 143 26 467 21 610 -10z"/></g></svg>
  <svg x='520' y='504'><g transform="translate(0.199517282911,14.7505211307) scale(0.00964541675618,-0.00973472242044)"><path class="sym-line" fill="black" d="M345 1150 l-350 -350 303 0 302 0 0 -400 0 -400 100 0 100 0 0 400 0 400 302 0 303 0 -350 350 c-192 193 -352 350 -355 350 -3 0 -163 -157 -355 -350z"/></g></svg>
  <svg x='521' y='525'><g transform="translate(0.146427179928,11.7544805477) scale(0.00967082850362,-0.00967852689504)"><path class="sym-fill" fill="white" d="M503 985 c-159 -43 -265 -159 -295 -325 -22 -116 23 -252 112 -340 88 -89 224 -134 340 -112 178 33 299 154 332 332 22 115 -23 252 -110 339 -56 56 -107 85 -189 106 -70 18 -121 18 -190 0z m175 -200 c104 -44 151 -167 103 -270 -71 -153 -291 -153 -362 0 -33 72 -19 166 34 224 52 56 151 76 225 46z"/><path class="sym-line" fill="black" d="M435 1181 c-206 -60 -366 -224 -419 -428 -21 -78 -21 -228 0 -306 54 -208 223 -377 431 -431 78 -21 228 -21 306 0 208 54 377 223 431 431 21 78 21 228 0 306 -26 103 -80 195 -158 273 -78 78 -170 132 -273 158 -82 21 -240 20 -318 -3z m276 -197 c134 -40 234 -140 273 -273 62 -211 -60 -432 -273 -495 -210 -62 -433 61 -495 273 -61 207 56 426 264 492 70 23 161 24 231 3z M509 772 c-43 -22 -59 -38 -81 -81 -36 -68 -36 -114 0 -182 22 -43 38 -59 81 -81 68 -36 114 -36 182 0 43 22 59 38 81 81 36 68 36 114 0 182 -22 43 -38 59 -81 81 -68 36 -114 36 -182 0z"/></g></svg>
  <svg x='494' y='518'><g transform="translate(0.0,24.0) scale(0.01,-0.01)"><path class="sym-fill" fill="white" d="M200 1250 l0 -50 -100 0 -100 0 0 -150 0 -150 100 0 100 0 0 -350 0 -350 300 0 300 0 0 350 0 350 350 0 350 0 0 150 0 150 -350 0 -350 0 0 50 0 50 -300 0 -300 0 0 -50z"/><path class="sym-line" fill="black" d="M700 1950 l0 -450 -350 0 -350 0 0 -150 0 -150 100 0 100 0 0 50 0 50 300 0 300 0 0 -50 0 -50 350 0 350 0 0 150 0 150 -300 0 -300 0 0 450 0 450 -100 0 -100 0 0 -450z M0 450 l0 -450 750 0 750 0 0 450 0 450 -350 0 -350 0 0 -350 0 -350 -300 0 -300 0 0 350 0 350 -100 0 -100 0 0 -450z"/></g></svg>
  <svg x='509' y='577'><g transform="translate(0.180759557901,19.7524059778) scale(0.00975093803673,-0.00984567638089)"><path class="sym-fill" fill="white" d="M1000 994 l0 -886 43 7 c69 11 138 34 197 64 l55 28 3 787 2 786 -32 20 c-40 25 -209 80 -243 80 l-25 0 0 -886z"/><path class="sym-line" fill="black" d="M665 1984 c-138 -28 -274 -87 -370 -161 -102 -79 -200 -219 -246 -350 -26 -76 -49 -184 -49 -234 l0 -39 105 0 105 0 0 29 c0 71 53 160 130 216 102 75 283 130 467 142 l93 6 0 -691 0 -692 -78 0 c-239 0 -482 72 -603 179 -50 44 -109 144 -109 185 0 25 -2 26 -56 26 l-57 0 5 -69 c10 -135 103 -277 240 -364 161 -103 411 -166 660 -167 347 0 578 136 713 421 71 152 78 196 83 559 4 350 -1 411 -45 533 -82 229 -266 388 -528 458 -104 28 -354 35 -460 13z m425 -114 c30 -7 90 -28 133 -48 l77 -35 0 -791 0 -792 -67 -32 c-69 -33 -169 -62 -210 -62 l-23 0 0 891 c0 843 1 890 18 886 9 -3 42 -11 72 -17z"/></g></svg>
  <svg x='482' y='573'><g transform="translate(0.0,27.0) scale(0.01,-0.01)"><path class="sym-fill" fill="white" d="M600 1307 l0 -1107 200 0 200 0 0 908 0 907 -200 200 -200 200 0 -1108z"/><path class="sym-line" fill="black" d="M297 2402 l-297 -297 0 -1053 0 -1052 600 0 600 0 0 1053 0 1052 -298 298 c-163 163 -299 297 -302 297 -3 0 -139 -134 -303 -298z m703 -1289 l0 -913 -200 0 -200 0 0 1112 0 1113 200 -200 200 -200 0 -912z"/></g></svg>
  <svg x='495' y='570'><g transform="translate(-0.221878406359,10.7500002304) scale(0.0103429235226,-0.00963778430032)"><path class="sym-line" fill="black" d="M430 895 l0 -205 -37 23 c-21 13 -95 61 -165 105 l-128 82 -36 -71 c-19 -40 -32 -75 -27 -79 4 -3 74 -48 156 -99 81 -51 147 -97 147 -101 0 -4 -66 -50 -147 -101 -82 -51 -152 -96 -156 -99 -5 -4 8 -39 27 -79 l36 -71 128 82 c70 44 144 92 165 105 l37 23 0 -205 0 -205 70 0 70 0 0 205 0 205 38 -23 c20 -13 94 -61 164 -105 l128 -82 36 71 c19 40 32 75 27 79 -4 3 -74 48 -155 99 -82 51 -148 97 -148 101 0 4 66 50 148 101 81 51 151 96 155 99 5 4 -8 39 -27 79 l-36 71 -128 -82 c-70 -44 -144 -92 -164 -105 l-38 -23 0 205 0 205 -70 0 -70 0 0 -205z"/></g></svg>
  <svg x='497' y='598'><g transform="translate(-0.221878406359,10.7500002304) scale(0.0103429235226,-0.00963778430032)"><path class="sym-line" fill="black" d="M430 895 l0 -205 -37 23 c-21 13 -95 61 -165 105 l-128 82 -36 -71 c-19 -40 -32 -75 -27 -79 4 -3 74 -48 156 -99 81 -51 147 -97 147 -101 0 -4 -66 -50 -147 -101 -82 -51 -152 -96 -156 -99 -5 -4 8 -39 27 -79 l36 -71 128 82 c70 44 144 92 165 105 l37 23 0 -205 0 -205 70 0 70 0 0 205 0 205 38 -23 c20 -13 94 -61 164 -105 l128 -82 36 71 c19 40 32 75 27 79 -4 3 -74 48 -155 99 -82 51 -148 97 -148 101 0 4 66 50 148 101 81 51 151 96 155 99 5 4 -8 39 -27 79 l-36 71 -128 -82 c-70 -44 -144 -92 -164 -105 l-38 -23 0 205 0 205 -70 0 -70 0 0 -205z"/></g></svg>
</svg>