<svg version='1.1' xmlns='http://www.w3.org/2000/svg' width='148' height='89' viewBox='426 456 148 89'>
  <text font-size='0'>AS1f551S1f559S20500S20500S36d00S36d00S26603S26611S26603S26615S26607S26611M574x545S1f551529x464S1f559447x465S36d00479x456S36d00479x489S20500474x477S20500515x477S26603527x489S26603552x518S26611447x494S26611426x523S26615439x510S26607541x500</text>
  <svg x='529' y='464'><g transform="translate(-0.000236957153933,21.9265459623) scale(0.00989444017531,-0.00989914021012)"><path class="sym-fill" fill="white" d="M833 1506 l-481 -491 74 -76 c41 -42 74 -81 74 -85 0 -5 9 -15 21 -22 23 -14 -19 -55 866 848 l123 126 -98 96 -97 95 -482 -491z"/><path class="sym-line" fill="black" d="M635 1709 c-264 -269 -481 -493 -483 -497 -1 -4 42 -51 95 -104 l98 -97 487 497 487 497 -97 98 c-53 53 -99 97 -102 97 -3 0 -221 -221 -485 -491z M1475 1763 c-22 -23 -242 -247 -489 -498 l-449 -456 28 -30 29 -29 -74 -78 c-41 -42 -172 -175 -290 -294 l-215 -218 70 -71 70 -71 291 297 290 297 194 -198 193 -198 468 474 c258 261 477 486 488 500 l18 25 -291 295 -291 295 -40 -42z"/></g></svg>
  <svg x='447' y='465'><g transform="translate(0.170028352596,21.9265459623) scale(0.00987059461484,-0.00989914021012)"><path class="sym-fill" fill="white" d="M686 1901 l-96 -96 436 -445 c239 -245 457 -467 483 -493 l48 -49 96 99 96 98 -202 205 c-111 113 -329 334 -484 491 l-282 285 -95 -95z"/><path class="sym-line" fill="black" d="M878 2103 l-97 -98 487 -497 487 -498 100 100 99 100 -140 142 c-77 79 -295 302 -486 496 -190 193 -347 352 -349 352 -3 0 -48 -44 -101 -97z M290 1507 l-292 -297 488 -495 c268 -272 489 -495 491 -495 2 0 90 88 196 196 l191 196 290 -297 291 -297 70 71 70 71 -215 218 c-118 119 -249 252 -290 294 l-74 78 29 30 29 31 -224 227 c-124 125 -345 349 -492 497 l-267 270 -291 -298z"/></g></svg>
  <svg x='479' y='456'><g transform="translate(0.0,4.0) scale(0.01,-0.01)"><path class="sym-line" fill="black" d="M0 200 l0 -200 2100 0 2100 0 0 200 0 200 -2100 0 -2100 0 0 -200z"/></g></svg>
  <svg x='479' y='489'><g transform="translate(0.0,4.0) scale(0.01,-0.01)"><path class="sym-line" fill="black" d="M0 200 l0 -200 2100 0 2100 0 0 200 0 200 -2100 0 -2100 0 0 -200z"/></g></svg>
  <svg x='474' y='477'><g transform="translate(-0.221878406359,10.7500002304) scale(0.0103429235226,-0.00963778430032)"><path class="sym-line" fill="black" d="M430 895 l0 -205 -37 23 c-21 13 -95 61 -165 105 l-128 82 -36 -71 c-19 -40 -32 -75 -27 -79 4 -3 74 -48 156 -99 81 -51 147 -97 147 -101 0 -4 -66 -50 -147 -101 -82 -51 -152 -96 -156 -99 -5 -4 8 -39 27 -79 l36 -71 128 82 c70 44 144 92 165 105 l37 23 0 -205 0 -205 70 0 70 0 0 205 0 205 38 -23 c20 -13 94 -61 164 -105 l128 -82 36 71 c19 40 32 75 27 79 -4 3 -74 48 -155 99 -82 51 -148 97 -148 101 0 4 66 50 148 101 81 51 151 96 155 99 5 4 -8 39 -27 79 l-36 71 -128 -82 c-70 -44 -144 -92 -164 -105 l-38 -23 0 205 0 205 -70 0 -70 0 0 -205z"/></g></svg>
  <svg x='515' y='477'><g transform="translate(-0.221878406359,10.7500002304) scale(0.0103429235226,-0.00963778430032)"><path class="sym-line" fill="black" d="M430 895 l0 -205 -37 23 c-21 13 -95 61 -165 105 l-128 82 -36 -71 c-19 -40 -32 -75 -27 -79 4 -3 74 -48 156 -99 81 -51 147 -97 147 -101 0 -4 -66 -50 -147 -101 -82 -51 -152 -96 -156 -99 -5 -4 8 -39 27 -79 l36 -71 128 82 c70 44 144 92 165 105 l37 23 0 -205 0 -205 70 0 70 0 0 205 0 205 38 -23 c20 -13 94 -61 164 -105 l128 -82 36 71 c19 40 32 75 27 79 -4 3 -74 48 -155 99 -82 51 -148 97 -148 101 0 4 66 50 148 101 81 51 151 96 155 99 5 4 -8 39 -27 79 l-36 71 -128 -82 c-70 -44 -144 -92 -164 -105 l-38 -23 0 205 0 205 -70 0 -70 0 0 -205z"/></g></svg>
  <svg x='527' y='489'><g transform="translate(0.151136670039,22.0461838059) scale(0.00982597899807,-0.00994459401866)"><path class="sym-line" fill="black" d="M1275 1436 l-777 -766 -249 241 -249 241 0 -561 0 -561 573 0 572 1 -250 244 -250 244 75 74 c41 41 390 384 775 763 385 379 701 691 703 694 1 3 -31 38 -72 79 l-73 73 -778 -766z"/></g></svg>
  <svg x='552' y='518'><g transform="translate(0.151136670039,22.0461838059) scale(0.00982597899807,-0.00994459401866)"><path class="sym-line" fill="black" d="M1275 1436 l-777 -766 -249 241 -249 241 0 -561 0 -561 573 0 572 1 -250 244 -250 244 75 74 c41 41 390 384 775 763 385 379 701 691 703 694 1 3 -31 38 -72 79 l-73 73 -778 -766z"/></g></svg>
  <svg x='447' y='494'><g transform="translate(-0.149772006491,21.770700246) scale(0.00994510323192,-0.00982830124817)"><path class="sym-fill" fill="white" d="M130 1710 c0 -214 2 -390 4 -390 6 0 722 722 746 753 l21 27 -385 0 -386 0 0 -390z"/><path class="sym-line" fill="black" d="M30 1628 l1 -573 244 250 244 250 64 -65 c35 -36 379 -384 763 -775 384 -390 701 -711 704 -713 3 -1 38 31 78 71 l74 74 -766 778 -766 777 241 249 241 249 -561 0 -561 0 0 -572z m868 463 c-1 -4 -175 -183 -385 -397 l-383 -389 0 398 0 397 386 0 c212 0 384 -4 382 -9z"/></g></svg>
  <svg x='426' y='523'><g transform="translate(-0.149772006491,21.770700246) scale(0.00994510323192,-0.00982830124817)"><path class="sym-fill" fill="white" d="M130 1710 c0 -214 2 -390 4 -390 6 0 722 722 746 753 l21 27 -385 0 -386 0 0 -390z"/><path class="sym-line" fill="black" d="M30 1628 l1 -573 244 250 244 250 64 -65 c35 -36 379 -384 763 -775 384 -390 701 -711 704 -713 3 -1 38 31 78 71 l74 74 -766 778 -766 777 241 249 241 249 -561 0 -561 0 0 -572z m868 463 c-1 -4 -175 -183 -385 -397 l-383 -389 0 398 0 397 386 0 c212 0 384 -4 382 -9z"/></g></svg>
  <svg x='439' y='510'><g transform="translate(0.168392655612,21.750755095) scale(0.00994510323192,-0.00982649158121)"><path class="sym-fill" fill="white" d="M1698 516 c-196 -198 -366 -374 -378 -389 l-21 -27 385 0 386 0 0 390 c0 215 -3 390 -7 389 -5 -1 -169 -164 -365 -363z"/><path class="sym-line" fill="black" d="M71 2126 l-73 -73 766 -778 766 -777 -241 -249 -241 -249 561 0 561 0 0 573 -1 572 -244 -250 -244 -250 -74 75 c-41 41 -384 390 -763 775 -379 385 -691 701 -694 703 -3 1 -38 -31 -79 -72z m1999 -1631 l0 -395 -385 0 c-212 0 -385 3 -385 6 0 6 761 784 767 784 2 0 3 -178 3 -395z"/></g></svg>
  <svg x='541' y='500'><g transform="translate(0.131265535269,21.739721583) scale(0.00982597899807,-0.00994459401866)"><path class="sym-line" fill="black" d="M1305 1925 l250 -244 -65 -64 c-36 -35 -384 -379 -775 -763 -390 -384 -711 -701 -713 -704 -1 -3 31 -38 71 -78 l74 -74 778 766 777 766 249 -241 249 -241 0 561 0 561 -572 0 -573 -1 250 -244z"/></g></svg>
</svg>