<svg version='1.1' xmlns='http://www.w3.org/2000/svg' width='140' height='55' viewBox='432 473 140 55'>
  <text font-size='0'>AS1f550S1f558S20500S20500S27103S27111S36d10S2fb04M572x528S36d10479x479S1f550523x494S1f558455x495S20500480x492S20500510x492S27103545x473S27111432x473S2fb04494x522</text>
  <svg x='479' y='479'><g transform="translate(0.0,32.0) scale(0.01,-0.01)"><path class="sym-line" fill="black" d="M0 3000 l0 -200 2100 0 2100 0 0 200 0 200 -2100 0 -2100 0 0 -200z M0 200 l0 -200 2100 0 2100 0 0 200 0 200 -2100 0 -2100 0 0 -200z"/></g></svg>
  <svg x='523' y='494'><g transform="translate(0.0,15.0) scale(0.01,-0.01)"><path class="sym-fill" fill="white" d="M900 1050 l0 -150 750 0 750 0 0 150 0 150 -750 0 -750 0 0 -150z"/><path class="sym-line" fill="black" d="M900 1350 l0 -150 750 0 750 0 0 150 0 150 -750 0 -750 0 0 -150z M900 850 l0 -50 -450 0 -450 0 0 -100 0 -100 450 0 450 0 0 -300 0 -300 750 0 750 0 0 450 0 450 -750 0 -750 0 0 -50z"/></g></svg>
  <svg x='455' y='495'><g transform="translate(0.0,15.0) scale(0.01,-0.01)"><path class="sym-fill" fill="white" d="M0 1050 l0 -150 750 0 750 0 0 150 0 150 -750 0 -750 0 0 -150z"/><path class="sym-line" fill="black" d="M0 1350 l0 -150 750 0 750 0 0 150 0 150 -750 0 -750 0 0 -150z M0 450 l0 -450 750 0 750 0 0 300 0 300 450 0 450 0 0 100 0 100 -450 0 -450 0 0 50 0 50 -750 0 -750 0 0 -450z"/></g></svg>
  <svg x='480' y='492'><g transform="translate(-0.221878406359,10.7500002304) scale(0.0103429235226,-0.00963778430032)"><path class="sym-line" fill="black" d="M430 895 l0 -205 -37 23 c-21 13 -95 61 -165 105 l-128 82 -36 -71 c-19 -40 -32 -75 -27 -79 4 -3 74 -48 156 -99 81 -51 147 -97 147 -101 0 -4 -66 -50 -147 -101 -82 -51 -152 -96 -156 -99 -5 -4 8 -39 27 -79 l36 -71 128 82 c70 44 144 92 165 105 l37 23 0 -205 0 -205 70 0 70 0 0 205 0 205 38 -23 c20 -13 94 -61 164 -105 l128 -82 36 71 c19 40 32 75 27 79 -4 3 -74 48 -155 99 -82 51 -148 97 -148 101 0 4 66 50 148 101 81 51 151 96 155 99 5 4 -8 39 -27 79 l-36 71 -128 -82 c-70 -44 -144 -92 -164 -105 l-38 -23 0 205 0 205 -70 0 -70 0 0 -205z"/></g></svg>
  <svg x='510' y='492'><g transform="translate(-0.221878406359,10.7500002304) scale(0.0103429235226,-0.00963778430032)"><path class="sym-line" fill="black" d="M430 895 l0 -205 -37 23 c-21 13 -95 61 -165 105 l-128 82 -36 -71 c-19 -40 -32 -75 -27 -79 4 -3 74 -48 156 -99 81 -51 147 -97 147 -101 0 -4 -66 -50 -147 -101 -82 -51 -152 -96 -156 -99 -5 -4 8 -39 27 -79 l36 -71 128 82 c70 44 144 92 165 105 l37 23 0 -205 0 -205 70 0 70 0 0 205 0 205 38 -23 c20 -13 94 -61 164 -105 l128 -82 36 71 c19 40 32 75 27 79 -4 3 -74 48 -155 99 -82 51 -148 97 -148 101 0 4 66 50 148 101 81 51 151 96 155 99 5 4 -8 39 -27 79 l-36 71 -128 -82 c-70 -44 -144 -92 -164 -105 l-38 -23 0 205 0 205 -70 0 -70 0 0 -205z"/></g></svg>
  <svg x='545' y='473'><g transform="translate(-0.149596383087,25.9482968022) scale(0.0099625294301,-0.00992302280856)"><path class="sym-line" fill="black" d="M649 2385 c-123 -118 -227 -214 -231 -212 -4 1 -92 85 -197 185 l-191 184 0 -446 0 -446 463 0 462 0 -197 190 -196 190 136 133 c76 73 178 172 227 219 l90 87 -65 66 c-35 36 -67 65 -71 65 -3 0 -107 -97 -230 -215z M940 1783 c-1 -5 85 -91 191 -193 l191 -185 -227 -219 -226 -219 63 -64 c34 -34 67 -63 73 -63 5 0 111 97 233 215 l224 215 190 -182 c104 -101 194 -184 199 -186 5 -2 9 172 9 442 l0 446 -460 0 c-253 0 -460 -3 -460 -7z M2389 803 c-96 -91 -198 -189 -227 -217 l-52 -50 -113 109 c-61 61 -149 146 -194 190 l-83 80 0 -448 0 -447 463 1 462 0 -196 190 -197 190 224 216 c123 119 224 219 224 223 0 7 -124 130 -131 130 -4 0 -85 -75 -180 -167z"/></g></svg>
  <svg x='432' y='473'><g transform="translate(-0.0476500634659,25.7747512277) scale(0.00992081236304,-0.00993042539779)"><path class="sym-fill" fill="white" d="M1880 2194 l0 -286 133 123 c72 69 200 187 282 263 83 77 161 150 175 163 l25 23 -308 0 -307 0 0 -286z M1514 1194 l-300 -279 299 -3 c165 -1 302 -1 304 1 2 2 2 129 1 282 l-3 277 -301 -278z M120 569 c0 -175 4 -279 10 -277 10 3 571 520 591 544 10 12 -34 14 -295 14 l-306 0 0 -281z"/><path class="sym-line" fill="black" d="M1780 2134 c0 -424 1 -446 18 -433 17 13 253 232 343 317 l46 43 233 -215 c128 -119 237 -216 242 -216 6 0 39 28 75 63 l65 63 -68 66 c-38 35 -142 133 -232 216 -90 83 -163 154 -163 157 0 3 88 87 196 187 107 100 195 185 195 190 0 4 -214 8 -475 8 l-475 0 0 -446z m710 342 c0 -2 -118 -113 -262 -247 -145 -133 -282 -261 -305 -283 l-43 -40 0 287 0 287 305 0 c168 0 305 -2 305 -4z M965 1695 c-62 -56 -68 -65 -55 -78 8 -8 115 -107 237 -220 l221 -205 -199 -184 c-109 -101 -199 -186 -199 -190 0 -5 214 -8 475 -8 l475 0 0 447 0 447 -32 -31 c-185 -173 -373 -343 -378 -341 -4 2 -109 97 -233 213 -125 115 -230 211 -234 212 -5 1 -39 -26 -78 -62z m855 -505 l0 -290 -306 0 c-190 0 -304 4 -302 10 2 7 598 567 606 569 1 1 2 -129 2 -289z M20 504 c0 -258 4 -444 9 -442 5 1 97 85 205 186 l196 183 59 -53 c32 -29 138 -127 235 -216 96 -90 180 -162 185 -160 15 6 131 117 131 126 0 4 -104 105 -231 223 l-231 214 128 120 c71 66 163 152 204 192 l75 73 -482 0 -483 0 0 -446z m714 338 c-5 -5 -135 -125 -289 -267 -154 -142 -290 -268 -302 -279 l-23 -19 0 286 0 287 312 0 c172 0 308 -4 302 -8z"/></g></svg>
  <svg x='494' y='522'><g transform="translate(0.178125321737,5.7484375) scale(0.00969593203301,-0.00933333333333)"><path class="sym-line" fill="black" d="M4 569 c22 -111 99 -242 206 -349 151 -151 320 -220 540 -220 220 0 389 69 540 220 107 107 184 238 206 349 l7 31 -61 0 -61 0 -42 -82 c-54 -104 -163 -218 -264 -274 -154 -85 -340 -108 -501 -61 -176 51 -331 177 -413 335 l-42 82 -61 0 -61 0 7 -31z"/></g></svg>
</svg>