<svg version='1.1' xmlns='http://www.w3.org/2000/svg' width='52' height='86' viewBox='477 482 52 86'>
  <text font-size='0'>AS1fb10S1fb18S22a04S22a14S26502S20e00S20e00S2fb01S30003M529x568S30003482x482S2fb01504x504S1fb10509x515S1fb18477x514S20e00513x537S20e00479x537S22a04516x553S22a14477x551S26502497x553</text>
  <svg x='482' y='482'><g transform="translate(-0.0202573633837,34.9611565438) scale(0.00998278661735,-0.00996217525654)"><path class="sym-line" fill="black" d="M1670 3490 c-442 -32 -840 -211 -1145 -517 -273 -272 -438 -599 -496 -978 -16 -106 -16 -358 0 -470 75 -529 384 -983 858 -1263 444 -262 1039 -315 1533 -136 553 199 976 660 1114 1213 39 152 49 244 49 421 -1 195 -18 320 -68 485 -240 790 -1002 1304 -1845 1245z m265 -161 c143 -12 237 -30 365 -71 591 -187 1019 -683 1110 -1288 14 -97 14 -317 0 -422 -65 -472 -362 -905 -787 -1150 -156 -91 -346 -159 -538 -196 -125 -24 -445 -24 -570 0 -103 20 -266 65 -279 78 -5 5 -3 23 4 42 21 58 25 253 6 343 -50 246 -230 445 -479 529 -125 43 -318 52 -432 20 -11 -3 -27 -8 -36 -10 -12 -3 -22 10 -37 53 -27 73 -57 197 -71 290 -16 104 -13 338 4 448 115 715 720 1270 1455 1334 137 12 152 12 285 0z m-1242 -2279 c173 -54 310 -182 377 -355 21 -52 24 -78 24 -185 0 -69 -5 -135 -10 -147 -9 -22 -10 -22 -100 31 -232 135 -425 317 -560 527 -49 78 -77 129 -72 135 3 2 29 8 59 13 77 14 203 6 282 -19z"/></g></svg>
  <svg x='504' y='504'><g transform="translate(0.0919447369926,11.7272467828) scale(0.00979617329555,-0.00974613583378)"><path class="sym-line" fill="black" d="M605 1175 c-278 -61 -496 -269 -577 -551 -18 -64 -23 -103 -22 -204 0 -144 20 -234 80 -352 l36 -71 45 45 45 45 -28 79 c-33 96 -44 250 -23 347 45 216 187 390 391 480 153 68 355 70 507 5 l44 -19 44 43 c24 23 43 45 43 49 0 6 -101 57 -155 77 -110 42 -307 54 -430 27z"/></g></svg>
  <svg x='509' y='515'><g transform="translate(0.0,19.0) scale(0.01,-0.01)"><path class="sym-fill" fill="white" d="M200 750 l0 -550 300 0 300 0 0 550 0 550 -300 0 -300 0 0 -550z"/><path class="sym-line" fill="black" d="M800 1700 l0 -200 -400 0 -400 0 0 -750 0 -750 750 0 750 0 0 750 0 750 -150 0 -150 0 0 200 0 200 -200 0 -200 0 0 -200z m0 -950 l0 -550 -300 0 -300 0 0 550 0 550 300 0 300 0 0 -550z"/></g></svg>
  <svg x='477' y='514'><g transform="translate(0.0,19.0) scale(0.01,-0.01)"><path class="sym-fill" fill="white" d="M700 750 l0 -550 300 0 300 0 0 550 0 550 -300 0 -300 0 0 -550z"/><path class="sym-line" fill="black" d="M300 1700 l0 -200 -150 0 -150 0 0 -750 0 -750 750 0 750 0 0 750 0 750 -400 0 -400 0 0 200 0 200 -200 0 -200 0 0 -200z m1000 -950 l0 -550 -300 0 -300 0 0 550 0 550 300 0 300 0 0 -550z"/></g></svg>
  <svg x='513' y='537'><g transform="translate(0.146427179928,11.7544805477) scale(0.00967082850362,-0.00967852689504)"><path class="sym-fill" fill="white" d="M503 985 c-159 -43 -265 -159 -295 -325 -22 -116 23 -252 112 -340 88 -89 224 -134 340 -112 178 33 299 154 332 332 22 115 -23 252 -110 339 -56 56 -107 85 -189 106 -70 18 -121 18 -190 0z m175 -200 c104 -44 151 -167 103 -270 -71 -153 -291 -153 -362 0 -33 72 -19 166 34 224 52 56 151 76 225 46z"/><path class="sym-line" fill="black" d="M435 1181 c-206 -60 -366 -224 -419 -428 -21 -78 -21 -228 0 -306 54 -208 223 -377 431 -431 78 -21 228 -21 306 0 208 54 377 223 431 431 21 78 21 228 0 306 -26 103 -80 195 -158 273 -78 78 -170 132 -273 158 -82 21 -240 20 -318 -3z m276 -197 c134 -40 234 -140 273 -273 62 -211 -60 -432 -273 -495 -210 -62 -433 61 -495 273 -61 207 56 426 264 492 70 23 161 24 231 3z M509 772 c-43 -22 -59 -38 -81 -81 -36 -68 -36 -114 0 -182 22 -43 38 -59 81 -81 68 -36 114 -36 182 0 43 22 59 38 81 81 36 68 36 114 0 182 -22 43 -38 59 -81 81 -68 36 -114 36 -182 0z"/></g></svg>
  <svg x='479' y='537'><g transform="translate(0.146427179928,11.7544805477) scale(0.00967082850362,-0.00967852689504)"><path class="sym-fill" fill="white" d="M503 985 c-159 -43 -265 -159 -295 -325 -22 -116 23 -252 112 -340 88 -89 224 -134 340 -112 178 33 299 154 332 332 22 115 -23 252 -110 339 -56 56 -107 85 -189 106 -70 18 -121 18 -190 0z m175 -200 c104 -44 151 -167 103 -270 -71 -153 -291 -153 -362 0 -33 72 -19 166 34 224 52 56 151 76 225 46z"/><path class="sym-line" fill="black" d="M435 1181 c-206 -60 -366 -224 -419 -428 -21 -78 -21 -228 0 -306 54 -208 223 -377 431 -431 78 -21 228 -21 306 0 208 54 377 223 431 431 21 78 21 228 0 306 -26 103 -80 195 -158 273 -78 78 -170 132 -273 158 -82 21 -240 20 -318 -3z m276 -197 c134 -40 234 -140 273 -273 62 -211 -60 -432 -273 -495 -210 -62 -433 61 -495 273 -61 207 56 426 264 492 70 23 161 24 231 3z M509 772 c-43 -22 -59 -38 -81 -81 -36 -68 -36 -114 0 -182 22 -43 38 -59 81 -81 68 -36 114 -36 182 0 43 22 59 38 81 81 36 68 36 114 0 182 -22 43 -38 59 -81 81 -68 36 -114 36 -182 0z"/></g></svg>
  <svg x='516' y='553'><g transform="translate(0.043463926586,14.7505211307) scale(0.00985915292844,-0.00973472242044)"><path class="sym-fill" fill="white" d="M510 1100 l0 -400 140 0 140 0 0 400 0 400 -140 0 -140 0 0 -400z"/><path class="sym-line" fill="black" d="M330 1100 l0 -400 -159 -2 -160 -3 315 -347 c174 -192 319 -348 324 -348 5 0 150 156 324 348 l315 347 -160 3 -159 2 0 400 0 400 -90 0 -90 0 0 -400 0 -400 -140 0 -140 0 0 400 0 400 -90 0 -90 0 0 -400z"/></g></svg>
  <svg x='477' y='551'><g transform="translate(0.043463926586,14.7505211307) scale(0.00985915292844,-0.00973472242044)"><path class="sym-fill" fill="white" d="M510 1100 l0 -400 140 0 140 0 0 400 0 400 -140 0 -140 0 0 -400z M277 557 c144 -163 368 -407 373 -407 5 0 229 244 373 407 l39 43 -412 0 -412 0 39 -43z"/><path class="sym-line" fill="black" d="M330 1100 l0 -400 -159 -2 -160 -3 315 -347 c174 -192 319 -348 324 -348 5 0 150 156 324 348 l315 347 -160 3 -159 2 0 400 0 400 -90 0 -90 0 0 -400 0 -400 -140 0 -140 0 0 400 0 400 -90 0 -90 0 0 -400z m714 -522 c-82 -96 -388 -428 -394 -428 -6 0 -312 332 -394 428 l-19 22 413 0 413 0 -19 -22z"/></g></svg>
  <svg x='497' y='553'><g transform="translate(0.198128695057,13.7002011211) scale(0.0097007872376,-0.0096798311579)"><path class="sym-line" fill="black" d="M345 1050 l-350 -350 353 -353 352 -352 0 303 0 302 400 0 400 0 0 100 0 100 -400 0 -400 0 -2 300 -3 300 -350 -350z"/></g></svg>
</svg>