<svg version='1.1' xmlns='http://www.w3.org/2000/svg' width='55' height='82' viewBox='472 459 55 82'>
  <text font-size='0'>AS1f720S1f728S2d606S2d61eS1f708S1f700S20500S2fb00M527x541S1f700500x473S1f708478x473S1f728476x525S1f720504x526S2d606505x498S2d61e472x498S2fb00491x490S20500493x459</text>
  <svg x='500' y='473'><g transform="translate(0.151481649373,14.7505211307) scale(0.00980873003133,-0.00973472242044)"><path class="sym-fill" fill="white" d="M200 750 l0 -550 550 0 550 0 0 550 0 550 -550 0 -550 0 0 -550z"/><path class="sym-line" fill="black" d="M0 750 l0 -750 754 0 753 0 244 422 c134 232 245 429 247 438 1 10 -27 32 -82 63 -46 26 -86 47 -88 47 -3 0 -77 -124 -164 -276 l-159 -277 -3 542 -2 541 -750 0 -750 0 0 -750z m1300 0 l0 -550 -550 0 -550 0 0 550 0 550 550 0 550 0 0 -550z"/></g></svg>
  <svg x='478' y='473'><g transform="translate(0.131576825216,14.7505211307) scale(0.00980873003133,-0.00973472242044)"><path class="sym-fill" fill="white" d="M700 750 l0 -550 550 0 550 0 0 550 0 550 -550 0 -550 0 0 -550z"/><path class="sym-line" fill="black" d="M498 959 l-3 -542 -159 277 c-87 152 -161 276 -164 276 -2 0 -42 -21 -88 -47 -55 -31 -83 -53 -82 -63 2 -9 113 -206 247 -438 l244 -422 753 0 754 0 0 750 0 750 -750 0 -750 0 -2 -541z m1302 -209 l0 -550 -550 0 -550 0 0 550 0 550 550 0 550 0 0 -550z"/></g></svg>
  <svg x='476' y='525'><g transform="translate(0.151481649373,14.7505211307) scale(0.00980873003133,-0.00973472242044)"><path class="sym-line" fill="black" d="M0 750 l0 -750 754 0 753 0 244 422 c134 232 245 429 247 438 1 10 -27 32 -82 63 -46 26 -86 47 -88 47 -3 0 -77 -124 -164 -276 l-159 -277 -3 542 -2 541 -750 0 -750 0 0 -750z"/></g></svg>
  <svg x='504' y='526'><g transform="translate(0.131576825216,14.7505211307) scale(0.00980873003133,-0.00973472242044)"><path class="sym-line" fill="black" d="M498 959 l-3 -542 -159 277 c-87 152 -161 276 -164 276 -2 0 -42 -21 -88 -47 -55 -31 -83 -53 -82 -63 2 -9 113 -206 247 -438 l244 -422 753 0 754 0 0 750 0 750 -750 0 -750 0 -2 -541z"/></g></svg>
  <svg x='505' y='498'><g transform="translate(0.131203053956,21.7501089829) scale(0.00982944116607,-0.00980083226541)"><path class="sym-line" fill="black" d="M347 1839 c-191 -200 -346 -369 -345 -376 2 -6 158 -174 348 -373 l345 -362 3 316 2 316 443 0 c243 0 471 -5 506 -10 111 -16 206 -77 271 -173 62 -92 74 -146 74 -337 0 -148 -2 -171 -23 -222 -25 -64 -89 -135 -145 -162 -70 -33 -137 -36 -882 -36 l-744 0 0 -210 0 -210 748 0 c819 0 793 -1 922 61 45 23 89 56 145 113 91 91 133 163 165 279 20 71 21 97 18 354 -3 254 -6 284 -25 343 -59 174 -205 328 -368 389 -91 34 -202 41 -662 41 l-443 0 -2 312 -3 312 -348 -365z"/></g></svg>
  <svg x='472' y='498'><g transform="translate(0.142855053868,21.7501089829) scale(0.00984331427029,-0.00980083226541)"><path class="sym-fill" fill="white" d="M1600 1467 l0 -477 137 142 c76 79 179 186 230 238 l92 95 -200 210 c-110 116 -214 223 -230 240 l-29 30 0 -478z"/><path class="sym-line" fill="black" d="M1500 1892 l0 -312 -443 0 c-460 0 -571 -7 -662 -41 -163 -61 -309 -215 -368 -389 -19 -59 -22 -89 -25 -343 -3 -257 -2 -283 18 -354 32 -116 74 -188 165 -279 56 -57 100 -90 145 -113 129 -62 103 -61 923 -61 l747 0 0 210 0 210 -744 0 c-745 0 -812 3 -882 36 -56 27 -120 98 -145 162 -21 51 -23 74 -23 222 0 191 12 245 74 337 65 96 160 157 271 173 35 5 263 10 506 10 l443 0 2 -316 3 -316 345 362 c190 199 345 368 345 376 0 12 -543 591 -659 703 l-36 35 0 -312z m334 -188 l227 -236 -53 -56 c-29 -32 -133 -140 -230 -242 l-178 -185 0 478 c0 262 2 477 4 477 2 0 106 -106 230 -236z"/></g></svg>
  <svg x='491' y='490'><g transform="translate(0.169849905175,5.76208528494) scale(0.0097007872376,-0.00950858679199)"><path class="sym-line" fill="black" d="M552 580 c-226 -60 -429 -239 -518 -459 -13 -33 -27 -73 -30 -90 l-6 -31 60 0 61 0 42 83 c54 103 163 217 264 273 205 113 445 113 650 0 101 -56 210 -170 264 -273 l42 -83 61 0 61 0 -7 31 c-22 111 -99 242 -206 349 -99 99 -217 167 -346 200 -105 27 -289 27 -392 0z"/></g></svg>
  <svg x='493' y='459'><g transform="translate(-0.221878406359,10.7500002304) scale(0.0103429235226,-0.00963778430032)"><path class="sym-line" fill="black" d="M430 895 l0 -205 -37 23 c-21 13 -95 61 -165 105 l-128 82 -36 -71 c-19 -40 -32 -75 -27 -79 4 -3 74 -48 156 -99 81 -51 147 -97 147 -101 0 -4 -66 -50 -147 -101 -82 -51 -152 -96 -156 -99 -5 -4 8 -39 27 -79 l36 -71 128 82 c70 44 144 92 165 105 l37 23 0 -205 0 -205 70 0 70 0 0 205 0 205 38 -23 c20 -13 94 -61 164 -105 l128 -82 36 71 c19 40 32 75 27 79 -4 3 -74 48 -155 99 -82 51 -148 97 -148 101 0 4 66 50 148 101 81 51 151 96 155 99 5 4 -8 39 -27 79 l-36 71 -128 -82 c-70 -44 -144 -92 -164 -105 l-38 -23 0 205 0 205 -70 0 -70 0 0 -205z"/></g></svg>
</svg>