<svg version='1.1' xmlns='http://www.w3.org/2000/svg' width='60' height='64' viewBox='470 468 60 64'>
  <text font-size='0'>AS1f540S26501S2f900S26500S2f900S26507S2f900S2d608M530x532S1f540490x508S26500493x476S26501476x483S26507511x483S2f900495x468S2f900519x475S2f900470x475S2d608487x498</text>
  <svg x='490' y='508'><g transform="translate(0.0,24.0) scale(0.01,-0.01)"><path class="sym-fill" fill="white" d="M200 1250 l0 -50 -100 0 -100 0 0 -150 0 -150 100 0 100 0 0 -350 0 -350 300 0 300 0 0 350 0 350 350 0 350 0 0 150 0 150 -350 0 -350 0 0 50 0 50 -300 0 -300 0 0 -50z"/><path class="sym-line" fill="black" d="M700 1950 l0 -450 -350 0 -350 0 0 -150 0 -150 100 0 100 0 0 50 0 50 300 0 300 0 0 -50 0 -50 350 0 350 0 0 150 0 150 -300 0 -300 0 0 450 0 450 -100 0 -100 0 0 -450z M0 450 l0 -450 750 0 750 0 0 450 0 450 -350 0 -350 0 0 -350 0 -350 -300 0 -300 0 0 350 0 350 -100 0 -100 0 0 -450z"/></g></svg>
  <svg x='493' y='476'><g transform="translate(0.199517282911,14.7505211307) scale(0.00964541675618,-0.00973472242044)"><path class="sym-line" fill="black" d="M345 1150 l-350 -350 303 0 302 0 0 -400 0 -400 100 0 100 0 0 400 0 400 302 0 303 0 -350 350 c-192 193 -352 350 -355 350 -3 0 -163 -157 -355 -350z"/></g></svg>
  <svg x='476' y='483'><g transform="translate(-0.146131080007,12.9974802419) scale(0.00991877655743,-0.00988387903225)"><path class="sym-line" fill="black" d="M30 743 l0 -558 235 235 235 235 315 -315 315 -315 85 85 85 85 -315 315 -315 315 237 237 238 238 -558 0 -557 0 0 -557z"/></g></svg>
  <svg x='511' y='483'><g transform="translate(-0.0990227783968,12.7676076804) scale(0.00988294432064,-0.00992219549537)"><path class="sym-line" fill="black" d="M420 1035 l235 -235 -315 -315 -315 -315 85 -85 85 -85 315 315 315 315 237 -237 238 -238 0 558 0 557 -557 0 -558 0 235 -235z"/></g></svg>
  <svg x='495' y='468'><g transform="translate(0.180786096011,4.75000053092) scale(0.00958087152387,-0.00920312606184)"><path class="sym-line" fill="black" d="M245 488 c-55 -20 -116 -69 -150 -121 -45 -68 -84 -193 -92 -289 l-6 -78 107 0 106 0 0 40 c0 57 36 145 71 175 37 30 91 33 131 7 15 -10 53 -49 85 -87 82 -98 136 -129 231 -134 87 -4 139 9 200 51 86 59 157 215 169 371 l6 77 -107 0 -106 0 0 -40 c0 -57 -36 -145 -71 -175 -37 -30 -91 -33 -131 -7 -15 10 -53 49 -85 87 -32 38 -81 83 -107 100 -44 27 -59 30 -135 32 -47 1 -99 -3 -116 -9z"/></g></svg>
  <svg x='519' y='475'><g transform="translate(0.180786096011,4.75000053092) scale(0.00958087152387,-0.00920312606184)"><path class="sym-line" fill="black" d="M245 488 c-55 -20 -116 -69 -150 -121 -45 -68 -84 -193 -92 -289 l-6 -78 107 0 106 0 0 40 c0 57 36 145 71 175 37 30 91 33 131 7 15 -10 53 -49 85 -87 82 -98 136 -129 231 -134 87 -4 139 9 200 51 86 59 157 215 169 371 l6 77 -107 0 -106 0 0 -40 c0 -57 -36 -145 -71 -175 -37 -30 -91 -33 -131 -7 -15 10 -53 49 -85 87 -32 38 -81 83 -107 100 -44 27 -59 30 -135 32 -47 1 -99 -3 -116 -9z"/></g></svg>
  <svg x='470' y='475'><g transform="translate(0.180786096011,4.75000053092) scale(0.00958087152387,-0.00920312606184)"><path class="sym-line" fill="black" d="M245 488 c-55 -20 -116 -69 -150 -121 -45 -68 -84 -193 -92 -289 l-6 -78 107 0 106 0 0 40 c0 57 36 145 71 175 37 30 91 33 131 7 15 -10 53 -49 85 -87 82 -98 136 -129 231 -134 87 -4 139 9 200 51 86 59 157 215 169 371 l6 77 -107 0 -106 0 0 -40 c0 -57 -36 -145 -71 -175 -37 -30 -91 -33 -131 -7 -15 10 -53 49 -85 87 -32 38 -81 83 -107 100 -44 27 -59 30 -135 32 -47 1 -99 -3 -116 -9z"/></g></svg>
  <svg x='487' y='498'><g transform="translate(0.198409507087,11.7551245826) scale(0.00984535298844,-0.00974923141752)"><path class="sym-line" fill="black" d="M1070 1184 c-148 -27 -310 -87 -434 -161 -112 -67 -220 -160 -431 -372 l-210 -211 70 -70 c38 -38 73 -70 78 -70 5 0 111 100 236 223 124 123 256 244 292 270 75 53 196 114 284 145 204 69 486 69 690 0 174 -60 305 -147 500 -333 l130 -124 -240 -241 -240 -240 553 0 552 0 0 552 0 553 -240 -240 -240 -239 -137 135 c-76 75 -165 156 -198 180 -169 127 -355 207 -561 243 -109 19 -348 19 -454 0z"/></g></svg>
</svg>