<svg version='1.1' xmlns='http://www.w3.org/2000/svg' width='119' height='81' viewBox='440 460 119 81'>
  <text font-size='0'>AS1f520S15a10S15a10S15a10S26506S26512S26604S26614S21100M559x541S1f520493x479S15a10480x472S21100492x460S26506519x474S26512456x475S26604543x510S26614440x511S15a10546x474S15a10440x477</text>
  <svg x='493' y='479'><g transform="translate(0.0,15.0) scale(0.01,-0.01)"><path class="sym-line" fill="black" d="M900 1150 l0 -350 -450 0 -450 0 0 -100 0 -100 450 0 450 0 0 -300 0 -300 750 0 750 0 0 750 0 750 -750 0 -750 0 0 -350z"/></g></svg>
  <svg x='480' y='472'><g transform="translate(0.0,27.0) scale(0.01,-0.01)"><path class="sym-fill" fill="white" d="M397 2212 l-197 -197 0 -908 0 -907 200 0 200 0 0 1105 c0 608 -1 1105 -3 1105 -1 0 -91 -89 -200 -198z"/><path class="sym-line" fill="black" d="M297 2402 l-297 -297 0 -1053 0 -1052 600 0 600 0 0 1053 0 1052 -298 298 c-163 163 -299 297 -302 297 -3 0 -139 -134 -303 -298z m303 -1092 l0 -1110 -200 0 -200 0 0 912 0 913 197 197 c109 109 199 198 200 198 2 0 3 -499 3 -1110z"/></g></svg>
  <svg x='492' y='460'><g transform="translate(0.100900989662,13.8028761369) scale(0.00973019545717,-0.00980171001958)"><path class="sym-fill" fill="white" d="M583 1185 c-269 -75 -434 -344 -368 -598 49 -187 188 -325 378 -374 159 -40 396 23 545 145 l33 27 -68 74 -68 74 -32 -27 c-89 -75 -261 -121 -366 -97 -230 51 -313 335 -147 501 60 60 117 83 223 88 l87 4 0 -100 0 -100 -70 -4 c-60 -3 -74 -8 -97 -31 -38 -38 -38 -96 0 -135 24 -23 35 -27 85 -26 105 1 209 71 255 173 30 64 30 178 0 242 -27 60 -93 125 -152 152 -59 26 -168 32 -238 12z"/><path class="sym-line" fill="black" d="M535 1386 c-139 -36 -249 -101 -348 -205 -73 -78 -116 -148 -155 -253 -25 -68 -27 -84 -27 -228 0 -144 2 -160 27 -228 42 -114 85 -180 172 -268 88 -87 154 -130 268 -172 68 -25 84 -27 233 -27 185 0 237 11 380 79 97 46 215 128 215 148 -1 7 -29 44 -64 82 l-63 68 -54 -41 c-197 -149 -458 -183 -653 -84 -65 33 -176 144 -209 209 -75 147 -75 321 0 468 33 65 144 176 209 209 168 85 351 71 450 -35 60 -63 79 -113 79 -208 0 -73 -4 -92 -27 -135 -50 -95 -138 -154 -243 -163 -58 -4 -63 -3 -93 28 -44 44 -45 96 -1 139 28 29 36 31 100 31 l69 0 0 101 0 102 -86 -6 c-143 -10 -231 -65 -282 -176 -68 -147 -2 -321 148 -389 106 -49 278 -25 388 54 26 19 57 38 69 44 31 13 107 119 135 188 19 49 23 75 23 182 0 107 -4 133 -23 182 -50 125 -166 241 -290 289 -70 28 -266 36 -347 15z"/></g></svg>
  <svg x='519' y='474'><g transform="translate(0.149734255248,13.6974450331) scale(0.0097007872376,-0.00964308576999)"><path class="sym-line" fill="black" d="M800 1102 l0 -302 -400 0 -400 0 0 -100 0 -100 400 0 400 0 0 -302 0 -303 352 353 353 352 -353 352 -352 353 0 -303z"/></g></svg>
  <svg x='456' y='475'><g transform="translate(0.198128695057,13.7002011211) scale(0.0097007872376,-0.0096798311579)"><path class="sym-fill" fill="white" d="M370 925 l-225 -225 228 -228 227 -227 0 453 c0 248 -1 452 -3 452 -1 0 -103 -101 -227 -225z"/><path class="sym-line" fill="black" d="M345 1050 l-350 -350 353 -353 352 -352 0 303 0 302 400 0 400 0 0 100 0 100 -400 0 -400 0 -2 300 -3 300 -350 -350z m255 -352 l0 -453 -227 227 -228 228 225 225 c124 124 226 225 227 225 2 0 3 -204 3 -452z"/></g></svg>
  <svg x='543' y='510'><g transform="translate(0.198426155669,29.702611239) scale(0.00968892587986,-0.00985139124633)"><path class="sym-line" fill="black" d="M700 1900 l0 -1100 -352 0 -353 0 403 -402 402 -403 402 403 403 402 -353 0 -352 0 0 1100 0 1100 -100 0 -100 0 0 -1100z"/></g></svg>
  <svg x='440' y='511'><g transform="translate(0.198426155669,29.702611239) scale(0.00968892587986,-0.00985139124633)"><path class="sym-fill" fill="white" d="M523 423 l277 -278 277 278 278 277 -555 0 -555 0 278 -277z"/><path class="sym-line" fill="black" d="M700 1900 l0 -1100 -352 0 -353 0 403 -402 402 -403 402 403 403 402 -353 0 -352 0 0 1100 0 1100 -100 0 -100 0 0 -1100z m377 -1477 l-277 -278 -277 278 -278 277 555 0 555 0 -278 -277z"/></g></svg>
  <svg x='546' y='474'><g transform="translate(0.0,27.0) scale(0.01,-0.01)"><path class="sym-fill" fill="white" d="M397 2212 l-197 -197 0 -908 0 -907 200 0 200 0 0 1105 c0 608 -1 1105 -3 1105 -1 0 -91 -89 -200 -198z"/><path class="sym-line" fill="black" d="M297 2402 l-297 -297 0 -1053 0 -1052 600 0 600 0 0 1053 0 1052 -298 298 c-163 163 -299 297 -302 297 -3 0 -139 -134 -303 -298z m303 -1092 l0 -1110 -200 0 -200 0 0 912 0 913 197 197 c109 109 199 198 200 198 2 0 3 -499 3 -1110z"/></g></svg>
  <svg x='440' y='477'><g transform="translate(0.0,27.0) scale(0.01,-0.01)"><path class="sym-fill" fill="white" d="M397 2212 l-197 -197 0 -908 0 -907 200 0 200 0 0 1105 c0 608 -1 1105 -3 1105 -1 0 -91 -89 -200 -198z"/><path class="sym-line" fill="black" d="M297 2402 l-297 -297 0 -1053 0 -1052 600 0 600 0 0 1053 0 1052 -298 298 c-163 163 -299 297 -302 297 -3 0 -139 -134 -303 -298z m303 -1092 l0 -1110 -200 0 -200 0 0 912 0 913 197 197 c109 109 199 198 200 198 2 0 3 -499 3 -1110z"/></g></svg>
</svg>