<svg version='1.1' xmlns='http://www.w3.org/2000/svg' width='45' height='174' viewBox='482 482 45 174'>
  <text font-size='0'>AS1f540S20e00S26500S2ff00S15020S20350S26504S20350S20500M527x656S2ff00482x482S20e00514x526S26500513x507S1f540493x517S15020491x565S26504498x603S20350502x626S20350496x641S20500514x643</text>
  <svg x='482' y='482'><g transform="translate(0.149874875465,34.7500790925) scale(0.00988906872676,-0.00988956850125)"><path class="sym-line" fill="black" d="M1528 3484 c-592 -92 -1088 -447 -1348 -963 -125 -249 -180 -485 -180 -771 0 -480 183 -911 529 -1242 350 -336 780 -508 1271 -508 451 0 864 150 1193 434 326 281 517 620 591 1051 21 121 21 409 0 530 -43 252 -114 444 -237 639 -282 453 -741 750 -1284 831 -127 19 -413 18 -535 -1z m607 -173 c583 -126 1038 -523 1224 -1069 59 -173 75 -277 75 -492 0 -165 -3 -211 -22 -300 -71 -327 -228 -611 -458 -829 -186 -177 -381 -295 -614 -374 -176 -60 -282 -78 -490 -84 -247 -7 -416 19 -628 97 -549 201 -944 674 -1043 1250 -17 97 -17 383 0 480 99 576 495 1050 1043 1250 105 38 177 58 303 81 143 26 467 21 610 -10z"/></g></svg>
  <svg x='514' y='526'><g transform="translate(0.146427179928,11.7544805477) scale(0.00967082850362,-0.00967852689504)"><path class="sym-fill" fill="white" d="M503 985 c-159 -43 -265 -159 -295 -325 -22 -116 23 -252 112 -340 88 -89 224 -134 340 -112 178 33 299 154 332 332 22 115 -23 252 -110 339 -56 56 -107 85 -189 106 -70 18 -121 18 -190 0z m175 -200 c104 -44 151 -167 103 -270 -71 -153 -291 -153 -362 0 -33 72 -19 166 34 224 52 56 151 76 225 46z"/><path class="sym-line" fill="black" d="M435 1181 c-206 -60 -366 -224 -419 -428 -21 -78 -21 -228 0 -306 54 -208 223 -377 431 -431 78 -21 228 -21 306 0 208 54 377 223 431 431 21 78 21 228 0 306 -26 103 -80 195 -158 273 -78 78 -170 132 -273 158 -82 21 -240 20 -318 -3z m276 -197 c134 -40 234 -140 273 -273 62 -211 -60 -432 -273 -495 -210 -62 -433 61 -495 273 -61 207 56 426 264 492 70 23 161 24 231 3z M509 772 c-43 -22 -59 -38 -81 -81 -36 -68 -36 -114 0 -182 22 -43 38 -59 81 -81 68 -36 114 -36 182 0 43 22 59 38 81 81 36 68 36 114 0 182 -22 43 -38 59 -81 81 -68 36 -114 36 -182 0z"/></g></svg>
  <svg x='513' y='507'><g transform="translate(0.199517282911,14.7505211307) scale(0.00964541675618,-0.00973472242044)"><path class="sym-line" fill="black" d="M345 1150 l-350 -350 303 0 302 0 0 -400 0 -400 100 0 100 0 0 400 0 400 302 0 303 0 -350 350 c-192 193 -352 350 -355 350 -3 0 -163 -157 -355 -350z"/></g></svg>
  <svg x='493' y='517'><g transform="translate(0.0,24.0) scale(0.01,-0.01)"><path class="sym-fill" fill="white" d="M200 1250 l0 -50 -100 0 -100 0 0 -150 0 -150 100 0 100 0 0 -350 0 -350 300 0 300 0 0 350 0 350 350 0 350 0 0 150 0 150 -350 0 -350 0 0 50 0 50 -300 0 -300 0 0 -50z"/><path class="sym-line" fill="black" d="M700 1950 l0 -450 -350 0 -350 0 0 -150 0 -150 100 0 100 0 0 50 0 50 300 0 300 0 0 -50 0 -50 350 0 350 0 0 150 0 150 -300 0 -300 0 0 450 0 450 -100 0 -100 0 0 -450z M0 450 l0 -450 750 0 750 0 0 450 0 450 -350 0 -350 0 0 -350 0 -350 -300 0 -300 0 0 350 0 350 -100 0 -100 0 0 -450z"/></g></svg>
  <svg x='491' y='565'><g transform="translate(0.0509490741476,30.7530563075) scale(0.00990358611834,-0.00989538958482)"><path class="sym-line" fill="black" d="M985 3087 c-88 -35 -138 -89 -169 -181 -12 -36 -16 -88 -16 -226 l0 -180 99 0 99 0 4 163 c2 132 6 168 20 189 35 53 121 53 155 1 16 -24 18 -64 21 -388 l3 -360 -125 -125 c-69 -68 -127 -122 -129 -120 -2 3 -91 156 -198 340 -215 372 -244 409 -337 436 -103 30 -231 0 -313 -74 -66 -59 -89 -111 -89 -199 0 -86 15 -129 86 -256 54 -94 57 -98 77 -84 12 7 52 31 90 51 37 21 67 41 67 46 0 5 -23 48 -51 97 -58 100 -69 147 -41 179 43 51 89 56 131 17 17 -16 120 -185 231 -377 l200 -349 0 -393 0 -394 -192 0 c-106 0 -210 5 -230 10 -46 13 -68 43 -68 90 0 77 46 100 198 100 l92 0 0 101 0 101 -147 -4 c-131 -3 -154 -6 -197 -28 -59 -28 -105 -73 -132 -126 -15 -32 -19 -60 -19 -154 0 -101 3 -121 24 -163 12 -26 38 -59 57 -73 64 -49 91 -53 362 -54 l252 0 0 -350 0 -350 500 0 500 0 0 348 0 347 321 320 c176 176 332 340 347 365 23 39 27 55 26 125 0 97 -22 153 -88 223 -64 68 -124 96 -208 95 -96 0 -160 -34 -276 -147 l-92 -89 67 -72 c38 -40 72 -73 77 -74 5 0 46 35 91 78 45 44 94 83 110 87 35 9 73 -13 99 -55 15 -26 16 -36 7 -59 -7 -15 -117 -133 -246 -262 l-235 -235 0 346 0 346 202 349 c110 192 212 374 224 404 61 144 -6 304 -158 380 -121 60 -259 34 -347 -66 -37 -43 -141 -214 -141 -233 0 -5 39 -32 87 -60 88 -50 88 -50 101 -28 7 12 34 58 60 102 54 92 83 113 136 95 19 -6 42 -20 52 -31 37 -41 25 -71 -171 -410 -104 -178 -190 -326 -192 -329 -2 -2 -60 52 -128 120 l-124 124 -3 401 c-3 372 -4 403 -22 439 -27 53 -73 98 -132 126 -58 28 -208 38 -259 17z"/></g></svg>
  <svg x='498' y='603'><g transform="translate(0.199517282911,14.7025292494) scale(0.00964541675618,-0.00970272783292)"><path class="sym-line" fill="black" d="M600 1100 l0 -400 -302 0 -303 0 353 -352 352 -353 352 353 353 352 -303 0 -302 0 0 400 0 400 -100 0 -100 0 0 -400z"/></g></svg>
  <svg x='502' y='626'><g transform="translate(0.0,15.0) scale(0.01,-0.01)"><path class="sym-fill" fill="white" d="M0 950 l0 -150 750 0 750 0 0 150 0 150 -750 0 -750 0 0 -150z"/><path class="sym-line" fill="black" d="M0 1300 l0 -200 750 0 750 0 0 200 0 200 -750 0 -750 0 0 -200z M0 400 l0 -400 750 0 750 0 0 400 0 400 -750 0 -750 0 0 -400z"/></g></svg>
  <svg x='496' y='641'><g transform="translate(0.0,15.0) scale(0.01,-0.01)"><path class="sym-fill" fill="white" d="M0 950 l0 -150 750 0 750 0 0 150 0 150 -750 0 -750 0 0 -150z"/><path class="sym-line" fill="black" d="M0 1300 l0 -200 750 0 750 0 0 200 0 200 -750 0 -750 0 0 -200z M0 400 l0 -400 750 0 750 0 0 400 0 400 -750 0 -750 0 0 -400z"/></g></svg>
  <svg x='514' y='643'><g transform="translate(-0.221878406359,10.7500002304) scale(0.0103429235226,-0.00963778430032)"><path class="sym-line" fill="black" d="M430 895 l0 -205 -37 23 c-21 13 -95 61 -165 105 l-128 82 -36 -71 c-19 -40 -32 -75 -27 -79 4 -3 74 -48 156 -99 81 -51 147 -97 147 -101 0 -4 -66 -50 -147 -101 -82 -51 -152 -96 -156 -99 -5 -4 8 -39 27 -79 l36 -71 128 82 c70 44 144 92 165 105 l37 23 0 -205 0 -205 70 0 70 0 0 205 0 205 38 -23 c20 -13 94 -61 164 -105 l128 -82 36 71 c19 40 32 75 27 79 -4 3 -74 48 -155 99 -82 51 -148 97 -148 101 0 4 66 50 148 101 81 51 151 96 155 99 5 4 -8 39 -27 79 l-36 71 -128 -82 c-70 -44 -144 -92 -164 -105 l-38 -23 0 205 0 205 -70 0 -70 0 0 -205z"/></g></svg>
</svg>