<svg version='1.1' xmlns='http://www.w3.org/2000/svg' width='96' height='92' viewBox='452 482 96 92'>
  <text font-size='0'>AS1f540S20e00S22a03S20500S20500S15a32S15a36S37906S37906S30005M548x574S30005482x482S20500538x557S22a03483x531S15a36510x562S15a32464x551S37906469x568S37906491x556S20500452x558S1f540511x509S20e00496x522</text>
  <svg x='482' y='482'><g transform="translate(0.0775809815675,34.9138000627) scale(0.0099817074454,-0.00996990528801)"><path class="sym-line" fill="black" d="M1680 3483 c-452 -30 -861 -213 -1168 -522 -145 -145 -242 -281 -336 -469 -198 -398 -224 -904 -67 -1330 223 -603 767 -1036 1426 -1133 113 -17 414 -17 520 0 409 65 730 227 1016 511 269 269 426 576 490 960 17 98 17 393 0 495 -63 395 -240 733 -523 1000 -362 341 -866 522 -1358 488z m270 -163 c425 -44 803 -237 1077 -549 89 -102 149 -190 218 -324 184 -354 219 -775 98 -1162 -14 -44 -27 -83 -29 -87 -2 -3 -28 0 -57 7 -140 36 -308 26 -454 -27 -146 -53 -267 -147 -352 -273 -116 -174 -148 -373 -96 -601 7 -30 5 -32 -42 -49 -397 -140 -876 -104 -1269 95 -669 339 -1007 1072 -825 1786 142 555 605 1006 1178 1144 181 44 377 58 553 40z m1268 -2266 c12 -3 22 -10 22 -15 0 -17 -101 -172 -165 -254 -73 -94 -199 -215 -303 -292 -71 -53 -236 -153 -252 -153 -12 0 -20 36 -27 122 -22 278 180 537 469 598 45 10 216 6 256 -6z"/></g></svg>
  <svg x='538' y='557'><g transform="translate(-0.221878406359,10.7500002304) scale(0.0103429235226,-0.00963778430032)"><path class="sym-line" fill="black" d="M430 895 l0 -205 -37 23 c-21 13 -95 61 -165 105 l-128 82 -36 -71 c-19 -40 -32 -75 -27 -79 4 -3 74 -48 156 -99 81 -51 147 -97 147 -101 0 -4 -66 -50 -147 -101 -82 -51 -152 -96 -156 -99 -5 -4 8 -39 27 -79 l36 -71 128 82 c70 44 144 92 165 105 l37 23 0 -205 0 -205 70 0 70 0 0 205 0 205 38 -23 c20 -13 94 -61 164 -105 l128 -82 36 71 c19 40 32 75 27 79 -4 3 -74 48 -155 99 -82 51 -148 97 -148 101 0 4 66 50 148 101 81 51 151 96 155 99 5 4 -8 39 -27 79 l-36 71 -128 -82 c-70 -44 -144 -92 -164 -105 l-38 -23 0 205 0 205 -70 0 -70 0 0 -205z"/></g></svg>
  <svg x='483' y='531'><g transform="translate(0.150473191431,14.0633483059) scale(0.00985915292844,-0.0100666588668)"><path class="sym-fill" fill="white" d="M665 944 c-148 -157 -270 -291 -270 -298 0 -8 44 -59 97 -114 l98 -101 276 290 276 289 -21 27 c-11 16 -57 65 -103 110 l-83 82 -270 -285z"/><path class="sym-line" fill="black" d="M520 1091 l-275 -291 -122 128 -122 127 -1 -512 0 -513 486 0 c462 0 486 1 473 18 -7 9 -60 65 -117 124 -71 73 -101 111 -96 120 4 7 125 136 269 286 143 150 261 278 263 285 1 7 -28 43 -66 80 l-68 68 -273 -288 c-150 -159 -276 -289 -280 -291 -4 -1 -53 47 -109 107 l-101 109 274 288 c151 159 275 293 275 298 0 4 -30 40 -67 78 l-68 69 -275 -290z"/></g></svg>
  <svg x='510' y='562'><g transform="translate(0.150976194493,11.7516936221) scale(0.00983400277537,-0.00966938010173)"><path class="sym-fill" fill="white" d="M1400 1100 l0 -100 -600 0 -600 0 0 -400 0 -400 600 0 600 0 0 -100 0 -100 150 0 150 0 0 100 0 100 158 0 157 0 200 200 200 200 -200 200 -200 200 -157 0 -158 0 0 100 0 100 -150 0 -150 0 0 -100z"/><path class="sym-line" fill="black" d="M0 600 l0 -600 700 0 700 0 0 100 0 100 -600 0 -600 0 0 400 0 400 600 0 600 0 0 100 0 100 -700 0 -700 0 0 -600z M1700 1100 l0 -100 163 0 162 0 200 -200 200 -200 -200 -200 -200 -200 -162 0 -163 0 0 -100 0 -100 203 0 202 0 300 300 300 300 -300 300 -300 300 -202 0 -203 0 0 -100z"/></g></svg>
  <svg x='464' y='551'><g transform="translate(0.198694149149,11.7516936221) scale(0.00983400277537,-0.00966938010173)"><path class="sym-fill" fill="white" d="M1000 1100 l0 -100 -158 0 -157 0 -200 -200 -200 -200 200 -200 200 -200 157 0 158 0 0 -100 0 -100 150 0 150 0 0 100 0 100 600 0 600 0 0 400 0 400 -600 0 -600 0 0 100 0 100 -150 0 -150 0 0 -100z"/><path class="sym-line" fill="black" d="M295 900 l-300 -300 300 -300 300 -300 202 0 203 0 0 100 0 100 -163 0 -162 0 -200 200 -200 200 200 200 200 200 162 0 163 0 0 100 0 100 -203 0 -202 0 -300 -300z M1300 1100 l0 -100 600 0 600 0 0 -400 0 -400 -600 0 -600 0 0 -100 0 -100 700 0 700 0 0 600 0 600 -700 0 -700 0 0 -100z"/></g></svg>
  <svg x='469' y='568'><g transform="translate(0.0,2.0) scale(0.01,-0.01)"><path class="sym-line" fill="black" d="M0 100 l0 -100 2000 0 2000 0 0 100 0 100 -2000 0 -2000 0 0 -100z"/></g></svg>
  <svg x='491' y='556'><g transform="translate(0.0,2.0) scale(0.01,-0.01)"><path class="sym-line" fill="black" d="M0 100 l0 -100 2000 0 2000 0 0 100 0 100 -2000 0 -2000 0 0 -100z"/></g></svg>
  <svg x='452' y='558'><g transform="translate(-0.221878406359,10.7500002304) scale(0.0103429235226,-0.00963778430032)"><path class="sym-line" fill="black" d="M430 895 l0 -205 -37 23 c-21 13 -95 61 -165 105 l-128 82 -36 -71 c-19 -40 -32 -75 -27 -79 4 -3 74 -48 156 -99 81 -51 147 -97 147 -101 0 -4 -66 -50 -147 -101 -82 -51 -152 -96 -156 -99 -5 -4 8 -39 27 -79 l36 -71 128 82 c70 44 144 92 165 105 l37 23 0 -205 0 -205 70 0 70 0 0 205 0 205 38 -23 c20 -13 94 -61 164 -105 l128 -82 36 71 c19 40 32 75 27 79 -4 3 -74 48 -155 99 -82 51 -148 97 -148 101 0 4 66 50 148 101 81 51 151 96 155 99 5 4 -8 39 -27 79 l-36 71 -128 -82 c-70 -44 -144 -92 -164 -105 l-38 -23 0 205 0 205 -70 0 -70 0 0 -205z"/></g></svg>
  <svg x='511' y='509'><g transform="translate(0.0,24.0) scale(0.01,-0.01)"><path class="sym-fill" fill="white" d="M200 1250 l0 -50 -100 0 -100 0 0 -150 0 -150 100 0 100 0 0 -350 0 -350 300 0 300 0 0 350 0 350 350 0 350 0 0 150 0 150 -350 0 -350 0 0 50 0 50 -300 0 -300 0 0 -50z"/><path class="sym-line" fill="black" d="M700 1950 l0 -450 -350 0 -350 0 0 -150 0 -150 100 0 100 0 0 50 0 50 300 0 300 0 0 -50 0 -50 350 0 350 0 0 150 0 150 -300 0 -300 0 0 450 0 450 -100 0 -100 0 0 -450z M0 450 l0 -450 750 0 750 0 0 450 0 450 -350 0 -350 0 0 -350 0 -350 -300 0 -300 0 0 350 0 350 -100 0 -100 0 0 -450z"/></g></svg>
  <svg x='496' y='522'><g transform="translate(0.146427179928,11.7544805477) scale(0.00967082850362,-0.00967852689504)"><path class="sym-fill" fill="white" d="M503 985 c-159 -43 -265 -159 -295 -325 -22 -116 23 -252 112 -340 88 -89 224 -134 340 -112 178 33 299 154 332 332 22 115 -23 252 -110 339 -56 56 -107 85 -189 106 -70 18 -121 18 -190 0z m175 -200 c104 -44 151 -167 103 -270 -71 -153 -291 -153 -362 0 -33 72 -19 166 34 224 52 56 151 76 225 46z"/><path class="sym-line" fill="black" d="M435 1181 c-206 -60 -366 -224 -419 -428 -21 -78 -21 -228 0 -306 54 -208 223 -377 431 -431 78 -21 228 -21 306 0 208 54 377 223 431 431 21 78 21 228 0 306 -26 103 -80 195 -158 273 -78 78 -170 132 -273 158 -82 21 -240 20 -318 -3z m276 -197 c134 -40 234 -140 273 -273 62 -211 -60 -432 -273 -495 -210 -62 -433 61 -495 273 -61 207 56 426 264 492 70 23 161 24 231 3z M509 772 c-43 -22 -59 -38 -81 -81 -36 -68 -36 -114 0 -182 22 -43 38 -59 81 -81 68 -36 114 -36 182 0 43 22 59 38 81 81 36 68 36 114 0 182 -22 43 -38 59 -81 81 -68 36 -114 36 -182 0z"/></g></svg>
</svg>