<svg version='1.1' xmlns='http://www.w3.org/2000/svg' width='81' height='114' viewBox='459 443 81 114'>
  <text font-size='0'>AS1f720S1f728S23b04S23b1cS20500S2fb04S15a40S15a48S22a04S22a14S2fb04M540x557S1f720499x458S1f728480x458S23b04521x460S23b1c459x460S20500495x443S2fb04491x482S15a40503x503S15a48481x503S22a04503x534S22a14480x534S2fb04490x551</text>
  <svg x='499' y='458'><g transform="translate(0.131576825216,14.7505211307) scale(0.00980873003133,-0.00973472242044)"><path class="sym-line" fill="black" d="M498 959 l-3 -542 -159 277 c-87 152 -161 276 -164 276 -2 0 -42 -21 -88 -47 -55 -31 -83 -53 -82 -63 2 -9 113 -206 247 -438 l244 -422 753 0 754 0 0 750 0 750 -750 0 -750 0 -2 -541z"/></g></svg>
  <svg x='480' y='458'><g transform="translate(0.151481649373,14.7505211307) scale(0.00980873003133,-0.00973472242044)"><path class="sym-line" fill="black" d="M0 750 l0 -750 754 0 753 0 244 422 c134 232 245 429 247 438 1 10 -27 32 -82 63 -46 26 -86 47 -88 47 -3 0 -77 -124 -164 -276 l-159 -277 -3 542 -2 541 -750 0 -750 0 0 -750z"/></g></svg>
  <svg x='521' y='460'><g transform="translate(0.150637890303,20.7975485316) scale(0.00985091798486,-0.00983291001503)"><path class="sym-fill" fill="white" d="M0 1750 l0 -150 530 0 530 0 0 -450 0 -450 145 0 145 0 0 600 0 600 -675 0 -675 0 0 -150z"/><path class="sym-line" fill="black" d="M0 2000 l0 -100 680 0 680 0 0 -600 0 -600 -150 0 -150 0 0 450 0 450 -530 0 -530 0 0 -100 0 -100 430 0 430 0 0 -350 0 -350 -167 -2 -166 -3 334 -345 c183 -190 339 -345 347 -345 8 0 164 155 347 345 l333 345 -169 3 -169 2 0 700 0 700 -775 0 -775 0 0 -100z"/></g></svg>
  <svg x='459' y='460'><g transform="translate(0.0316451002757,20.7975485316) scale(0.00985091798486,-0.00983291001503)"><path class="sym-fill" fill="white" d="M550 1300 l0 -600 145 0 145 0 0 450 0 450 530 0 530 0 0 150 0 150 -675 0 -675 0 0 -600z M285 568 c14 -17 112 -119 216 -226 l189 -196 21 20 c12 10 111 112 221 227 l200 207 -437 0 -437 0 27 -32z"/><path class="sym-line" fill="black" d="M350 1400 l0 -700 -169 -2 -169 -3 333 -345 c183 -190 339 -345 347 -345 7 0 163 155 347 345 l334 345 -167 3 -166 2 0 350 0 350 430 0 430 0 0 100 0 100 -530 0 -530 0 0 -450 0 -450 -150 0 -150 0 0 600 0 600 680 0 680 0 0 100 0 100 -775 0 -775 0 0 -700z m719 -867 c-35 -38 -134 -141 -221 -230 l-157 -161 -221 229 -222 229 443 0 442 0 -64 -67z"/></g></svg>
  <svg x='495' y='443'><g transform="translate(-0.221878406359,10.7500002304) scale(0.0103429235226,-0.00963778430032)"><path class="sym-line" fill="black" d="M430 895 l0 -205 -37 23 c-21 13 -95 61 -165 105 l-128 82 -36 -71 c-19 -40 -32 -75 -27 -79 4 -3 74 -48 156 -99 81 -51 147 -97 147 -101 0 -4 -66 -50 -147 -101 -82 -51 -152 -96 -156 -99 -5 -4 8 -39 27 -79 l36 -71 128 82 c70 44 144 92 165 105 l37 23 0 -205 0 -205 70 0 70 0 0 205 0 205 38 -23 c20 -13 94 -61 164 -105 l128 -82 36 71 c19 40 32 75 27 79 -4 3 -74 48 -155 99 -82 51 -148 97 -148 101 0 4 66 50 148 101 81 51 151 96 155 99 5 4 -8 39 -27 79 l-36 71 -128 -82 c-70 -44 -144 -92 -164 -105 l-38 -23 0 205 0 205 -70 0 -70 0 0 -205z"/></g></svg>
  <svg x='491' y='482'><g transform="translate(0.178125321737,5.7484375) scale(0.00969593203301,-0.00933333333333)"><path class="sym-line" fill="black" d="M4 569 c22 -111 99 -242 206 -349 151 -151 320 -220 540 -220 220 0 389 69 540 220 107 107 184 238 206 349 l7 31 -61 0 -61 0 -42 -82 c-54 -104 -163 -218 -264 -274 -154 -85 -340 -108 -501 -61 -176 51 -331 177 -413 335 l-42 82 -61 0 -61 0 7 -31z"/></g></svg>
  <svg x='503' y='503'><g transform="translate(0.0,27.0) scale(0.01,-0.01)"><path class="sym-fill" fill="white" d="M398 2213 l-198 -198 0 -158 0 -157 -100 0 -100 0 0 -150 0 -150 100 0 100 0 0 -600 0 -600 200 0 200 0 0 600 0 600 300 0 300 0 0 150 0 150 -300 0 -300 0 -2 355 -3 355 -197 -197z"/><path class="sym-line" fill="black" d="M297 2402 l-297 -297 0 -203 0 -202 100 0 100 0 0 163 0 162 200 200 200 200 0 -363 0 -362 300 0 300 0 0 203 0 202 -298 298 c-163 163 -299 297 -302 297 -3 0 -139 -134 -303 -298z M0 700 l0 -700 600 0 600 0 0 700 0 700 -300 0 -300 0 0 -600 0 -600 -200 0 -200 0 0 600 0 600 -100 0 -100 0 0 -700z"/></g></svg>
  <svg x='481' y='503'><g transform="translate(0.0,27.0) scale(0.01,-0.01)"><path class="sym-fill" fill="white" d="M600 2057 l0 -357 -300 0 -300 0 0 -150 0 -150 300 0 300 0 0 -600 0 -600 200 0 200 0 0 600 0 600 100 0 100 0 0 150 0 150 -100 0 -100 0 0 158 0 157 -200 200 -200 200 0 -358z"/><path class="sym-line" fill="black" d="M297 2402 l-297 -297 0 -203 0 -202 300 0 300 0 0 362 0 363 200 -200 200 -200 0 -162 0 -163 100 0 100 0 0 203 0 202 -298 298 c-163 163 -299 297 -302 297 -3 0 -139 -134 -303 -298z M0 700 l0 -700 600 0 600 0 0 700 0 700 -100 0 -100 0 0 -600 0 -600 -200 0 -200 0 0 600 0 600 -300 0 -300 0 0 -700z"/></g></svg>
  <svg x='503' y='534'><g transform="translate(0.043463926586,14.7505211307) scale(0.00985915292844,-0.00973472242044)"><path class="sym-fill" fill="white" d="M510 1100 l0 -400 140 0 140 0 0 400 0 400 -140 0 -140 0 0 -400z"/><path class="sym-line" fill="black" d="M330 1100 l0 -400 -159 -2 -160 -3 315 -347 c174 -192 319 -348 324 -348 5 0 150 156 324 348 l315 347 -160 3 -159 2 0 400 0 400 -90 0 -90 0 0 -400 0 -400 -140 0 -140 0 0 400 0 400 -90 0 -90 0 0 -400z"/></g></svg>
  <svg x='480' y='534'><g transform="translate(0.043463926586,14.7505211307) scale(0.00985915292844,-0.00973472242044)"><path class="sym-fill" fill="white" d="M510 1100 l0 -400 140 0 140 0 0 400 0 400 -140 0 -140 0 0 -400z M277 557 c144 -163 368 -407 373 -407 5 0 229 244 373 407 l39 43 -412 0 -412 0 39 -43z"/><path class="sym-line" fill="black" d="M330 1100 l0 -400 -159 -2 -160 -3 315 -347 c174 -192 319 -348 324 -348 5 0 150 156 324 348 l315 347 -160 3 -159 2 0 400 0 400 -90 0 -90 0 0 -400 0 -400 -140 0 -140 0 0 400 0 400 -90 0 -90 0 0 -400z m714 -522 c-82 -96 -388 -428 -394 -428 -6 0 -312 332 -394 428 l-19 22 413 0 413 0 -19 -22z"/></g></svg>
  <svg x='490' y='551'><g transform="translate(0.178125321737,5.7484375) scale(0.00969593203301,-0.00933333333333)"><path class="sym-line" fill="black" d="M4 569 c22 -111 99 -242 206 -349 151 -151 320 -220 540 -220 220 0 389 69 540 220 107 107 184 238 206 349 l7 31 -61 0 -61 0 -42 -82 c-54 -104 -163 -218 -264 -274 -154 -85 -340 -108 -501 -61 -176 51 -331 177 -413 335 l-42 82 -61 0 -61 0 7 -31z"/></g></svg>
</svg>