<svg version='1.1' xmlns='http://www.w3.org/2000/svg' width='154' height='43' viewBox='423 478 154 43'>
  <text font-size='0'>AS1fb20S17610S17610S1dc10S14720S17610S10610S2f900S2f900M577x521S1fb20423x490S17610445x493S17610467x493S1dc10490x478S2f900494x516S14720521x486S17610541x493S10610562x482S2f900566x516</text>
  <svg x='423' y='490'><g transform="translate(0.0,19.0) scale(0.01,-0.01)"><path class="sym-line" fill="black" d="M300 1700 l0 -200 -150 0 -150 0 0 -750 0 -750 750 0 750 0 0 750 0 750 -400 0 -400 0 0 200 0 200 -200 0 -200 0 0 -200z"/></g></svg>
  <svg x='445' y='493'><g transform="translate(0.0996925829584,15.7992338797) scale(0.00981117768656,-0.00980419842474)"><path class="sym-fill" fill="white" d="M675 1384 c-229 -49 -412 -235 -459 -466 -20 -97 -20 -139 0 -236 36 -176 158 -338 314 -414 67 -33 196 -68 250 -68 20 0 20 3 20 600 l0 600 -27 -1 c-16 0 -59 -7 -98 -15z"/><path class="sym-line" fill="black" d="M670 1594 c-235 -45 -460 -214 -578 -434 -73 -135 -87 -195 -87 -360 0 -125 3 -155 23 -215 88 -265 292 -469 557 -557 60 -20 90 -23 215 -23 125 0 155 3 215 23 265 88 469 292 557 557 20 60 23 90 23 215 0 125 -3 155 -23 215 -71 214 -218 389 -413 494 -125 67 -187 83 -334 86 -71 2 -141 1 -155 -1z m130 -794 l0 -600 -37 0 c-143 1 -332 99 -431 225 -240 304 -142 739 206 914 70 35 156 59 220 60 l42 1 0 -600z"/></g></svg>
  <svg x='467' y='493'><g transform="translate(0.0996925829584,15.7992338797) scale(0.00981117768656,-0.00980419842474)"><path class="sym-fill" fill="white" d="M675 1384 c-229 -49 -412 -235 -459 -466 -20 -97 -20 -139 0 -236 36 -176 158 -338 314 -414 67 -33 196 -68 250 -68 20 0 20 3 20 600 l0 600 -27 -1 c-16 0 -59 -7 -98 -15z"/><path class="sym-line" fill="black" d="M670 1594 c-235 -45 -460 -214 -578 -434 -73 -135 -87 -195 -87 -360 0 -125 3 -155 23 -215 88 -265 292 -469 557 -557 60 -20 90 -23 215 -23 125 0 155 3 215 23 265 88 469 292 557 557 20 60 23 90 23 215 0 125 -3 155 -23 215 -71 214 -218 389 -413 494 -125 67 -187 83 -334 86 -71 2 -141 1 -155 -1z m130 -794 l0 -600 -37 0 c-143 1 -332 99 -431 225 -240 304 -142 739 206 914 70 35 156 59 220 60 l42 1 0 -600z"/></g></svg>
  <svg x='490' y='478'><g transform="translate(0.0,30.0) scale(0.01,-0.01)"><path class="sym-fill" fill="white" d="M200 750 l0 -550 300 0 300 0 0 550 0 550 -300 0 -300 0 0 -550z"/><path class="sym-line" fill="black" d="M1300 2250 l0 -750 -650 0 -650 0 0 -750 0 -750 750 0 750 0 0 300 0 300 450 0 450 0 0 100 0 100 -450 0 -450 0 0 1100 0 1100 -100 0 -100 0 0 -750z m-500 -1500 l0 -550 -300 0 -300 0 0 550 0 550 300 0 300 0 0 -550z"/></g></svg>
  <svg x='494' y='516'><g transform="translate(0.180786096011,4.75000053092) scale(0.00958087152387,-0.00920312606184)"><path class="sym-line" fill="black" d="M245 488 c-55 -20 -116 -69 -150 -121 -45 -68 -84 -193 -92 -289 l-6 -78 107 0 106 0 0 40 c0 57 36 145 71 175 37 30 91 33 131 7 15 -10 53 -49 85 -87 82 -98 136 -129 231 -134 87 -4 139 9 200 51 86 59 157 215 169 371 l6 77 -107 0 -106 0 0 -40 c0 -57 -36 -145 -71 -175 -37 -30 -91 -33 -131 -7 -15 10 -53 49 -85 87 -32 38 -81 83 -107 100 -44 27 -59 30 -135 32 -47 1 -99 -3 -116 -9z"/></g></svg>
  <svg x='521' y='486'><g transform="translate(0.0,22.0) scale(0.01,-0.01)"><path class="sym-fill" fill="white" d="M0 850 l0 -150 400 0 400 0 0 150 0 150 -400 0 -400 0 0 -150z"/><path class="sym-line" fill="black" d="M347 1852 l-347 -347 0 -253 0 -252 400 0 400 0 0 -150 0 -150 -400 0 -400 0 0 -350 0 -350 700 0 700 0 0 753 0 752 -348 348 c-191 191 -349 347 -352 347 -3 0 -161 -156 -353 -348z"/></g></svg>
  <svg x='541' y='493'><g transform="translate(0.0996925829584,15.7992338797) scale(0.00981117768656,-0.00980419842474)"><path class="sym-fill" fill="white" d="M675 1384 c-229 -49 -412 -235 -459 -466 -20 -97 -20 -139 0 -236 36 -176 158 -338 314 -414 67 -33 196 -68 250 -68 20 0 20 3 20 600 l0 600 -27 -1 c-16 0 -59 -7 -98 -15z"/><path class="sym-line" fill="black" d="M670 1594 c-235 -45 -460 -214 -578 -434 -73 -135 -87 -195 -87 -360 0 -125 3 -155 23 -215 88 -265 292 -469 557 -557 60 -20 90 -23 215 -23 125 0 155 3 215 23 265 88 469 292 557 557 20 60 23 90 23 215 0 125 -3 155 -23 215 -71 214 -218 389 -413 494 -125 67 -187 83 -334 86 -71 2 -141 1 -155 -1z m130 -794 l0 -600 -37 0 c-143 1 -332 99 -431 225 -240 304 -142 739 206 914 70 35 156 59 220 60 l42 1 0 -600z"/></g></svg>
  <svg x='562' y='482'><g transform="translate(0.0,26.0) scale(0.01,-0.01)"><path class="sym-fill" fill="white" d="M200 750 l0 -550 300 0 300 0 0 550 0 550 -300 0 -300 0 0 -550z"/><path class="sym-line" fill="black" d="M700 2250 l0 -350 100 0 100 0 0 250 0 250 200 0 200 0 0 -450 0 -450 -650 0 -650 0 0 -750 0 -750 750 0 750 0 0 1300 0 1300 -400 0 -400 0 0 -350z m100 -1500 l0 -550 -300 0 -300 0 0 550 0 550 300 0 300 0 0 -550z"/></g></svg>
  <svg x='566' y='516'><g transform="translate(0.180786096011,4.75000053092) scale(0.00958087152387,-0.00920312606184)"><path class="sym-line" fill="black" d="M245 488 c-55 -20 -116 -69 -150 -121 -45 -68 -84 -193 -92 -289 l-6 -78 107 0 106 0 0 40 c0 57 36 145 71 175 37 30 91 33 131 7 15 -10 53 -49 85 -87 82 -98 136 -129 231 -134 87 -4 139 9 200 51 86 59 157 215 169 371 l6 77 -107 0 -106 0 0 -40 c0 -57 -36 -145 -71 -175 -37 -30 -91 -33 -131 -7 -15 10 -53 49 -85 87 -32 38 -81 83 -107 100 -44 27 -59 30 -135 32 -47 1 -99 -3 -116 -9z"/></g></svg>
</svg>