<svg version='1.1' xmlns='http://www.w3.org/2000/svg' width='75' height='76' viewBox='462 462 75 76'>
  <text font-size='0'>AS20307S20301S28a06S28a1eM537x538S20307502x462S20301474x464S3770b486x477S37713488x478S28a1e462x511S28a06501x511S37700517x513S37700480x513</text>
  <svg x='502' y='462'><g transform="translate(0.151481913954,20.7975485316) scale(0.00980871680229,-0.00983291001503)"><path class="sym-fill" fill="white" d="M667 1432 l-377 -377 380 -380 380 -380 380 380 380 380 -377 377 c-208 208 -380 378 -383 378 -3 0 -175 -170 -383 -378z"/><path class="sym-line" fill="black" d="M522 1577 l-522 -522 525 -525 525 -525 525 525 525 525 -522 522 c-288 288 -525 523 -528 523 -3 0 -240 -235 -528 -523z m910 -134 c208 -208 378 -382 378 -388 0 -6 -171 -181 -380 -390 l-380 -380 -380 380 c-209 209 -380 384 -380 390 0 10 750 765 760 765 3 0 175 -170 382 -377z"/></g></svg>
  <svg x='474' y='464'><g transform="translate(0.199328273943,20.7485491077) scale(0.00980871680229,-0.00980957695607)"><path class="sym-fill" fill="white" d="M665 1430 l-380 -380 380 -380 380 -380 380 380 380 380 -380 380 -380 380 -380 -380z"/><path class="sym-line" fill="black" d="M520 1575 l-525 -525 525 -525 525 -525 525 525 525 525 -525 525 -525 525 -525 -525z m915 -145 l380 -380 -380 -380 c-209 -209 -384 -380 -390 -380 -6 0 -181 171 -390 380 l-380 380 380 380 c209 209 384 380 390 380 6 0 181 -171 390 -380z"/></g></svg>
  <svg x='486' y='477'><g transform="translate(-0.981442752515,22.333772324) scale(0.0107782670044,-0.0103182059236)"><path class="sym-line" fill="black" d="M1024 1185 c-505 -531 -919 -971 -919 -979 0 -7 31 -46 69 -86 51 -55 72 -71 83 -64 8 5 428 443 933 973 l919 965 -72 75 c-39 42 -76 77 -82 79 -6 1 -425 -432 -931 -963z"/></g></svg>
  <svg x='488' y='478'><g transform="translate(-0.661073667604,22.5761143013) scale(0.0105463059735,-0.0105677089589)"><path class="sym-line" fill="black" d="M251 1948 l-174 -170 851 -851 852 -852 172 173 173 172 -850 849 -850 850 -174 -171z"/></g></svg>
  <svg x='462' y='511'><g transform="translate(0.0,17.0) scale(0.01,-0.01)"><path class="sym-fill" fill="white" d="M100 1173 l0 -428 425 425 c234 234 425 426 425 427 0 2 -191 3 -425 3 l-425 0 0 -427z M2860 1146 c-195 -194 -384 -375 -420 -401 -353 -258 -828 -258 -1180 0 -36 27 -166 149 -290 271 l-226 223 -142 -142 -143 -143 234 -231 c247 -243 327 -309 471 -392 417 -237 955 -237 1372 0 155 89 230 154 602 523 l363 361 -143 142 -143 143 -355 -354z"/><path class="sym-line" fill="black" d="M0 1098 l0 -603 174 174 175 175 248 -245 c163 -160 280 -266 341 -309 283 -200 566 -290 912 -290 346 0 628 90 913 290 67 47 192 164 465 434 204 203 372 374 372 381 0 6 -22 33 -50 60 l-50 49 -367 -365 c-203 -201 -395 -386 -428 -411 -251 -190 -541 -288 -855 -288 -229 0 -418 45 -630 149 -171 84 -279 173 -585 480 l-180 181 143 142 142 143 182 -181 c254 -250 313 -303 403 -359 163 -102 325 -148 525 -148 144 0 244 19 366 67 180 71 288 162 769 645 l230 231 -50 50 c-27 27 -54 50 -59 50 -5 0 -170 -159 -365 -353 -407 -403 -463 -446 -661 -509 -65 -20 -95 -23 -230 -23 -181 0 -245 15 -393 93 -102 54 -204 141 -442 381 l-160 161 175 175 175 175 -603 0 -602 0 0 -602z m752 295 c-110 -115 -302 -309 -426 -433 l-226 -225 0 433 0 432 426 0 426 0 -200 -207z"/></g></svg>
  <svg x='501' y='511'><g transform="translate(0.0,17.0) scale(0.01,-0.01)"><path class="sym-fill" fill="white" d="M242 1357 l-143 -143 363 -360 c372 -369 447 -434 602 -523 417 -237 955 -237 1372 0 144 83 224 149 471 392 l234 231 -143 143 -142 142 -226 -223 c-124 -122 -254 -244 -290 -271 -349 -255 -812 -258 -1170 -7 -36 25 -227 207 -425 404 l-361 358 -142 -143z"/><path class="sym-line" fill="black" d="M2570 1525 l175 -175 -160 -161 c-238 -240 -340 -327 -442 -381 -148 -78 -212 -93 -393 -93 -135 0 -165 3 -230 23 -198 63 -254 106 -661 509 -195 194 -360 353 -365 353 -5 0 -32 -23 -59 -50 l-50 -50 230 -231 c481 -483 589 -574 769 -645 122 -48 222 -67 366 -67 200 0 362 46 525 148 90 56 149 109 403 359 l182 181 142 -143 143 -142 -180 -181 c-306 -307 -414 -396 -585 -480 -212 -104 -401 -149 -630 -149 -314 0 -604 98 -855 288 -33 25 -225 210 -428 411 l-367 365 -50 -49 c-28 -27 -50 -54 -50 -60 0 -7 168 -178 372 -381 273 -270 398 -387 465 -434 285 -200 567 -290 913 -290 346 0 629 90 912 290 61 43 178 149 341 309 l248 245 175 -175 174 -174 0 603 0 602 -602 0 -603 0 175 -175z"/></g></svg>
  <svg x='517' y='513'><g transform="translate(0.0,25.0) scale(0.01,-0.01)"><path class="sym-line" fill="black" d="M0 1250 l0 -1250 100 0 100 0 0 1250 0 1250 -100 0 -100 0 0 -1250z"/></g></svg>
  <svg x='480' y='513'><g transform="translate(0.0,25.0) scale(0.01,-0.01)"><path class="sym-line" fill="black" d="M0 1250 l0 -1250 100 0 100 0 0 1250 0 1250 -100 0 -100 0 0 -1250z"/></g></svg>
</svg>