<svg version='1.1' xmlns='http://www.w3.org/2000/svg' width='63' height='110' viewBox='468 445 63 110'>
  <text font-size='0'>AS20320S15a18S20500S26a20S1f010S1f018S2df06S2df1eM531x555S15a18486x462S20320501x474S26a20493x445S20500500x460S1f010502x540S1f018468x540S2df06502x509S2df1e475x510</text>
  <svg x='486' y='462'><g transform="translate(0.0,27.0) scale(0.01,-0.01)"><path class="sym-fill" fill="white" d="M600 1307 l0 -1107 200 0 200 0 0 908 0 907 -200 200 -200 200 0 -1108z"/><path class="sym-line" fill="black" d="M297 2402 l-297 -297 0 -1053 0 -1052 600 0 600 0 0 1053 0 1052 -298 298 c-163 163 -299 297 -302 297 -3 0 -139 -134 -303 -298z m703 -1289 l0 -913 -200 0 -200 0 0 1112 0 1113 200 -200 200 -200 0 -912z"/></g></svg>
  <svg x='501' y='474'><g transform="translate(0.0,15.0) scale(0.01,-0.01)"><path class="sym-line" fill="black" d="M0 750 l0 -750 750 0 750 0 0 750 0 750 -750 0 -750 0 0 -750z"/></g></svg>
  <svg x='493' y='445'><g transform="translate(0.199152862387,13.7487019785) scale(0.00981571140639,-0.0096798311579)"><path class="sym-line" fill="black" d="M345 1050 l-350 -350 145 0 144 0 202 207 202 208 209 -207 208 -208 240 0 239 0 202 208 202 207 209 -207 208 -208 150 0 150 0 -352 352 -353 353 -325 -325 -325 -325 -323 323 c-177 177 -324 322 -327 322 -3 0 -163 -157 -355 -350z M600 350 l0 -350 100 0 100 0 0 350 0 350 -100 0 -100 0 0 -350z M1900 350 l0 -350 100 0 100 0 0 350 0 350 -100 0 -100 0 0 -350z"/></g></svg>
  <svg x='500' y='460'><g transform="translate(-0.221878406359,10.7500002304) scale(0.0103429235226,-0.00963778430032)"><path class="sym-line" fill="black" d="M430 895 l0 -205 -37 23 c-21 13 -95 61 -165 105 l-128 82 -36 -71 c-19 -40 -32 -75 -27 -79 4 -3 74 -48 156 -99 81 -51 147 -97 147 -101 0 -4 -66 -50 -147 -101 -82 -51 -152 -96 -156 -99 -5 -4 8 -39 27 -79 l36 -71 128 82 c70 44 144 92 165 105 l37 23 0 -205 0 -205 70 0 70 0 0 205 0 205 38 -23 c20 -13 94 -61 164 -105 l128 -82 36 71 c19 40 32 75 27 79 -4 3 -74 48 -155 99 -82 51 -148 97 -148 101 0 4 66 50 148 101 81 51 151 96 155 99 5 4 -8 39 -27 79 l-36 71 -128 -82 c-70 -44 -144 -92 -164 -105 l-38 -23 0 205 0 205 -70 0 -70 0 0 -205z"/></g></svg>
  <svg x='502' y='540'><g transform="translate(0.0,15.0) scale(0.01,-0.01)"><path class="sym-fill" fill="white" d="M1600 750 l0 -550 300 0 300 0 0 550 0 550 -300 0 -300 0 0 -550z"/><path class="sym-line" fill="black" d="M0 1400 l0 -100 700 0 700 0 0 -390 c0 -214 -3 -390 -7 -390 -5 0 -275 70 -601 156 -325 87 -595 155 -598 152 -8 -8 -57 -189 -52 -193 2 -2 286 -79 631 -172 l627 -168 0 -147 0 -148 750 0 750 0 0 750 0 750 -1450 0 -1450 0 0 -100z m2200 -650 l0 -550 -300 0 -300 0 0 550 0 550 300 0 300 0 0 -550z"/></g></svg>
  <svg x='468' y='540'><g transform="translate(0.0,15.0) scale(0.01,-0.01)"><path class="sym-fill" fill="white" d="M700 750 l0 -550 300 0 300 0 0 550 0 550 -300 0 -300 0 0 -550z"/><path class="sym-line" fill="black" d="M0 750 l0 -750 750 0 750 0 0 148 0 147 627 168 c345 93 629 170 631 172 5 4 -44 185 -52 193 -3 3 -273 -65 -598 -152 -326 -86 -596 -156 -600 -156 -5 0 -8 176 -8 390 l0 390 700 0 700 0 0 100 0 100 -1450 0 -1450 0 0 -750z m1300 0 l0 -550 -300 0 -300 0 0 550 0 550 300 0 300 0 0 -550z"/></g></svg>
  <svg x='502' y='509'><g transform="translate(-0.304173723996,23.7506512493) scale(0.0100519634259,-0.00983425572888)"><path class="sym-fill" fill="white" d="M1000 1650 l0 -750 150 0 150 0 0 750 0 750 -150 0 -150 0 0 -750z M1000 300 l0 -300 150 0 150 0 0 300 0 300 -150 0 -150 0 0 -300z"/><path class="sym-line" fill="black" d="M900 2100 l0 -300 -150 0 -150 0 0 252 0 253 -277 -278 -278 -277 278 -277 277 -278 0 253 0 252 150 0 150 0 0 -400 0 -400 -300 0 -300 0 0 -150 0 -150 300 0 300 0 0 -300 0 -300 50 0 50 0 0 300 0 300 150 0 150 0 0 -300 0 -300 50 0 50 0 0 299 0 299 113 4 c84 4 126 10 169 27 124 48 239 163 290 289 22 54 23 70 23 282 0 212 -1 228 -23 282 -51 126 -166 241 -290 289 -43 17 -85 23 -169 27 l-113 4 0 299 0 299 -50 0 -50 0 0 -750 0 -750 -150 0 -150 0 0 750 0 750 -50 0 -50 0 0 -300z m691 -422 c54 -18 116 -65 147 -111 49 -71 57 -109 57 -267 0 -158 -8 -196 -57 -267 -31 -46 -93 -93 -147 -111 -18 -7 -69 -15 -112 -18 l-79 -7 0 403 0 403 79 -7 c43 -3 94 -11 112 -18z"/></g></svg>
  <svg x='475' y='510'><g transform="translate(0.100005858255,23.7506512493) scale(0.0100519634259,-0.00983425572888)"><path class="sym-fill" fill="white" d="M700 1650 l0 -750 150 0 150 0 0 750 0 750 -150 0 -150 0 0 -750z M1500 1750 l0 -305 152 153 153 152 -153 152 -152 153 0 -305z M700 300 l0 -300 150 0 150 0 0 300 0 300 -150 0 -150 0 0 -300z"/><path class="sym-line" fill="black" d="M600 2101 l0 -299 -112 -4 c-85 -4 -127 -10 -170 -27 -124 -48 -239 -163 -290 -289 -22 -54 -23 -70 -23 -282 0 -212 1 -228 23 -282 51 -126 166 -241 290 -289 43 -17 85 -23 170 -27 l112 -4 0 -299 0 -299 50 0 50 0 0 300 0 300 150 0 150 0 0 -300 0 -300 50 0 50 0 0 300 0 300 300 0 300 0 0 150 0 150 -300 0 -300 0 0 400 0 400 150 0 150 0 0 -252 0 -253 277 278 278 277 -278 277 -277 278 0 -253 0 -252 -150 0 -150 0 0 300 0 300 -50 0 -50 0 0 -750 0 -750 -150 0 -150 0 0 750 0 750 -50 0 -50 0 0 -299z m1052 -503 l-152 -153 0 305 0 305 152 -153 153 -152 -153 -152z m-1052 -299 l0 -402 -79 7 c-43 3 -94 11 -112 18 -82 28 -159 105 -188 188 -18 51 -25 234 -13 312 13 84 36 132 87 183 64 64 137 91 258 94 l47 1 0 -401z"/></g></svg>
</svg>