<svg version='1.1' xmlns='http://www.w3.org/2000/svg' width='101' height='75' viewBox='449 462 101 75'>
  <text font-size='0'>AS20310S20318S20500S22a07S22a11S14c10S14c18S2f700S2f710M550x537S20310497x506S20318486x522S20500504x524S22a07516x498S22a11471x511S14c10527x471S14c18449x486S2f700533x462S2f710453x476</text>
  <svg x='497' y='506'><g transform="translate(0.0,15.0) scale(0.01,-0.01)"><path class="sym-fill" fill="white" d="M200 750 l0 -550 300 0 300 0 0 550 0 550 -300 0 -300 0 0 -550z"/><path class="sym-line" fill="black" d="M0 750 l0 -750 750 0 750 0 0 750 0 750 -750 0 -750 0 0 -750z m800 0 l0 -550 -300 0 -300 0 0 550 0 550 300 0 300 0 0 -550z"/></g></svg>
  <svg x='486' y='522'><g transform="translate(0.0,15.0) scale(0.01,-0.01)"><path class="sym-fill" fill="white" d="M700 750 l0 -550 300 0 300 0 0 550 0 550 -300 0 -300 0 0 -550z"/><path class="sym-line" fill="black" d="M0 750 l0 -750 750 0 750 0 0 750 0 750 -750 0 -750 0 0 -750z m1300 0 l0 -550 -300 0 -300 0 0 550 0 550 300 0 300 0 0 -550z"/></g></svg>
  <svg x='504' y='524'><g transform="translate(-0.221878406359,10.7500002304) scale(0.0103429235226,-0.00963778430032)"><path class="sym-line" fill="black" d="M430 895 l0 -205 -37 23 c-21 13 -95 61 -165 105 l-128 82 -36 -71 c-19 -40 -32 -75 -27 -79 4 -3 74 -48 156 -99 81 -51 147 -97 147 -101 0 -4 -66 -50 -147 -101 -82 -51 -152 -96 -156 -99 -5 -4 8 -39 27 -79 l36 -71 128 82 c70 44 144 92 165 105 l37 23 0 -205 0 -205 70 0 70 0 0 205 0 205 38 -23 c20 -13 94 -61 164 -105 l128 -82 36 71 c19 40 32 75 27 79 -4 3 -74 48 -155 99 -82 51 -148 97 -148 101 0 4 66 50 148 101 81 51 151 96 155 99 5 4 -8 39 -27 79 l-36 71 -128 -82 c-70 -44 -144 -92 -164 -105 l-38 -23 0 205 0 205 -70 0 -70 0 0 -205z"/></g></svg>
  <svg x='516' y='498'><g transform="translate(-0.0674515882592,14.0731065957) scale(0.00985915292844,-0.0101494544892)"><path class="sym-fill" fill="white" d="M438 684 c-150 -157 -274 -290 -276 -294 -2 -5 43 -56 100 -114 l103 -106 272 288 c149 158 273 290 275 293 2 4 -43 54 -99 112 l-102 106 -273 -285z"/><path class="sym-line" fill="black" d="M346 1348 c10 -13 63 -69 117 -124 91 -94 98 -104 86 -121 -8 -11 -129 -140 -269 -287 -140 -146 -256 -272 -258 -279 -1 -7 28 -42 65 -79 l68 -68 274 288 c150 158 276 288 280 290 4 1 53 -47 109 -107 l101 -109 -274 -288 c-151 -159 -275 -292 -275 -296 0 -12 122 -138 134 -138 6 0 133 128 281 285 l270 286 122 -128 122 -128 1 513 0 512 -487 0 -486 0 19 -22z"/></g></svg>
  <svg x='471' y='511'><g transform="translate(-0.0515675887627,13.9964478699) scale(0.0100651361624,-0.00989143597848)"><path class="sym-fill" fill="white" d="M130 953 c0 -185 4 -333 8 -327 5 5 140 154 300 331 161 177 292 325 292 328 0 3 -135 5 -300 5 l-300 0 0 -337z M496 873 l-96 -107 23 -25 c13 -14 133 -147 267 -296 134 -148 246 -271 249 -272 3 -2 50 47 105 107 l98 111 -39 42 c-21 23 -141 156 -267 295 -125 138 -232 252 -236 252 -5 0 -51 -48 -104 -107z"/><path class="sym-line" fill="black" d="M20 875 c0 -289 3 -525 8 -524 4 0 59 58 122 129 63 71 115 128 116 127 26 -36 529 -582 536 -582 6 0 39 32 74 71 l63 70 -269 298 c-149 163 -270 299 -270 303 0 9 194 221 201 220 3 -1 127 -136 274 -299 l269 -297 60 66 c34 36 64 71 68 77 4 7 -100 130 -258 305 -146 160 -264 296 -262 301 2 5 51 62 111 128 59 66 107 123 107 126 0 3 -214 6 -475 6 l-475 0 0 -525z m624 308 c-53 -60 -189 -210 -302 -335 -113 -126 -210 -228 -214 -228 -4 0 -8 151 -8 335 l0 335 311 0 311 0 -98 -107z"/></g></svg>
  <svg x='527' y='471'><g transform="translate(-0.0594657001311,30.7516384396) scale(0.00991707416583,-0.00987200030311)"><path class="sym-fill" fill="white" d="M1063 1761 l-143 -148 0 -706 0 -707 145 0 145 0 0 855 c0 470 -1 855 -2 854 -2 -1 -67 -67 -145 -148z"/><path class="sym-line" fill="black" d="M1110 2603 l-1 -498 -74 -78 -74 -77 -213 375 c-117 206 -217 374 -222 375 -12 0 -176 -93 -176 -100 1 -3 104 -185 230 -405 l229 -400 -45 -45 -44 -46 0 -104 -1 -105 -272 278 c-150 152 -277 277 -284 277 -6 0 -41 -32 -77 -72 l-65 -71 269 -276 c148 -152 305 -312 349 -356 l81 -80 0 -597 0 -598 495 0 495 0 0 297 0 298 295 295 c162 163 295 302 295 309 0 16 -119 141 -134 141 -6 0 -111 -100 -233 -222 l-223 -223 0 406 0 405 -44 43 -43 43 223 392 c123 216 226 399 229 407 6 16 -151 113 -170 105 -6 -2 -102 -163 -213 -357 -111 -195 -207 -361 -212 -369 -8 -12 -24 -1 -85 60 l-75 74 0 498 0 498 -105 0 -105 0 0 -497z m110 -1543 l0 -860 -150 0 -150 0 0 712 0 713 147 147 c81 82 149 148 150 148 2 0 3 -387 3 -860z"/></g></svg>
  <svg x='449' y='486'><g transform="translate(0.169377282955,30.7516384396) scale(0.00990025187962,-0.00987200030311)"><path class="sym-fill" fill="white" d="M1090 1056 l0 -856 145 0 145 0 0 708 -1 707 -144 149 -145 149 0 -857z"/><path class="sym-line" fill="black" d="M980 2602 l0 -498 -75 -74 c-61 -61 -77 -72 -85 -60 -5 8 -101 174 -212 369 -111 194 -207 355 -213 357 -11 5 -174 -86 -175 -96 0 -3 103 -185 229 -405 l229 -400 -44 -45 -44 -46 0 -404 0 -405 -223 223 c-122 122 -227 222 -234 222 -6 0 -39 -31 -73 -70 l-62 -70 60 -67 c34 -38 167 -174 296 -303 l236 -235 0 -297 0 -298 495 0 495 0 0 598 0 597 131 130 c72 72 229 232 350 357 l220 227 -67 70 c-36 39 -72 71 -78 71 -6 0 -133 -125 -283 -277 l-272 -278 0 105 -1 104 -44 46 -44 45 229 400 c126 220 228 402 228 405 1 8 -159 100 -172 100 -7 -1 -104 -163 -217 -361 -113 -199 -208 -366 -212 -372 -5 -8 -34 14 -83 63 l-75 74 0 498 0 498 -105 0 -105 0 0 -498z m400 -1689 l0 -713 -150 0 -150 0 0 862 0 863 150 -150 150 -150 0 -712z"/></g></svg>
  <svg x='533' y='462'><g transform="translate(0.0,7.0) scale(0.01,-0.01)"><path class="sym-line" fill="black" d="M463 432 l-463 -267 0 -82 0 -83 600 0 600 0 0 100 0 100 -355 2 -355 3 355 205 355 204 0 43 0 43 -137 0 -138 -1 -462 -267z"/></g></svg>
  <svg x='453' y='476'><g transform="translate(0.0,7.0) scale(0.01,-0.01)"><path class="sym-line" fill="black" d="M0 657 l0 -43 355 -204 355 -205 -355 -3 -355 -2 0 -100 0 -100 600 0 600 0 0 83 0 82 -464 268 -464 267 -136 0 -136 0 0 -43z"/></g></svg>
</svg>