<svg version='1.1' xmlns='http://www.w3.org/2000/svg' width='80' height='101' viewBox='460 449 80 101'>
  <text font-size='0'>AS20301S20301S23109S2311bS2fb00S1f510S1f514S26c08S26c18M540x550S1f510504x535S1f514471x535S26c18467x508S26c08499x508S2fb00490x495S20301506x463S20301474x462S2fb00493x453S23109520x449S2311b460x450</text>
  <svg x='504' y='535'><g transform="translate(0.0,15.0) scale(0.01,-0.01)"><path class="sym-fill" fill="white" d="M200 750 l0 -550 300 0 301 0 -3 101 -3 102 -40 12 c-87 26 -180 108 -225 200 -21 41 -25 65 -25 135 0 70 4 94 25 135 45 92 138 174 225 200 l40 12 3 102 3 101 -301 0 -300 0 0 -550z M783 986 c-87 -28 -154 -100 -174 -190 -36 -161 125 -323 286 -287 98 22 174 98 196 195 25 115 -54 245 -172 280 -62 19 -80 19 -136 2z"/><path class="sym-line" fill="black" d="M0 750 l0 -750 750 0 750 0 0 750 0 750 -750 0 -750 0 0 -750z m800 447 l0 -103 -52 -17 c-115 -37 -204 -136 -234 -260 -16 -62 -16 -72 0 -134 30 -124 119 -223 234 -260 l52 -17 0 -103 0 -103 -300 0 -300 0 0 550 0 550 300 0 300 0 0 -103z m151 -221 c47 -22 102 -77 126 -125 12 -24 18 -58 18 -101 0 -75 -19 -120 -72 -173 -53 -53 -98 -72 -173 -72 -75 0 -120 19 -173 72 -132 132 -83 339 97 410 41 17 132 11 177 -11z"/></g></svg>
  <svg x='471' y='535'><g transform="translate(0.0,15.0) scale(0.01,-0.01)"><path class="sym-fill" fill="white" d="M702 1199 l3 -102 40 -12 c87 -26 180 -108 225 -200 36 -72 36 -198 0 -270 -45 -92 -138 -174 -225 -200 l-40 -12 -3 -102 -3 -101 301 0 300 0 0 550 0 550 -300 0 -301 0 3 -101z M583 986 c-87 -28 -154 -100 -174 -190 -36 -161 125 -323 286 -287 98 22 174 98 196 195 25 115 -54 245 -172 280 -62 19 -80 19 -136 2z"/><path class="sym-line" fill="black" d="M0 750 l0 -750 750 0 750 0 0 750 0 750 -750 0 -750 0 0 -750z m1300 0 l0 -550 -300 0 -300 0 0 103 0 103 53 17 c114 37 203 136 233 260 16 62 16 72 0 134 -30 124 -119 223 -233 260 l-53 17 0 103 0 103 300 0 300 0 0 -550z m-549 226 c47 -22 102 -77 126 -125 12 -24 18 -58 18 -101 0 -75 -19 -120 -72 -173 -53 -53 -98 -72 -173 -72 -75 0 -120 19 -173 72 -132 132 -83 339 97 410 41 17 132 11 177 -11z"/></g></svg>
  <svg x='467' y='508'><g transform="translate(0.199152862387,14.7025292494) scale(0.00981571140639,-0.00970272783292)"><path class="sym-fill" fill="white" d="M470 1125 l-225 -225 455 0 455 0 -225 225 c-124 124 -227 225 -230 225 -3 0 -106 -101 -230 -225z M1773 373 l227 -228 227 228 228 227 -455 0 -455 0 228 -227z"/><path class="sym-line" fill="black" d="M345 1150 l-350 -350 303 0 302 0 0 -350 0 -350 100 0 100 0 0 350 0 350 302 0 303 0 -350 350 c-192 193 -352 350 -355 350 -3 0 -163 -157 -355 -350z m585 -25 l225 -225 -455 0 -455 0 225 225 c124 124 227 225 230 225 3 0 106 -101 230 -225z M1900 1050 l0 -350 -302 0 -303 0 353 -352 352 -353 352 353 353 352 -303 0 -302 0 0 350 0 350 -100 0 -100 0 0 -350z m327 -677 l-227 -228 -227 228 -228 227 455 0 455 0 -228 -227z"/></g></svg>
  <svg x='499' y='508'><g transform="translate(0.199152862387,14.7025292494) scale(0.00981571140639,-0.00970272783292)"><path class="sym-line" fill="black" d="M345 1150 l-350 -350 303 0 302 0 0 -350 0 -350 100 0 100 0 0 350 0 350 302 0 303 0 -350 350 c-192 193 -352 350 -355 350 -3 0 -163 -157 -355 -350z M1900 1050 l0 -350 -302 0 -303 0 353 -352 352 -353 352 353 353 352 -303 0 -302 0 0 350 0 350 -100 0 -100 0 0 -350z"/></g></svg>
  <svg x='490' y='495'><g transform="translate(0.169849905175,5.76208528494) scale(0.0097007872376,-0.00950858679199)"><path class="sym-line" fill="black" d="M552 580 c-226 -60 -429 -239 -518 -459 -13 -33 -27 -73 -30 -90 l-6 -31 60 0 61 0 42 83 c54 103 163 217 264 273 205 113 445 113 650 0 101 -56 210 -170 264 -273 l42 -83 61 0 61 0 -7 31 c-22 111 -99 242 -206 349 -99 99 -217 167 -346 200 -105 27 -289 27 -392 0z"/></g></svg>
  <svg x='506' y='463'><g transform="translate(0.199328273943,20.7485491077) scale(0.00980871680229,-0.00980957695607)"><path class="sym-fill" fill="white" d="M665 1430 l-380 -380 380 -380 380 -380 380 380 380 380 -380 380 -380 380 -380 -380z"/><path class="sym-line" fill="black" d="M520 1575 l-525 -525 525 -525 525 -525 525 525 525 525 -525 525 -525 525 -525 -525z m915 -145 l380 -380 -380 -380 c-209 -209 -384 -380 -390 -380 -6 0 -181 171 -390 380 l-380 380 380 380 c209 209 384 380 390 380 6 0 181 -171 390 -380z"/></g></svg>
  <svg x='474' y='462'><g transform="translate(0.199328273943,20.7485491077) scale(0.00980871680229,-0.00980957695607)"><path class="sym-fill" fill="white" d="M665 1430 l-380 -380 380 -380 380 -380 380 380 380 380 -380 380 -380 380 -380 -380z"/><path class="sym-line" fill="black" d="M520 1575 l-525 -525 525 -525 525 -525 525 525 525 525 -525 525 -525 525 -525 -525z m915 -145 l380 -380 -380 -380 c-209 -209 -384 -380 -390 -380 -6 0 -181 171 -390 380 l-380 380 380 380 c209 209 384 380 390 380 6 0 181 -171 390 -380z"/></g></svg>
  <svg x='493' y='453'><g transform="translate(0.169849905175,5.76208528494) scale(0.0097007872376,-0.00950858679199)"><path class="sym-line" fill="black" d="M552 580 c-226 -60 -429 -239 -518 -459 -13 -33 -27 -73 -30 -90 l-6 -31 60 0 61 0 42 83 c54 103 163 217 264 273 205 113 445 113 650 0 101 -56 210 -170 264 -273 l42 -83 61 0 61 0 -7 31 c-22 111 -99 242 -206 349 -99 99 -217 167 -346 200 -105 27 -289 27 -392 0z"/></g></svg>
  <svg x='520' y='449'><g transform="translate(0.0504024008911,20.9520093363) scale(0.00995912117932,-0.00995134096646)"><path class="sym-fill" fill="white" d="M358 1464 c-120 -130 -218 -239 -218 -242 0 -4 42 -51 93 -106 l92 -98 223 241 224 241 -92 100 c-51 55 -95 100 -99 100 -3 0 -104 -106 -223 -236z M1440 854 c-118 -128 -216 -237 -217 -241 -2 -5 39 -53 90 -107 l93 -99 180 194 c99 107 200 215 223 241 l43 48 -92 100 c-51 55 -95 100 -99 99 -3 0 -103 -106 -221 -235z"/><path class="sym-line" fill="black" d="M232 2081 c2 -6 51 -61 109 -123 l106 -114 -218 -234 c-120 -129 -218 -239 -219 -243 0 -5 27 -39 61 -76 l61 -68 163 176 c89 97 191 206 226 243 l64 68 90 -100 c50 -55 90 -105 90 -110 0 -5 -98 -115 -217 -244 -120 -130 -218 -239 -218 -243 0 -5 29 -37 64 -72 l63 -63 219 236 c120 130 221 236 224 236 3 0 52 -52 109 -115 58 -63 108 -115 113 -115 4 0 8 218 8 485 l0 485 -451 0 c-277 0 -449 -4 -447 -9z M1311 997 c-118 -127 -217 -233 -221 -235 -3 -1 -53 49 -110 113 -58 63 -108 115 -112 115 -5 0 -8 -218 -8 -485 l0 -485 450 0 c248 0 450 3 450 6 0 4 -49 59 -110 124 l-109 117 220 238 c121 131 218 241 217 245 -2 4 -30 37 -63 73 l-61 65 -224 -244 c-123 -134 -227 -240 -231 -236 -114 123 -179 196 -179 203 0 4 91 106 201 226 111 120 211 228 221 239 19 22 19 22 -42 88 -34 36 -65 66 -69 66 -3 0 -102 -105 -220 -233z"/></g></svg>
  <svg x='460' y='450'><g transform="translate(-0.0476524820549,19.9718517024) scale(0.0099517703023,-0.0099587913638)"><path class="sym-fill" fill="white" d="M1116 1767 l-99 -92 242 -223 242 -224 100 93 c55 50 98 95 97 100 -4 11 -468 439 -476 439 -4 0 -51 -42 -106 -93z M1669 1257 l-305 -282 304 -3 c168 -1 307 -1 309 1 2 2 2 131 1 285 l-3 282 -306 -283z M130 754 l0 -287 53 49 c28 27 166 154 304 283 139 128 253 235 253 237 0 2 -137 4 -305 4 l-305 0 0 -286z M506 687 l-99 -92 64 -61 c35 -33 129 -120 209 -194 80 -74 159 -147 177 -163 l32 -30 101 93 101 93 -28 29 c-38 41 -442 412 -451 416 -4 1 -52 -40 -106 -91z"/><path class="sym-line" fill="black" d="M1288 1929 l-66 -61 243 -224 244 -225 -102 -95 c-56 -52 -105 -93 -109 -92 -4 2 -111 99 -238 216 -126 117 -236 215 -243 217 -7 3 -41 -23 -76 -58 l-63 -64 198 -184 c109 -101 217 -200 238 -220 l40 -37 -74 -69 c-41 -38 -94 -86 -117 -107 -24 -21 -43 -42 -43 -47 0 -5 211 -9 485 -9 l485 0 0 451 c0 273 -4 449 -9 447 -5 -1 -59 -49 -120 -106 -61 -57 -115 -102 -120 -100 -6 2 -113 99 -240 216 -126 116 -233 212 -238 212 -4 -1 -38 -28 -75 -61z m699 -956 c-2 -2 -144 -2 -315 -1 l-312 3 313 289 312 288 3 -287 c1 -159 1 -290 -1 -292z M20 690 c0 -413 3 -475 24 -441 3 4 54 54 114 109 l109 101 238 -220 c131 -121 241 -218 245 -217 4 2 36 30 72 63 l65 60 -243 225 c-186 172 -241 227 -231 236 6 6 51 48 100 92 48 45 91 82 96 82 5 0 116 -99 246 -220 l238 -219 36 28 c20 16 52 45 71 65 34 36 34 36 15 55 -11 10 -117 108 -235 216 -118 109 -215 202 -215 207 0 4 50 53 110 109 61 56 111 106 113 110 2 5 -212 9 -482 9 l-486 0 0 -450z m664 287 c-38 -35 -177 -164 -309 -285 -131 -122 -243 -222 -247 -222 -4 0 -8 128 -8 285 l0 285 316 0 316 0 -68 -63z"/></g></svg>
</svg>