<svg version='1.1' xmlns='http://www.w3.org/2000/svg' width='98' height='90' viewBox='452 482 98 90'>
  <text font-size='0'>AS20300S20304S26505S26513S14c50S14c58S2fb04S30004M550x572S30004482x482S20300501x518S20304482x518S14c58452x537S14c50526x540S26505512x537S26513476x536S2fb04494x566</text>
  <svg x='482' y='482'><g transform="translate(0.149874875465,34.7500790925) scale(0.00988906872676,-0.00988956850125)"><path class="sym-line" fill="black" d="M1528 3484 c-592 -92 -1088 -447 -1348 -963 -125 -249 -180 -485 -180 -771 0 -480 183 -911 529 -1242 350 -336 780 -508 1271 -508 451 0 864 150 1193 434 326 281 517 620 591 1051 21 121 21 409 0 530 -43 252 -114 444 -237 639 -282 453 -741 750 -1284 831 -127 19 -413 18 -535 -1z m607 -173 c583 -126 1038 -523 1224 -1069 59 -173 75 -277 75 -492 0 -165 -3 -211 -22 -300 -107 -494 -416 -893 -866 -1117 -37 -19 -69 -33 -71 -31 -1 2 -18 29 -38 60 -94 149 -268 273 -445 319 -101 26 -279 26 -378 0 -205 -53 -367 -177 -479 -366 -10 -16 -16 -15 -75 15 -473 236 -792 664 -881 1180 -17 97 -17 383 0 480 99 576 495 1050 1043 1250 105 38 177 58 303 81 143 26 467 21 610 -10z m-157 -2796 c80 -25 167 -76 234 -137 50 -45 111 -129 101 -139 -12 -11 -155 -46 -263 -64 -125 -20 -371 -20 -498 1 -92 14 -247 50 -264 60 -23 14 101 152 189 211 136 92 339 119 501 68z"/></g></svg>
  <svg x='501' y='518'><g transform="translate(0.0,15.0) scale(0.01,-0.01)"><path class="sym-fill" fill="white" d="M200 750 l0 -550 550 0 550 0 0 550 0 550 -550 0 -550 0 0 -550z"/><path class="sym-line" fill="black" d="M0 750 l0 -750 750 0 750 0 0 750 0 750 -750 0 -750 0 0 -750z m1300 0 l0 -550 -550 0 -550 0 0 550 0 550 550 0 550 0 0 -550z"/></g></svg>
  <svg x='482' y='518'><g transform="translate(0.0,15.0) scale(0.01,-0.01)"><path class="sym-fill" fill="white" d="M200 750 l0 -550 550 0 550 0 0 550 0 550 -550 0 -550 0 0 -550z"/><path class="sym-line" fill="black" d="M0 750 l0 -750 750 0 750 0 0 750 0 750 -750 0 -750 0 0 -750z m1300 0 l0 -550 -550 0 -550 0 0 550 0 550 550 0 550 0 0 -550z"/></g></svg>
  <svg x='452' y='537'><g transform="translate(-0.0476480274918,30.7516384396) scale(0.00989475189514,-0.00987200030311)"><path class="sym-line" fill="black" d="M1160 2670 c0 -236 3 -430 7 -430 4 0 29 21 55 47 l48 47 48 -47 c26 -26 51 -47 55 -47 4 0 7 194 7 430 l0 430 -110 0 -110 0 0 -430z M453 2653 c-46 -26 -83 -50 -83 -55 0 -9 407 -698 421 -713 9 -9 159 130 159 147 0 16 -395 668 -405 668 -5 0 -47 -21 -92 -47z M1779 2358 c-112 -188 -205 -346 -207 -352 -1 -6 33 -44 77 -84 l80 -72 132 222 c72 123 172 290 220 372 49 82 89 152 89 155 0 8 -164 101 -178 101 -5 0 -101 -154 -213 -342z M1003 1952 l-253 -248 0 -852 0 -852 520 0 520 0 0 853 -1 852 -255 248 c-141 136 -261 247 -267 246 -7 0 -126 -111 -264 -247z M92 1977 l-72 -73 311 -302 c172 -166 316 -302 321 -302 4 0 8 63 8 141 l0 141 -236 231 c-130 128 -242 233 -248 235 -6 1 -44 -30 -84 -71z M2067 1167 l-187 -182 0 -142 c0 -79 4 -143 8 -143 4 0 122 112 262 249 l255 249 -75 75 -75 75 -188 -181z"/></g></svg>
  <svg x='526' y='540'><g transform="translate(0.201198550476,30.7516384396) scale(0.00988990203709,-0.00987200030311)"><path class="sym-line" fill="black" d="M1020 2670 c0 -236 3 -430 7 -430 4 0 29 21 55 47 l48 47 48 -47 c26 -26 51 -47 55 -47 4 0 7 194 7 430 l0 430 -110 0 -110 0 0 -430z M313 2652 c-52 -29 -81 -52 -78 -60 3 -7 102 -177 221 -378 l216 -365 71 64 c39 35 75 70 80 78 7 11 -44 105 -196 359 -113 190 -211 346 -219 347 -7 2 -50 -19 -95 -45z M1650 2373 c-107 -180 -196 -331 -198 -337 -4 -18 146 -162 157 -151 16 16 421 703 421 714 0 9 -160 101 -177 101 -5 0 -96 -147 -203 -327z M867 1953 l-256 -248 0 -852 -1 -853 520 0 520 0 0 853 0 853 -254 247 c-140 136 -259 247 -264 247 -5 0 -124 -111 -265 -247z M1978 1814 l-238 -235 0 -140 c0 -79 4 -139 9 -139 5 0 150 136 321 302 l311 302 -73 73 c-40 40 -77 73 -83 73 -5 0 -117 -106 -247 -236z M69 1273 l-74 -75 255 -249 c140 -137 258 -249 263 -249 4 0 7 65 7 144 l0 143 -188 181 -189 181 -74 -76z"/></g></svg>
  <svg x='512' y='537'><g transform="translate(0.201449840713,12.7676076804) scale(0.00987988174105,-0.00992219549537)"><path class="sym-line" fill="black" d="M75 1190 l-80 -80 318 -318 317 -317 -237 -238 -238 -237 558 0 557 0 0 557 0 558 -235 -235 -235 -235 -313 313 c-171 171 -317 312 -322 312 -6 0 -46 -36 -90 -80z"/></g></svg>
  <svg x='476' y='536'><g transform="translate(0.149997363587,13.047291644) scale(0.00988294432064,-0.00992219549537)"><path class="sym-fill" fill="white" d="M120 505 l0 -355 357 0 358 0 -355 355 c-195 195 -356 355 -357 355 -2 0 -3 -160 -3 -355z"/><path class="sym-line" fill="black" d="M790 985 l-315 -315 -237 237 -238 238 0 -558 0 -557 557 0 558 0 -235 235 -235 235 315 315 315 315 -85 85 -85 85 -315 -315z m-305 -485 l360 -360 -363 0 -362 0 0 360 c0 198 1 360 3 360 1 0 164 -162 362 -360z"/></g></svg>
  <svg x='494' y='566'><g transform="translate(0.178125321737,5.7484375) scale(0.00969593203301,-0.00933333333333)"><path class="sym-line" fill="black" d="M4 569 c22 -111 99 -242 206 -349 151 -151 320 -220 540 -220 220 0 389 69 540 220 107 107 184 238 206 349 l7 31 -61 0 -61 0 -42 -82 c-54 -104 -163 -218 -264 -274 -154 -85 -340 -108 -501 -61 -176 51 -331 177 -413 335 l-42 82 -61 0 -61 0 7 -31z"/></g></svg>
</svg>