<svg version='1.1' xmlns='http://www.w3.org/2000/svg' width='109' height='124' viewBox='445 438 109 124'>
  <text font-size='0'>AS20311S20319S28900S28918S20500S20500S2fb00S2fb00S37903S3790bM554x562S2fb00484x438S2fb00491x438S20500490x447S28900502x455S20500490x477S28918470x484S20311496x488S20319481x512S37903515x500S3790b445x523</text>
  <svg x='484' y='438'><g transform="translate(0.169849905175,5.76208528494) scale(0.0097007872376,-0.00950858679199)"><path class="sym-line" fill="black" d="M552 580 c-226 -60 -429 -239 -518 -459 -13 -33 -27 -73 -30 -90 l-6 -31 60 0 61 0 42 83 c54 103 163 217 264 273 205 113 445 113 650 0 101 -56 210 -170 264 -273 l42 -83 61 0 61 0 -7 31 c-22 111 -99 242 -206 349 -99 99 -217 167 -346 200 -105 27 -289 27 -392 0z"/></g></svg>
  <svg x='491' y='438'><g transform="translate(0.169849905175,5.76208528494) scale(0.0097007872376,-0.00950858679199)"><path class="sym-line" fill="black" d="M552 580 c-226 -60 -429 -239 -518 -459 -13 -33 -27 -73 -30 -90 l-6 -31 60 0 61 0 42 83 c54 103 163 217 264 273 205 113 445 113 650 0 101 -56 210 -170 264 -273 l42 -83 61 0 61 0 -7 31 c-22 111 -99 242 -206 349 -99 99 -217 167 -346 200 -105 27 -289 27 -392 0z"/></g></svg>
  <svg x='490' y='447'><g transform="translate(-0.221878406359,10.7500002304) scale(0.0103429235226,-0.00963778430032)"><path class="sym-line" fill="black" d="M430 895 l0 -205 -37 23 c-21 13 -95 61 -165 105 l-128 82 -36 -71 c-19 -40 -32 -75 -27 -79 4 -3 74 -48 156 -99 81 -51 147 -97 147 -101 0 -4 -66 -50 -147 -101 -82 -51 -152 -96 -156 -99 -5 -4 8 -39 27 -79 l36 -71 128 82 c70 44 144 92 165 105 l37 23 0 -205 0 -205 70 0 70 0 0 205 0 205 38 -23 c20 -13 94 -61 164 -105 l128 -82 36 71 c19 40 32 75 27 79 -4 3 -74 48 -155 99 -82 51 -148 97 -148 101 0 4 66 50 148 101 81 51 151 96 155 99 5 4 -8 39 -27 79 l-36 71 -128 -82 c-70 -44 -144 -92 -164 -105 l-38 -23 0 205 0 205 -70 0 -70 0 0 -205z"/></g></svg>
  <svg x='502' y='455'><g transform="translate(0.0,29.0) scale(0.01,-0.01)"><path class="sym-fill" fill="white" d="M603 2298 l-143 -142 189 -191 c172 -174 192 -197 230 -275 94 -193 94 -387 0 -580 -40 -82 -53 -97 -360 -405 l-319 -320 143 -143 142 -142 321 322 c377 380 423 440 489 648 72 226 72 432 0 660 -59 187 -137 298 -377 537 l-173 173 -142 -142z"/><path class="sym-line" fill="black" d="M0 2298 l0 -603 175 175 175 175 160 -160 c89 -88 177 -183 196 -211 107 -155 114 -356 18 -523 -15 -26 -159 -179 -325 -346 -165 -166 -299 -305 -299 -311 0 -5 23 -32 50 -59 l50 -50 296 295 c325 325 376 389 420 523 23 69 27 100 27 197 0 97 -4 128 -27 196 -39 122 -90 191 -284 387 l-177 177 140 140 c77 77 143 139 147 138 17 -7 355 -348 395 -400 278 -362 283 -890 13 -1259 -22 -30 -180 -194 -352 -366 l-313 -312 50 -51 c27 -27 54 -50 60 -50 5 0 153 143 327 318 382 383 438 457 516 687 43 125 62 246 62 395 0 149 -19 270 -62 395 -71 208 -145 315 -391 562 l-192 193 175 175 175 175 -603 0 -602 0 0 -602z"/></g></svg>
  <svg x='490' y='477'><g transform="translate(-0.221878406359,10.7500002304) scale(0.0103429235226,-0.00963778430032)"><path class="sym-line" fill="black" d="M430 895 l0 -205 -37 23 c-21 13 -95 61 -165 105 l-128 82 -36 -71 c-19 -40 -32 -75 -27 -79 4 -3 74 -48 156 -99 81 -51 147 -97 147 -101 0 -4 -66 -50 -147 -101 -82 -51 -152 -96 -156 -99 -5 -4 8 -39 27 -79 l36 -71 128 82 c70 44 144 92 165 105 l37 23 0 -205 0 -205 70 0 70 0 0 205 0 205 38 -23 c20 -13 94 -61 164 -105 l128 -82 36 71 c19 40 32 75 27 79 -4 3 -74 48 -155 99 -82 51 -148 97 -148 101 0 4 66 50 148 101 81 51 151 96 155 99 5 4 -8 39 -27 79 l-36 71 -128 -82 c-70 -44 -144 -92 -164 -105 l-38 -23 0 205 0 205 -70 0 -70 0 0 -205z"/></g></svg>
  <svg x='470' y='484'><g transform="translate(0.0,29.0) scale(0.01,-0.01)"><path class="sym-fill" fill="white" d="M970 2375 c234 -234 426 -425 427 -425 2 0 3 191 3 425 l0 425 -427 0 -428 0 425 -425z M564 2248 c-236 -239 -299 -330 -359 -518 -72 -226 -72 -434 0 -660 66 -208 112 -268 489 -648 l321 -322 142 142 143 143 -319 320 c-307 308 -320 323 -360 405 -94 193 -94 387 0 580 38 78 58 101 230 275 l189 191 -143 142 -143 142 -190 -192z"/><path class="sym-line" fill="black" d="M470 2725 l175 -175 -192 -193 c-246 -247 -320 -354 -391 -562 -43 -125 -62 -246 -62 -395 0 -149 19 -270 62 -395 78 -230 134 -304 516 -688 174 -174 322 -317 327 -317 6 0 33 23 60 50 l50 51 -313 312 c-172 172 -330 336 -352 366 -270 369 -265 897 13 1259 40 52 378 393 395 400 4 1 70 -61 147 -138 l140 -140 -177 -177 c-194 -196 -245 -265 -284 -387 -23 -68 -27 -99 -27 -196 0 -97 4 -128 27 -197 44 -134 95 -198 420 -523 l296 -295 50 50 c27 27 50 54 50 59 0 6 -134 145 -299 311 -166 167 -310 320 -325 346 -96 167 -89 368 18 523 19 28 107 123 196 211 l160 160 175 -175 175 -175 0 603 0 602 -602 0 -603 0 175 -175z m930 -350 c0 -234 -1 -425 -3 -425 -1 0 -193 191 -427 425 l-425 425 428 0 427 0 0 -425z"/></g></svg>
  <svg x='496' y='488'><g transform="translate(0.199328273943,20.7485491077) scale(0.00980871680229,-0.00980957695607)"><path class="sym-fill" fill="white" d="M490 1255 l-205 -205 380 -380 380 -380 207 207 208 208 -377 377 c-208 208 -380 378 -383 378 -3 0 -97 -92 -210 -205z"/><path class="sym-line" fill="black" d="M520 1575 l-525 -525 525 -525 525 -525 525 525 525 525 -525 525 -525 525 -525 -525z m740 -1080 c-113 -113 -209 -205 -215 -205 -6 0 -181 171 -390 380 l-380 380 210 210 210 210 385 -385 385 -385 -205 -205z"/></g></svg>
  <svg x='481' y='512'><g transform="translate(0.0997015518904,20.7485491077) scale(0.00981057662724,-0.00980957695607)"><path class="sym-fill" fill="white" d="M1017 1082 l-377 -377 208 -208 207 -207 380 380 380 380 -205 205 c-113 113 -207 205 -210 205 -3 0 -175 -170 -383 -378z"/><path class="sym-line" fill="black" d="M530 1575 l-525 -525 525 -525 525 -525 525 525 525 525 -525 525 -525 525 -525 -525z m915 -905 c-209 -209 -384 -380 -390 -380 -6 0 -102 92 -215 205 l-205 205 385 385 385 385 210 -210 210 -210 -380 -380z"/></g></svg>
  <svg x='515' y='500'><g transform="translate(-0.0515625159775,38.9525575939) scale(0.0100002045116,-0.00999985525067)"><path class="sym-line" fill="black" d="M107 3792 c-48 -48 -87 -92 -87 -97 0 -13 3662 -3675 3675 -3675 13 0 185 172 185 185 0 13 -3662 3675 -3675 3675 -6 0 -50 -39 -98 -88z"/></g></svg>
  <svg x='445' y='523'><g transform="translate(-0.0515625159775,38.9525575939) scale(0.0100002045116,-0.00999985525067)"><path class="sym-line" fill="black" d="M1852 2047 c-1007 -1007 -1832 -1837 -1832 -1842 0 -13 172 -185 185 -185 13 0 3675 3662 3675 3675 0 13 -172 185 -185 185 -6 0 -835 -825 -1843 -1833z"/></g></svg>
</svg>