<svg version='1.1' xmlns='http://www.w3.org/2000/svg' width='30' height='193' viewBox='485 403 30 193'>
  <text font-size='0'>AS20320S11502S17620S11a20S1fb20S16d20S11520S1fb20M515x596S20320496x403S11502485x422S17620494x441S11a20496x462S1fb20497x495S16d20496x518S11520498x544S1fb20499x577</text>
  <svg x='496' y='403'><g transform="translate(0.0,15.0) scale(0.01,-0.01)"><path class="sym-line" fill="black" d="M0 750 l0 -750 750 0 750 0 0 750 0 750 -750 0 -750 0 0 -750z"/></g></svg>
  <svg x='485' y='422'><g transform="translate(0.0,15.0) scale(0.01,-0.01)"><path class="sym-fill" fill="white" d="M1700 750 l0 -550 550 0 550 0 0 550 0 550 -550 0 -550 0 0 -550z"/><path class="sym-line" fill="black" d="M300 1400 l0 -100 600 0 600 0 0 -150 0 -150 -750 0 -750 0 0 -100 0 -100 750 0 750 0 0 -400 0 -400 750 0 750 0 0 750 0 750 -1350 0 -1350 0 0 -100z m2500 -650 l0 -550 -550 0 -550 0 0 550 0 550 550 0 550 0 0 -550z"/></g></svg>
  <svg x='494' y='441'><g transform="translate(0.0996925829584,15.7992338797) scale(0.00981117768656,-0.00980419842474)"><path class="sym-line" fill="black" d="M670 1594 c-235 -45 -460 -214 -578 -434 -73 -135 -87 -195 -87 -360 0 -125 3 -155 23 -215 88 -265 292 -469 557 -557 60 -20 90 -23 215 -23 125 0 155 3 215 23 265 88 469 292 557 557 20 60 23 90 23 215 0 125 -3 155 -23 215 -71 214 -218 389 -413 494 -125 67 -187 83 -334 86 -71 2 -141 1 -155 -1z"/></g></svg>
  <svg x='496' y='462'><g transform="translate(0.0,30.0) scale(0.01,-0.01)"><path class="sym-line" fill="black" d="M600 2552 l0 -447 -300 -300 -300 -300 0 -752 0 -753 750 0 750 0 0 750 0 750 -350 0 -350 0 0 253 0 252 255 255 c140 140 255 257 255 260 0 3 -34 36 -76 74 l-76 69 -179 -179 -179 -179 0 348 0 347 -100 0 -100 0 0 -448z m0 -902 l0 -150 -152 0 -153 0 150 150 c82 83 151 150 152 150 2 0 3 -67 3 -150z"/></g></svg>
  <svg x='497' y='495'><g transform="translate(0.0,19.0) scale(0.01,-0.01)"><path class="sym-line" fill="black" d="M300 1700 l0 -200 -150 0 -150 0 0 -750 0 -750 750 0 750 0 0 750 0 750 -400 0 -400 0 0 200 0 200 -200 0 -200 0 0 -200z"/></g></svg>
  <svg x='496' y='518'><g transform="translate(0.180759557901,19.7524059778) scale(0.00975093803673,-0.00984567638089)"><path class="sym-line" fill="black" d="M665 1984 c-138 -28 -274 -87 -370 -161 -102 -79 -200 -219 -246 -350 -26 -76 -49 -184 -49 -234 l0 -39 105 0 105 0 0 29 c0 71 53 160 130 216 102 75 283 130 467 142 l93 6 0 -691 0 -692 -78 0 c-239 0 -482 72 -603 179 -50 44 -109 144 -109 185 0 25 -2 26 -56 26 l-57 0 5 -69 c10 -135 103 -277 240 -364 161 -103 411 -166 660 -167 347 0 578 136 713 421 71 152 78 196 83 559 4 350 -1 411 -45 533 -82 229 -266 388 -528 458 -104 28 -354 35 -460 13z"/></g></svg>
  <svg x='498' y='544'><g transform="translate(0.0,30.0) scale(0.01,-0.01)"><path class="sym-line" fill="black" d="M500 2250 l0 -750 -150 0 -150 0 0 600 0 600 -100 0 -100 0 0 -1350 0 -1350 750 0 750 0 0 750 0 750 -400 0 -400 0 0 750 0 750 -100 0 -100 0 0 -750z"/></g></svg>
  <svg x='499' y='577'><g transform="translate(0.0,19.0) scale(0.01,-0.01)"><path class="sym-line" fill="black" d="M300 1700 l0 -200 -150 0 -150 0 0 -750 0 -750 750 0 750 0 0 750 0 750 -400 0 -400 0 0 200 0 200 -200 0 -200 0 0 -200z"/></g></svg>
</svg>