<svg version='1.1' xmlns='http://www.w3.org/2000/svg' width='74' height='76' viewBox='463 462 74 76'>
  <text font-size='0'>AS20356S18d20S10120S20500S20500S22a00S22a04S37a06S37702M537x538S20356522x515S37a06474x522S37702463x500S18d20472x495S20500479x527S20500506x526S10120504x462S22a00477x474S22a04504x498</text>
  <svg x='522' y='515'><g transform="translate(0.0,15.0) scale(0.01,-0.01)"><path class="sym-fill" fill="white" d="M800 750 l0 -750 150 0 150 0 0 750 0 750 -150 0 -150 0 0 -750z"/><path class="sym-line" fill="black" d="M0 750 l0 -750 400 0 400 0 0 750 0 750 -400 0 -400 0 0 -750z M1100 750 l0 -750 200 0 200 0 0 750 0 750 -200 0 -200 0 0 -750z"/></g></svg>
  <svg x='474' y='522'><g transform="translate(0.0,2.0) scale(0.01,-0.01)"><path class="sym-line" fill="black" d="M0 100 l0 -100 2400 0 2400 0 0 100 0 100 -2400 0 -2400 0 0 -100z"/></g></svg>
  <svg x='463' y='500'><g transform="translate(-0.227504542867,24.3926056804) scale(0.010218912563,-0.0103547731019)"><path class="sym-line" fill="black" d="M114 2293 c-38 -25 -73 -49 -77 -53 -5 -4 236 -496 535 -1094 l543 -1086 78 52 c42 28 77 54 77 58 0 5 -244 494 -543 1089 l-543 1080 -70 -46z"/></g></svg>
  <svg x='472' y='495'><g transform="translate(-0.059479313744,24.7539235506) scale(0.0099046274341,-0.00988018118416)"><path class="sym-line" fill="black" d="M411 2424 c-34 -37 -61 -71 -61 -75 0 -7 534 -573 724 -766 l81 -83 -155 1 -155 0 -340 359 c-187 198 -345 359 -351 360 -12 0 -134 -134 -133 -147 0 -4 123 -136 274 -293 l274 -285 1 -747 0 -748 715 0 715 0 0 754 0 754 -467 491 c-257 270 -472 491 -479 491 -7 0 -40 -32 -74 -71 l-63 -70 30 -32 c61 -66 639 -675 707 -744 l70 -73 -144 0 -145 1 -470 494 c-259 272 -475 495 -482 495 -6 0 -39 -30 -72 -66z"/></g></svg>
  <svg x='479' y='527'><g transform="translate(-0.221878406359,10.7500002304) scale(0.0103429235226,-0.00963778430032)"><path class="sym-line" fill="black" d="M430 895 l0 -205 -37 23 c-21 13 -95 61 -165 105 l-128 82 -36 -71 c-19 -40 -32 -75 -27 -79 4 -3 74 -48 156 -99 81 -51 147 -97 147 -101 0 -4 -66 -50 -147 -101 -82 -51 -152 -96 -156 -99 -5 -4 8 -39 27 -79 l36 -71 128 82 c70 44 144 92 165 105 l37 23 0 -205 0 -205 70 0 70 0 0 205 0 205 38 -23 c20 -13 94 -61 164 -105 l128 -82 36 71 c19 40 32 75 27 79 -4 3 -74 48 -155 99 -82 51 -148 97 -148 101 0 4 66 50 148 101 81 51 151 96 155 99 5 4 -8 39 -27 79 l-36 71 -128 -82 c-70 -44 -144 -92 -164 -105 l-38 -23 0 205 0 205 -70 0 -70 0 0 -205z"/></g></svg>
  <svg x='506' y='526'><g transform="translate(-0.221878406359,10.7500002304) scale(0.0103429235226,-0.00963778430032)"><path class="sym-line" fill="black" d="M430 895 l0 -205 -37 23 c-21 13 -95 61 -165 105 l-128 82 -36 -71 c-19 -40 -32 -75 -27 -79 4 -3 74 -48 156 -99 81 -51 147 -97 147 -101 0 -4 -66 -50 -147 -101 -82 -51 -152 -96 -156 -99 -5 -4 8 -39 27 -79 l36 -71 128 82 c70 44 144 92 165 105 l37 23 0 -205 0 -205 70 0 70 0 0 205 0 205 38 -23 c20 -13 94 -61 164 -105 l128 -82 36 71 c19 40 32 75 27 79 -4 3 -74 48 -155 99 -82 51 -148 97 -148 101 0 4 66 50 148 101 81 51 151 96 155 99 5 4 -8 39 -27 79 l-36 71 -128 -82 c-70 -44 -144 -92 -164 -105 l-38 -23 0 205 0 205 -70 0 -70 0 0 -205z"/></g></svg>
  <svg x='504' y='462'><g transform="translate(0.148094496523,29.7975477761) scale(0.00978277517384,-0.00988303675869)"><path class="sym-line" fill="black" d="M2 1823 l3 -1178 23 -65 c96 -268 295 -465 557 -552 60 -20 90 -23 215 -23 125 0 155 3 215 23 265 88 469 292 557 557 20 60 23 90 23 215 0 125 -3 155 -23 215 -88 265 -292 469 -557 557 -60 20 -90 23 -215 23 -125 0 -155 -3 -215 -23 -126 -42 -246 -114 -347 -211 l-38 -35 0 837 0 837 -100 0 -100 0 2 -1177z"/></g></svg>
  <svg x='477' y='474'><g transform="translate(0.043463926586,14.7505211307) scale(0.00985915292844,-0.00973472242044)"><path class="sym-fill" fill="white" d="M510 400 l0 -400 140 0 140 0 0 400 0 400 -140 0 -140 0 0 -400z"/><path class="sym-line" fill="black" d="M326 1153 l-315 -348 160 -3 159 -2 0 -400 0 -400 90 0 90 0 0 400 0 400 140 0 140 0 0 -400 0 -400 90 0 90 0 0 400 0 400 159 2 160 3 -315 348 c-174 191 -319 347 -324 347 -5 0 -150 -156 -324 -347z"/></g></svg>
  <svg x='504' y='498'><g transform="translate(0.043463926586,14.7505211307) scale(0.00985915292844,-0.00973472242044)"><path class="sym-fill" fill="white" d="M510 1100 l0 -400 140 0 140 0 0 400 0 400 -140 0 -140 0 0 -400z"/><path class="sym-line" fill="black" d="M330 1100 l0 -400 -159 -2 -160 -3 315 -347 c174 -192 319 -348 324 -348 5 0 150 156 324 348 l315 347 -160 3 -159 2 0 400 0 400 -90 0 -90 0 0 -400 0 -400 -140 0 -140 0 0 400 0 400 -90 0 -90 0 0 -400z"/></g></svg>
</svg>