<svg version='1.1' xmlns='http://www.w3.org/2000/svg' width='145' height='89' viewBox='482 482 145 89'>
  <text font-size='0'>AS20310S22b04S30004S1d451S1d451S26706S22f04S22104S22104M627x571S30004482x482S20310492x520S22b04492x540S1d451553x510S1d451602x511S26706567x541S22f04567x557S22104544x524S22104591x525</text>
  <svg x='482' y='482'><g transform="translate(0.149874875465,34.7500790925) scale(0.00988906872676,-0.00988956850125)"><path class="sym-line" fill="black" d="M1528 3484 c-592 -92 -1088 -447 -1348 -963 -125 -249 -180 -485 -180 -771 0 -480 183 -911 529 -1242 350 -336 780 -508 1271 -508 451 0 864 150 1193 434 326 281 517 620 591 1051 21 121 21 409 0 530 -43 252 -114 444 -237 639 -282 453 -741 750 -1284 831 -127 19 -413 18 -535 -1z m607 -173 c583 -126 1038 -523 1224 -1069 59 -173 75 -277 75 -492 0 -165 -3 -211 -22 -300 -107 -494 -416 -893 -866 -1117 -37 -19 -69 -33 -71 -31 -1 2 -18 29 -38 60 -94 149 -268 273 -445 319 -101 26 -279 26 -378 0 -205 -53 -367 -177 -479 -366 -10 -16 -16 -15 -75 15 -473 236 -792 664 -881 1180 -17 97 -17 383 0 480 99 576 495 1050 1043 1250 105 38 177 58 303 81 143 26 467 21 610 -10z m-157 -2796 c80 -25 167 -76 234 -137 50 -45 111 -129 101 -139 -12 -11 -155 -46 -263 -64 -125 -20 -371 -20 -498 1 -92 14 -247 50 -264 60 -23 14 101 152 189 211 136 92 339 119 501 68z"/></g></svg>
  <svg x='492' y='520'><g transform="translate(0.0,15.0) scale(0.01,-0.01)"><path class="sym-fill" fill="white" d="M200 750 l0 -550 300 0 300 0 0 550 0 550 -300 0 -300 0 0 -550z"/><path class="sym-line" fill="black" d="M0 750 l0 -750 750 0 750 0 0 750 0 750 -750 0 -750 0 0 -750z m800 0 l0 -550 -300 0 -300 0 0 550 0 550 300 0 300 0 0 -550z"/></g></svg>
  <svg x='492' y='540'><g transform="translate(0.198426155669,29.702611239) scale(0.00968892587986,-0.00985139124633)"><path class="sym-fill" fill="white" d="M600 1900 l0 -1100 200 0 200 0 0 1100 0 1100 -200 0 -200 0 0 -1100z"/><path class="sym-line" fill="black" d="M400 1900 l0 -1100 -202 0 -203 0 403 -402 402 -403 402 403 403 402 -203 0 -202 0 0 1100 0 1100 -100 0 -100 0 0 -1100 0 -1100 -200 0 -200 0 0 1100 0 1100 -100 0 -100 0 0 -1100z"/></g></svg>
  <svg x='553' y='510'><g transform="translate(-0.000532375277607,24.9594133528) scale(0.00995173338717,-0.00993540858038)"><path class="sym-line" fill="black" d="M890 2473 c-41 -14 -77 -27 -79 -29 -5 -5 319 -926 330 -939 10 -10 149 121 149 140 0 5 -66 199 -148 430 -101 287 -152 420 -162 422 -8 1 -49 -10 -90 -24z M1510 2047 l0 -192 88 -88 c48 -48 91 -87 95 -87 4 0 7 126 7 280 l0 280 -95 0 -95 0 0 -193z M84 2115 l-69 -65 240 -235 c132 -129 323 -316 425 -414 l185 -178 70 64 70 64 -330 325 c-181 178 -373 364 -426 414 l-96 89 -69 -64z M1246 1355 l-260 -253 260 -256 259 -255 -380 -1 -380 0 130 130 130 130 -67 67 -67 67 -63 -59 c-169 -159 -788 -769 -786 -774 2 -3 32 -34 68 -68 l65 -62 195 189 195 189 580 1 580 0 105 -106 c58 -58 117 -114 133 -125 l27 -20 260 253 c143 139 259 256 257 259 -4 12 -968 949 -975 948 -4 0 -124 -114 -266 -254z"/></g></svg>
  <svg x='602' y='511'><g transform="translate(-0.000532375277607,24.9594133528) scale(0.00995173338717,-0.00993540858038)"><path class="sym-line" fill="black" d="M890 2473 c-41 -14 -77 -27 -79 -29 -5 -5 319 -926 330 -939 10 -10 149 121 149 140 0 5 -66 199 -148 430 -101 287 -152 420 -162 422 -8 1 -49 -10 -90 -24z M1510 2047 l0 -192 88 -88 c48 -48 91 -87 95 -87 4 0 7 126 7 280 l0 280 -95 0 -95 0 0 -193z M84 2115 l-69 -65 240 -235 c132 -129 323 -316 425 -414 l185 -178 70 64 70 64 -330 325 c-181 178 -373 364 -426 414 l-96 89 -69 -64z M1246 1355 l-260 -253 260 -256 259 -255 -380 -1 -380 0 130 130 130 130 -67 67 -67 67 -63 -59 c-169 -159 -788 -769 -786 -774 2 -3 32 -34 68 -68 l65 -62 195 189 195 189 580 1 580 0 105 -106 c58 -58 117 -114 133 -125 l27 -20 260 253 c143 139 259 256 257 259 -4 12 -968 949 -975 948 -4 0 -124 -114 -266 -254z"/></g></svg>
  <svg x='567' y='541'><g transform="translate(0.149797517876,15.6976811299) scale(0.00989293660622,-0.00968799012796)"><path class="sym-line" fill="black" d="M3400 1252 l0 -352 -1700 0 -1700 0 0 -100 0 -100 1700 0 1700 0 0 -352 0 -353 402 403 403 402 -403 402 -402 403 0 -353z"/></g></svg>
  <svg x='567' y='557'><g transform="translate(0.0309481176548,13.7520098667) scale(0.00993924845563,-0.00971683740478)"><path class="sym-fill" fill="white" d="M540 1050 l0 -350 140 0 140 0 0 350 0 350 -140 0 -140 0 0 -350z M1680 1050 l0 -350 140 0 140 0 0 350 0 350 -140 0 -140 0 0 -350z"/><path class="sym-line" fill="black" d="M340 1050 l0 -350 -164 -2 -164 -3 330 -347 c181 -192 333 -348 337 -348 5 0 91 87 192 193 100 105 227 238 281 294 l98 102 281 -295 c155 -162 286 -293 292 -291 6 2 158 158 337 348 l327 344 -163 3 -164 2 0 350 0 350 -100 0 -100 0 0 -350 0 -350 -145 0 -145 0 0 350 0 350 -95 0 -95 0 0 -350 0 -350 -230 0 -230 0 0 350 0 350 -95 0 -95 0 0 -350 0 -350 -145 0 -145 0 0 350 0 350 -100 0 -100 0 0 -350z"/></g></svg>
  <svg x='544' y='524'><g transform="translate(0.150398531432,6.94494141144) scale(0.00966757342839,-0.00970929130205)"><path class="sym-line" fill="black" d="M64 638 c-35 -33 -64 -64 -64 -68 0 -10 589 -550 600 -550 11 0 600 540 600 550 0 11 -127 130 -140 130 -6 0 -110 -90 -231 -200 -121 -110 -224 -200 -229 -200 -5 0 -108 90 -229 200 -121 110 -225 200 -231 200 -7 0 -41 -28 -76 -62z"/></g></svg>
  <svg x='591' y='525'><g transform="translate(0.150398531432,6.94494141144) scale(0.00966757342839,-0.00970929130205)"><path class="sym-line" fill="black" d="M64 638 c-35 -33 -64 -64 -64 -68 0 -10 589 -550 600 -550 11 0 600 540 600 550 0 11 -127 130 -140 130 -6 0 -110 -90 -231 -200 -121 -110 -224 -200 -229 -200 -5 0 -108 90 -229 200 -121 110 -225 200 -231 200 -7 0 -41 -28 -76 -62z"/></g></svg>
</svg>