<svg version='1.1' xmlns='http://www.w3.org/2000/svg' width='117' height='51' viewBox='441 474 117 51'>
  <text font-size='0'>AS20300S20300S14c00S14c08S21b00S21b00S22a14S22a04S2fb04M558x525S20300477x474S20300508x474S14c00516x494S14c08461x492S2fb04492x500S21b00459x482S22a04545x504S22a14441x504S21b00530x480</text>
  <svg x='477' y='474'><g transform="translate(0.0,15.0) scale(0.01,-0.01)"><path class="sym-fill" fill="white" d="M200 750 l0 -550 550 0 550 0 0 550 0 550 -550 0 -550 0 0 -550z"/><path class="sym-line" fill="black" d="M0 750 l0 -750 750 0 750 0 0 750 0 750 -750 0 -750 0 0 -750z m1300 0 l0 -550 -550 0 -550 0 0 550 0 550 550 0 550 0 0 -550z"/></g></svg>
  <svg x='508' y='474'><g transform="translate(0.0,15.0) scale(0.01,-0.01)"><path class="sym-fill" fill="white" d="M200 750 l0 -550 550 0 550 0 0 550 0 550 -550 0 -550 0 0 -550z"/><path class="sym-line" fill="black" d="M0 750 l0 -750 750 0 750 0 0 750 0 750 -750 0 -750 0 0 -750z m1300 0 l0 -550 -550 0 -550 0 0 550 0 550 550 0 550 0 0 -550z"/></g></svg>
  <svg x='516' y='494'><g transform="translate(-0.0594657001311,30.7516384396) scale(0.00991707416583,-0.00987200030311)"><path class="sym-fill" fill="white" d="M1063 1761 l-143 -148 0 -706 0 -707 295 0 295 0 0 708 0 707 -141 148 c-78 81 -146 147 -152 146 -7 -1 -76 -67 -154 -148z"/><path class="sym-line" fill="black" d="M1110 2603 l-1 -498 -74 -78 -74 -77 -213 375 c-117 206 -217 374 -222 375 -12 0 -176 -93 -176 -100 1 -3 104 -185 230 -405 l229 -400 -45 -45 -44 -46 0 -104 -1 -105 -272 278 c-150 152 -277 277 -284 277 -6 0 -41 -32 -77 -72 l-65 -71 269 -276 c148 -152 305 -312 349 -356 l81 -80 0 -597 0 -598 495 0 495 0 0 297 0 298 295 295 c162 163 295 302 295 309 0 16 -119 141 -134 141 -6 0 -111 -100 -233 -222 l-223 -223 0 406 0 405 -44 43 -43 43 223 392 c123 216 226 399 229 407 6 16 -151 113 -170 105 -6 -2 -102 -163 -213 -357 -111 -195 -207 -361 -212 -369 -8 -12 -24 -1 -85 60 l-75 74 0 498 0 498 -105 0 -105 0 0 -497z m400 -1690 l0 -713 -295 0 -295 0 0 712 0 713 147 147 148 148 147 -147 148 -148 0 -712z"/></g></svg>
  <svg x='461' y='492'><g transform="translate(0.169377282955,30.7516384396) scale(0.00990025187962,-0.00987200030311)"><path class="sym-fill" fill="white" d="M932 1761 l-142 -149 0 -706 0 -706 295 0 295 0 0 706 0 706 -141 147 c-78 80 -147 147 -153 149 -7 1 -76 -65 -154 -147z"/><path class="sym-line" fill="black" d="M980 2602 l0 -498 -75 -74 c-61 -61 -77 -72 -85 -60 -5 8 -101 174 -212 369 -111 194 -207 355 -213 357 -11 5 -174 -86 -175 -96 0 -3 103 -185 229 -405 l229 -400 -44 -45 -44 -46 0 -404 0 -405 -223 223 c-122 122 -227 222 -234 222 -6 0 -39 -31 -73 -70 l-62 -70 60 -67 c34 -38 167 -174 296 -303 l236 -235 0 -297 0 -298 495 0 495 0 0 598 0 597 131 130 c72 72 229 232 350 357 l220 227 -67 70 c-36 39 -72 71 -78 71 -6 0 -133 -125 -283 -277 l-272 -278 0 105 -1 104 -44 46 -44 45 229 400 c126 220 228 402 228 405 1 8 -159 100 -172 100 -7 -1 -104 -163 -217 -361 -113 -199 -208 -366 -212 -372 -5 -8 -34 14 -83 63 l-75 74 0 498 0 498 -105 0 -105 0 0 -498z m400 -1689 l0 -713 -295 0 -295 0 0 712 0 713 147 147 148 148 147 -147 148 -148 0 -712z"/></g></svg>
  <svg x='492' y='500'><g transform="translate(0.178125321737,5.7484375) scale(0.00969593203301,-0.00933333333333)"><path class="sym-line" fill="black" d="M4 569 c22 -111 99 -242 206 -349 151 -151 320 -220 540 -220 220 0 389 69 540 220 107 107 184 238 206 349 l7 31 -61 0 -61 0 -42 -82 c-54 -104 -163 -218 -264 -274 -154 -85 -340 -108 -501 -61 -176 51 -331 177 -413 335 l-42 82 -61 0 -61 0 7 -31z"/></g></svg>
  <svg x='459' y='482'><g transform="translate(0.145459417632,7.7569354617) scale(0.00951442013667,-0.00959794917003)"><path class="sym-fill" fill="white" d="M309 572 c-43 -22 -59 -38 -81 -81 -16 -31 -28 -69 -28 -91 0 -22 12 -60 28 -91 22 -43 38 -59 81 -81 68 -36 114 -36 182 0 43 22 59 38 81 81 36 68 36 114 0 182 -22 43 -38 59 -81 81 -31 16 -69 28 -91 28 -22 0 -60 -12 -91 -28z"/><path class="sym-line" fill="black" d="M275 784 c-126 -44 -218 -136 -258 -258 -22 -64 -22 -188 0 -252 56 -169 203 -274 383 -274 180 0 327 105 383 274 22 64 22 188 0 252 -41 122 -134 216 -257 257 -61 21 -195 21 -251 1z m203 -199 c104 -44 151 -167 103 -270 -71 -153 -291 -153 -362 0 -33 72 -19 166 34 224 52 56 151 76 225 46z"/></g></svg>
  <svg x='545' y='504'><g transform="translate(0.043463926586,14.7505211307) scale(0.00985915292844,-0.00973472242044)"><path class="sym-fill" fill="white" d="M510 1100 l0 -400 140 0 140 0 0 400 0 400 -140 0 -140 0 0 -400z"/><path class="sym-line" fill="black" d="M330 1100 l0 -400 -159 -2 -160 -3 315 -347 c174 -192 319 -348 324 -348 5 0 150 156 324 348 l315 347 -160 3 -159 2 0 400 0 400 -90 0 -90 0 0 -400 0 -400 -140 0 -140 0 0 400 0 400 -90 0 -90 0 0 -400z"/></g></svg>
  <svg x='441' y='504'><g transform="translate(0.043463926586,14.7505211307) scale(0.00985915292844,-0.00973472242044)"><path class="sym-fill" fill="white" d="M510 1100 l0 -400 140 0 140 0 0 400 0 400 -140 0 -140 0 0 -400z M277 557 c144 -163 368 -407 373 -407 5 0 229 244 373 407 l39 43 -412 0 -412 0 39 -43z"/><path class="sym-line" fill="black" d="M330 1100 l0 -400 -159 -2 -160 -3 315 -347 c174 -192 319 -348 324 -348 5 0 150 156 324 348 l315 347 -160 3 -159 2 0 400 0 400 -90 0 -90 0 0 -400 0 -400 -140 0 -140 0 0 400 0 400 -90 0 -90 0 0 -400z m714 -522 c-82 -96 -388 -428 -394 -428 -6 0 -312 332 -394 428 l-19 22 413 0 413 0 -19 -22z"/></g></svg>
  <svg x='530' y='480'><g transform="translate(0.145459417632,7.7569354617) scale(0.00951442013667,-0.00959794917003)"><path class="sym-fill" fill="white" d="M309 572 c-43 -22 -59 -38 -81 -81 -16 -31 -28 -69 -28 -91 0 -22 12 -60 28 -91 22 -43 38 -59 81 -81 68 -36 114 -36 182 0 43 22 59 38 81 81 36 68 36 114 0 182 -22 43 -38 59 -81 81 -31 16 -69 28 -91 28 -22 0 -60 -12 -91 -28z"/><path class="sym-line" fill="black" d="M275 784 c-126 -44 -218 -136 -258 -258 -22 -64 -22 -188 0 -252 56 -169 203 -274 383 -274 180 0 327 105 383 274 22 64 22 188 0 252 -41 122 -134 216 -257 257 -61 21 -195 21 -251 1z m203 -199 c104 -44 151 -167 103 -270 -71 -153 -291 -153 -362 0 -33 72 -19 166 34 224 52 56 151 76 225 46z"/></g></svg>
</svg>