<svg version='1.1' xmlns='http://www.w3.org/2000/svg' width='104' height='64' viewBox='448 468 104 64'>
  <text font-size='0'>AS20310S20318S22a03S22a15S14c10S14c18S2f700S2f710M552x532S14c10502x491S14c18477x501S22a03526x484S22a15462x495S20310537x468S20318448x480S2f710482x492S2f700507x481</text>
  <svg x='502' y='491'><g transform="translate(-0.0594657001311,30.7516384396) scale(0.00991707416583,-0.00987200030311)"><path class="sym-fill" fill="white" d="M1063 1761 l-143 -148 0 -706 0 -707 145 0 145 0 0 855 c0 470 -1 855 -2 854 -2 -1 -67 -67 -145 -148z"/><path class="sym-line" fill="black" d="M1110 2603 l-1 -498 -74 -78 -74 -77 -213 375 c-117 206 -217 374 -222 375 -12 0 -176 -93 -176 -100 1 -3 104 -185 230 -405 l229 -400 -45 -45 -44 -46 0 -104 -1 -105 -272 278 c-150 152 -277 277 -284 277 -6 0 -41 -32 -77 -72 l-65 -71 269 -276 c148 -152 305 -312 349 -356 l81 -80 0 -597 0 -598 495 0 495 0 0 297 0 298 295 295 c162 163 295 302 295 309 0 16 -119 141 -134 141 -6 0 -111 -100 -233 -222 l-223 -223 0 406 0 405 -44 43 -43 43 223 392 c123 216 226 399 229 407 6 16 -151 113 -170 105 -6 -2 -102 -163 -213 -357 -111 -195 -207 -361 -212 -369 -8 -12 -24 -1 -85 60 l-75 74 0 498 0 498 -105 0 -105 0 0 -497z m110 -1543 l0 -860 -150 0 -150 0 0 712 0 713 147 147 c81 82 149 148 150 148 2 0 3 -387 3 -860z"/></g></svg>
  <svg x='477' y='501'><g transform="translate(0.169377282955,30.7516384396) scale(0.00990025187962,-0.00987200030311)"><path class="sym-fill" fill="white" d="M1090 1056 l0 -856 145 0 145 0 0 708 -1 707 -144 149 -145 149 0 -857z"/><path class="sym-line" fill="black" d="M980 2602 l0 -498 -75 -74 c-61 -61 -77 -72 -85 -60 -5 8 -101 174 -212 369 -111 194 -207 355 -213 357 -11 5 -174 -86 -175 -96 0 -3 103 -185 229 -405 l229 -400 -44 -45 -44 -46 0 -404 0 -405 -223 223 c-122 122 -227 222 -234 222 -6 0 -39 -31 -73 -70 l-62 -70 60 -67 c34 -38 167 -174 296 -303 l236 -235 0 -297 0 -298 495 0 495 0 0 598 0 597 131 130 c72 72 229 232 350 357 l220 227 -67 70 c-36 39 -72 71 -78 71 -6 0 -133 -125 -283 -277 l-272 -278 0 105 -1 104 -44 46 -44 45 229 400 c126 220 228 402 228 405 1 8 -159 100 -172 100 -7 -1 -104 -163 -217 -361 -113 -199 -208 -366 -212 -372 -5 -8 -34 14 -83 63 l-75 74 0 498 0 498 -105 0 -105 0 0 -498z m400 -1689 l0 -713 -150 0 -150 0 0 862 0 863 150 -150 150 -150 0 -712z"/></g></svg>
  <svg x='526' y='484'><g transform="translate(0.150473191431,14.0633483059) scale(0.00985915292844,-0.0100666588668)"><path class="sym-fill" fill="white" d="M665 944 c-148 -157 -270 -291 -270 -298 0 -8 44 -59 97 -114 l98 -101 276 290 276 289 -21 27 c-11 16 -57 65 -103 110 l-83 82 -270 -285z"/><path class="sym-line" fill="black" d="M520 1091 l-275 -291 -122 128 -122 127 -1 -512 0 -513 486 0 c462 0 486 1 473 18 -7 9 -60 65 -117 124 -71 73 -101 111 -96 120 4 7 125 136 269 286 143 150 261 278 263 285 1 7 -28 43 -66 80 l-68 68 -273 -288 c-150 -159 -276 -289 -280 -291 -4 -1 -53 47 -109 107 l-101 109 274 288 c151 159 275 293 275 298 0 4 -30 40 -67 78 l-68 69 -275 -290z"/></g></svg>
  <svg x='462' y='495'><g transform="translate(-0.13306451868,13.7638618061) scale(0.0100651361624,-0.0098696390724)"><path class="sym-fill" fill="white" d="M260 1124 c-52 -59 -95 -110 -95 -114 0 -11 525 -590 534 -590 5 0 52 48 104 106 l96 107 -37 43 c-81 94 -497 553 -502 553 -3 1 -48 -47 -100 -105z M870 453 c-162 -180 -296 -330 -298 -335 -2 -4 132 -8 297 -8 l301 0 0 335 c0 184 -1 335 -2 335 -2 -1 -136 -148 -298 -327z"/><path class="sym-line" fill="black" d="M427 1308 l-66 -73 23 -25 c230 -254 504 -558 510 -568 5 -8 -27 -50 -91 -121 -54 -60 -101 -108 -104 -107 -3 0 -127 135 -275 298 l-269 297 -60 -66 c-33 -36 -63 -71 -67 -78 -4 -7 98 -127 258 -304 146 -160 264 -296 262 -301 -2 -4 -50 -61 -108 -125 -58 -64 -106 -121 -108 -126 -2 -5 189 -9 472 -9 l476 0 0 525 c0 289 -3 525 -7 524 -5 0 -60 -58 -123 -129 -63 -71 -115 -128 -116 -127 -12 18 -529 583 -534 585 -4 2 -37 -30 -73 -70z m753 -863 l0 -335 -311 0 -311 0 44 48 c399 442 564 622 570 622 4 0 8 -151 8 -335z"/></g></svg>
  <svg x='537' y='468'><g transform="translate(0.0,15.0) scale(0.01,-0.01)"><path class="sym-fill" fill="white" d="M200 750 l0 -550 300 0 300 0 0 550 0 550 -300 0 -300 0 0 -550z"/><path class="sym-line" fill="black" d="M0 750 l0 -750 750 0 750 0 0 750 0 750 -750 0 -750 0 0 -750z m800 0 l0 -550 -300 0 -300 0 0 550 0 550 300 0 300 0 0 -550z"/></g></svg>
  <svg x='448' y='480'><g transform="translate(0.0,15.0) scale(0.01,-0.01)"><path class="sym-fill" fill="white" d="M700 750 l0 -550 300 0 300 0 0 550 0 550 -300 0 -300 0 0 -550z"/><path class="sym-line" fill="black" d="M0 750 l0 -750 750 0 750 0 0 750 0 750 -750 0 -750 0 0 -750z m1300 0 l0 -550 -300 0 -300 0 0 550 0 550 300 0 300 0 0 -550z"/></g></svg>
  <svg x='482' y='492'><g transform="translate(0.0,7.0) scale(0.01,-0.01)"><path class="sym-line" fill="black" d="M0 657 l0 -43 355 -204 355 -205 -355 -3 -355 -2 0 -100 0 -100 600 0 600 0 0 83 0 82 -464 268 -464 267 -136 0 -136 0 0 -43z"/></g></svg>
  <svg x='507' y='481'><g transform="translate(0.0,7.0) scale(0.01,-0.01)"><path class="sym-line" fill="black" d="M463 432 l-463 -267 0 -82 0 -83 600 0 600 0 0 100 0 100 -355 2 -355 3 355 205 355 204 0 43 0 43 -137 0 -138 -1 -462 -267z"/></g></svg>
</svg>