<svg version='1.1' xmlns='http://www.w3.org/2000/svg' width='144' height='104' viewBox='428 448 144 104'>
  <text font-size='0'>AS20350S20358S2a208S2a210S11540S11548S22a04S22a14S14050S14058S2fb00M572x552S20350500x475S20358478x475S2a210461x448S2a208509x448S2fb00489x464S11540546x462S11548437x466S14050543x517S14058428x522S22a04547x498S22a14439x501</text>
  <svg x='500' y='475'><g transform="translate(0.0,15.0) scale(0.01,-0.01)"><path class="sym-fill" fill="white" d="M0 950 l0 -150 750 0 750 0 0 150 0 150 -750 0 -750 0 0 -150z"/><path class="sym-line" fill="black" d="M0 1300 l0 -200 750 0 750 0 0 200 0 200 -750 0 -750 0 0 -200z M0 400 l0 -400 750 0 750 0 0 400 0 400 -750 0 -750 0 0 -400z"/></g></svg>
  <svg x='478' y='475'><g transform="translate(0.0,15.0) scale(0.01,-0.01)"><path class="sym-fill" fill="white" d="M0 950 l0 -150 750 0 750 0 0 150 0 150 -750 0 -750 0 0 -150z"/><path class="sym-line" fill="black" d="M0 1300 l0 -200 750 0 750 0 0 200 0 200 -750 0 -750 0 0 -200z M0 400 l0 -400 750 0 750 0 0 400 0 400 -750 0 -750 0 0 -400z"/></g></svg>
  <svg x='461' y='448'><g transform="translate(0.151416407644,27.7487723255) scale(0.00981199211781,-0.00985726243768)"><path class="sym-fill" fill="white" d="M1080 1781 c-196 -42 -305 -110 -520 -325 l-155 -156 105 -105 104 -104 160 157 c115 112 178 166 221 189 161 84 351 84 510 0 43 -23 122 -93 290 -254 l230 -223 105 106 105 105 -223 219 c-130 128 -252 238 -293 266 -189 125 -422 171 -639 125z M100 1125 l0 -325 327 0 328 0 -325 325 c-179 179 -326 325 -327 325 -2 0 -3 -146 -3 -325z"/><path class="sym-line" fill="black" d="M1200 2351 l0 -448 -69 -7 c-134 -13 -287 -70 -411 -151 -42 -28 -144 -118 -235 -207 l-160 -157 -163 162 -162 162 0 -503 0 -502 502 0 503 0 -158 158 -158 158 153 150 c86 85 172 161 197 173 44 23 126 51 149 51 9 0 12 -146 12 -695 l0 -695 50 0 50 0 0 695 c0 549 3 695 13 695 22 0 104 -28 148 -50 27 -14 128 -106 264 -241 l221 -219 37 38 38 38 -228 225 c-191 188 -239 229 -294 256 -166 82 -332 82 -498 0 -52 -25 -100 -65 -229 -191 l-163 -160 -107 107 -107 107 125 126 c165 165 252 235 363 289 140 67 197 79 367 79 162 0 223 -12 347 -69 125 -58 182 -104 414 -332 l225 -223 34 34 33 35 -31 38 c-67 85 -420 420 -492 467 -124 82 -277 139 -411 152 l-69 7 0 448 0 449 -50 0 -50 0 0 -449z m-598 -1393 l150 -158 -326 0 -326 0 0 332 0 333 176 -175 c96 -96 243 -246 326 -332z"/></g></svg>
  <svg x='509' y='448'><g transform="translate(0.179308466528,27.7487723255) scale(0.00981368793394,-0.00985726243768)"><path class="sym-fill" fill="white" d="M880 1781 c-208 -44 -302 -106 -592 -391 l-223 -219 105 -105 105 -106 230 223 c168 161 247 231 290 254 159 84 349 84 510 0 43 -23 106 -77 221 -189 l160 -157 104 104 105 105 -155 156 c-85 85 -186 176 -223 201 -185 124 -420 169 -637 124z"/><path class="sym-line" fill="black" d="M1000 2351 l0 -448 -69 -7 c-134 -13 -287 -70 -411 -152 -72 -47 -425 -382 -492 -467 l-31 -38 33 -35 34 -34 225 223 c232 228 289 274 414 332 124 57 185 69 347 69 170 0 227 -12 367 -79 111 -54 198 -124 363 -289 l125 -126 -107 -107 -107 -107 -163 160 c-129 126 -177 166 -229 191 -166 82 -332 82 -498 0 -55 -27 -103 -68 -294 -256 l-228 -225 38 -38 37 -38 221 219 c136 135 237 227 264 241 44 22 126 50 149 50 9 0 12 -146 12 -695 l0 -695 50 0 50 0 0 695 c0 549 3 695 13 695 22 0 104 -28 148 -51 25 -12 111 -88 197 -173 l153 -150 -158 -158 -158 -158 503 0 502 0 0 502 0 503 -162 -162 -163 -162 -160 157 c-91 89 -193 179 -235 207 -124 81 -277 138 -411 151 l-69 7 0 448 0 449 -50 0 -50 0 0 -449z"/></g></svg>
  <svg x='489' y='464'><g transform="translate(0.169849905175,5.76208528494) scale(0.0097007872376,-0.00950858679199)"><path class="sym-line" fill="black" d="M552 580 c-226 -60 -429 -239 -518 -459 -13 -33 -27 -73 -30 -90 l-6 -31 60 0 61 0 42 83 c54 103 163 217 264 273 205 113 445 113 650 0 101 -56 210 -170 264 -273 l42 -83 61 0 61 0 -7 31 c-22 111 -99 242 -206 349 -99 99 -217 167 -346 200 -105 27 -289 27 -392 0z"/></g></svg>
  <svg x='546' y='462'><g transform="translate(0.0,30.0) scale(0.01,-0.01)"><path class="sym-fill" fill="white" d="M200 650 l0 -450 300 0 300 0 0 450 0 450 -300 0 -300 0 0 -450z"/><path class="sym-line" fill="black" d="M800 2250 l0 -750 100 0 100 0 0 750 0 750 -100 0 -100 0 0 -750z M1300 2100 l0 -600 100 0 100 0 0 600 0 600 -100 0 -100 0 0 -600z M0 650 l0 -650 750 0 750 0 0 650 0 650 -750 0 -750 0 0 -650z m800 0 l0 -450 -300 0 -300 0 0 450 0 450 300 0 300 0 0 -450z"/></g></svg>
  <svg x='437' y='466'><g transform="translate(0.0,30.0) scale(0.01,-0.01)"><path class="sym-fill" fill="white" d="M700 650 l0 -450 300 0 300 0 0 450 0 450 -300 0 -300 0 0 -450z"/><path class="sym-line" fill="black" d="M500 2250 l0 -750 100 0 100 0 0 750 0 750 -100 0 -100 0 0 -750z M0 2100 l0 -600 100 0 100 0 0 600 0 600 -100 0 -100 0 0 -600z M0 650 l0 -650 750 0 750 0 0 650 0 650 -750 0 -750 0 0 -650z m1300 0 l0 -450 -300 0 -300 0 0 450 0 450 300 0 300 0 0 -450z"/></g></svg>
  <svg x='543' y='517'><g transform="translate(0.0,30.0) scale(0.01,-0.01)"><path class="sym-line" fill="black" d="M1400 2250 l0 -750 100 0 100 0 0 750 0 750 -100 0 -100 0 0 -750z M262 1878 l-72 -73 152 -152 153 -153 -248 0 -247 0 0 -100 0 -100 347 0 348 0 302 -302 303 -303 0 150 0 150 -152 152 -153 153 153 0 152 0 0 100 0 100 -253 0 -252 0 -225 225 c-124 124 -227 225 -230 225 -3 0 -38 -33 -78 -72z M1400 650 l0 -650 750 0 750 0 0 650 0 650 -750 0 -750 0 0 -650z"/></g></svg>
  <svg x='428' y='522'><g transform="translate(0.0,30.0) scale(0.01,-0.01)"><path class="sym-line" fill="black" d="M1300 2250 l0 -750 100 0 100 0 0 750 0 750 -100 0 -100 0 0 -750z M2330 1725 l-225 -225 -252 0 -253 0 0 -100 0 -100 152 0 153 0 -153 -153 -152 -152 0 -150 0 -150 303 303 302 302 348 0 347 0 0 100 0 100 -247 0 -248 0 153 153 152 152 -73 73 c-40 39 -75 72 -77 72 -3 0 -106 -101 -230 -225z M0 650 l0 -650 750 0 750 0 0 650 0 650 -750 0 -750 0 0 -650z"/></g></svg>
  <svg x='547' y='498'><g transform="translate(0.043463926586,14.7505211307) scale(0.00985915292844,-0.00973472242044)"><path class="sym-fill" fill="white" d="M510 1100 l0 -400 140 0 140 0 0 400 0 400 -140 0 -140 0 0 -400z"/><path class="sym-line" fill="black" d="M330 1100 l0 -400 -159 -2 -160 -3 315 -347 c174 -192 319 -348 324 -348 5 0 150 156 324 348 l315 347 -160 3 -159 2 0 400 0 400 -90 0 -90 0 0 -400 0 -400 -140 0 -140 0 0 400 0 400 -90 0 -90 0 0 -400z"/></g></svg>
  <svg x='439' y='501'><g transform="translate(0.043463926586,14.7505211307) scale(0.00985915292844,-0.00973472242044)"><path class="sym-fill" fill="white" d="M510 1100 l0 -400 140 0 140 0 0 400 0 400 -140 0 -140 0 0 -400z M277 557 c144 -163 368 -407 373 -407 5 0 229 244 373 407 l39 43 -412 0 -412 0 39 -43z"/><path class="sym-line" fill="black" d="M330 1100 l0 -400 -159 -2 -160 -3 315 -347 c174 -192 319 -348 324 -348 5 0 150 156 324 348 l315 347 -160 3 -159 2 0 400 0 400 -90 0 -90 0 0 -400 0 -400 -140 0 -140 0 0 400 0 400 -90 0 -90 0 0 -400z m714 -522 c-82 -96 -388 -428 -394 -428 -6 0 -312 332 -394 428 l-19 22 413 0 413 0 -19 -22z"/></g></svg>
</svg>