<svg version='1.1' xmlns='http://www.w3.org/2000/svg' width='90' height='103' viewBox='457 482 90 103'>
  <text font-size='0'>AS20307S20303S26707S26711S20320S20324S37600S36d00S33e00M547x585S20307504x545S20303474x545S36d00479x540S37600487x562S26707494x518S26711477x518S20320532x491S20324457x491S33e00484x482</text>
  <svg x='504' y='545'><g transform="translate(0.151481913954,20.7975485316) scale(0.00980871680229,-0.00983291001503)"><path class="sym-fill" fill="white" d="M667 1432 l-377 -377 380 -380 380 -380 380 380 380 380 -377 377 c-208 208 -380 378 -383 378 -3 0 -175 -170 -383 -378z"/><path class="sym-line" fill="black" d="M522 1577 l-522 -522 525 -525 525 -525 525 525 525 525 -522 522 c-288 288 -525 523 -528 523 -3 0 -240 -235 -528 -523z m910 -134 c208 -208 378 -382 378 -388 0 -6 -171 -181 -380 -390 l-380 -380 -380 380 c-209 209 -380 384 -380 390 0 10 750 765 760 765 3 0 175 -170 382 -377z"/></g></svg>
  <svg x='474' y='545'><g transform="translate(0.151481913954,20.7060077739) scale(0.00980871680229,-0.00983291001503)"><path class="sym-fill" fill="white" d="M667 1422 l-377 -377 380 -380 380 -380 380 380 380 380 -377 377 c-208 208 -380 378 -383 378 -3 0 -175 -170 -383 -378z"/><path class="sym-line" fill="black" d="M522 1567 l-522 -522 525 -525 525 -525 525 525 525 525 -522 522 c-288 288 -525 523 -528 523 -3 0 -240 -235 -528 -523z m910 -134 c208 -208 378 -382 378 -388 0 -6 -171 -181 -380 -390 l-380 -380 -385 385 -385 385 382 382 c211 211 385 383 388 383 3 0 175 -170 382 -377z"/></g></svg>
  <svg x='479' y='540'><g transform="translate(0.0,4.0) scale(0.01,-0.01)"><path class="sym-line" fill="black" d="M0 200 l0 -200 2100 0 2100 0 0 200 0 200 -2100 0 -2100 0 0 -200z"/></g></svg>
  <svg x='487' y='562'><g transform="translate(0.151007603865,22.7701047694) scale(0.00983243230676,-0.00983550750842)"><path class="sym-line" fill="black" d="M66 2239 c-37 -34 -66 -68 -64 -75 2 -7 238 -238 525 -513 l523 -501 -525 -502 c-289 -277 -525 -508 -525 -515 0 -11 121 -124 140 -131 4 -2 243 222 531 497 287 276 525 501 529 501 4 0 242 -225 529 -501 288 -275 527 -499 531 -497 19 7 140 120 140 131 0 7 -236 238 -525 515 l-525 502 523 501 c287 275 523 506 525 513 3 13 -123 136 -140 136 -5 0 -243 -225 -530 -500 -287 -275 -525 -500 -528 -500 -3 0 -241 225 -528 500 -287 275 -525 500 -530 500 -5 0 -39 -28 -76 -61z"/></g></svg>
  <svg x='494' y='518'><g transform="translate(-0.0672981451274,30.9270600802) scale(0.00994098926541,-0.0100228720586)"><path class="sym-line" fill="black" d="M2195 2820 l250 -250 -135 -134 c-74 -74 -619 -612 -1210 -1196 -591 -584 -1076 -1065 -1078 -1069 -1 -3 31 -40 72 -80 l75 -74 888 879 c488 483 1035 1025 1216 1204 l327 324 250 -249 250 -250 0 573 0 572 -577 0 -578 0 250 -250z"/></g></svg>
  <svg x='477' y='518'><g transform="translate(-0.14899849871,30.8969963762) scale(0.0100218543915,-0.00991888996007)"><path class="sym-fill" fill="white" d="M137 2993 c-10 -9 -9 -783 1 -783 8 0 772 775 772 784 0 8 -765 7 -773 -1z"/><path class="sym-line" fill="black" d="M30 2523 l0 -578 250 250 250 250 139 -140 c154 -156 2071 -2097 2187 -2215 l74 -75 77 77 76 76 -923 934 c-508 513 -1050 1060 -1204 1215 l-281 283 250 250 250 250 -573 0 -572 0 0 -577z m652 230 c-132 -137 -311 -318 -396 -403 l-156 -155 0 403 0 402 396 0 396 0 -240 -247z"/></g></svg>
  <svg x='532' y='491'><g transform="translate(0.0,15.0) scale(0.01,-0.01)"><path class="sym-line" fill="black" d="M0 750 l0 -750 750 0 750 0 0 750 0 750 -750 0 -750 0 0 -750z"/></g></svg>
  <svg x='457' y='491'><g transform="translate(0.0,15.0) scale(0.01,-0.01)"><path class="sym-line" fill="black" d="M0 750 l0 -750 750 0 750 0 0 750 0 750 -750 0 -750 0 0 -750z"/></g></svg>
  <svg x='484' y='482'><g transform="translate(0.149874875465,34.7500790925) scale(0.00988906872676,-0.00988956850125)"><path class="sym-line" fill="black" d="M1528 3484 c-592 -92 -1088 -447 -1348 -963 -125 -249 -180 -485 -180 -771 0 -480 183 -911 529 -1242 350 -336 780 -508 1271 -508 451 0 864 150 1193 434 326 281 517 620 591 1051 21 121 21 409 0 530 -43 252 -114 444 -237 639 -282 453 -741 750 -1284 831 -127 19 -413 18 -535 -1z m607 -173 c583 -126 1038 -523 1224 -1069 59 -173 75 -277 75 -492 0 -165 -3 -211 -22 -300 -71 -327 -228 -611 -458 -829 -186 -177 -381 -295 -614 -374 -176 -60 -282 -78 -490 -84 -247 -7 -416 19 -628 97 -549 201 -944 674 -1043 1250 -17 97 -17 383 0 480 99 576 495 1050 1043 1250 105 38 177 58 303 81 143 26 467 21 610 -10z M1087 1105 l-67 -55 51 -65 c119 -151 277 -272 440 -335 131 -50 318 -65 459 -35 202 42 408 179 562 372 44 56 48 66 35 76 -8 7 -41 32 -73 57 -31 25 -59 40 -61 35 -12 -37 -94 -143 -156 -202 -133 -126 -264 -183 -440 -191 -117 -5 -193 6 -290 44 -128 50 -275 176 -348 298 -19 31 -36 56 -39 56 -4 0 -36 -25 -73 -55z"/></g></svg>
</svg>