<svg version='1.1' xmlns='http://www.w3.org/2000/svg' width='81' height='59' viewBox='465 458 81 59'>
  <text font-size='0'>AS20301S20301S20301S26702S21800S21800S21800S31400M546x517S20301525x467S31400482x482S26702465x489S21800527x458S20301498x467S21800499x459S20301471x467S21800474x458</text>
  <svg x='525' y='467'><g transform="translate(0.199328273943,20.7485491077) scale(0.00980871680229,-0.00980957695607)"><path class="sym-fill" fill="white" d="M665 1430 l-380 -380 380 -380 380 -380 380 380 380 380 -380 380 -380 380 -380 -380z"/><path class="sym-line" fill="black" d="M520 1575 l-525 -525 525 -525 525 -525 525 525 525 525 -525 525 -525 525 -525 -525z m915 -145 l380 -380 -380 -380 c-209 -209 -384 -380 -390 -380 -6 0 -181 171 -390 380 l-380 380 380 380 c209 209 384 380 390 380 6 0 181 -171 390 -380z"/></g></svg>
  <svg x='482' y='482'><g transform="translate(0.149874875465,34.7500790925) scale(0.00988906872676,-0.00988956850125)"><path class="sym-line" fill="black" d="M1528 3484 c-592 -92 -1088 -447 -1348 -963 -125 -249 -180 -485 -180 -771 0 -480 183 -911 529 -1242 350 -336 780 -508 1271 -508 451 0 864 150 1193 434 326 281 517 620 591 1051 21 121 21 409 0 530 -43 252 -114 444 -237 639 -282 453 -741 750 -1284 831 -127 19 -413 18 -535 -1z m607 -173 c583 -126 1038 -523 1224 -1069 59 -173 75 -277 75 -492 0 -165 -3 -211 -22 -300 -71 -327 -228 -611 -458 -829 -186 -177 -381 -295 -614 -374 -176 -60 -282 -78 -490 -84 -247 -7 -416 19 -628 97 -549 201 -944 674 -1043 1250 -17 97 -17 383 0 480 99 576 495 1050 1043 1250 105 38 177 58 303 81 143 26 467 21 610 -10z M1030 2481 c-81 -26 -130 -54 -188 -106 -61 -55 -113 -152 -120 -225 l-5 -50 56 0 c54 0 55 0 61 34 15 78 98 153 211 189 84 26 239 21 310 -11 104 -47 161 -106 179 -184 6 -26 10 -28 61 -28 51 0 55 2 55 24 0 47 -40 152 -77 200 -50 65 -147 130 -232 156 -88 26 -232 27 -311 1z M2247 2475 c-159 -55 -271 -180 -292 -328 l-7 -48 58 3 c57 3 58 4 65 35 13 67 66 121 159 167 62 30 70 31 190 31 113 -1 130 -3 181 -26 94 -44 169 -128 169 -189 0 -18 6 -20 58 -20 l59 0 -8 53 c-20 151 -153 288 -324 333 -82 22 -228 17 -308 -11z"/></g></svg>
  <svg x='465' y='489'><g transform="translate(0.201122449172,15.7010613696) scale(0.00989293660622,-0.00972038991848)"><path class="sym-line" fill="black" d="M395 1200 l-400 -400 403 -403 402 -402 0 353 0 352 1700 0 1700 0 0 100 0 100 -1700 0 -1700 0 -2 350 -3 350 -400 -400z"/></g></svg>
  <svg x='527' y='458'><g transform="translate(0.14408817461,7.7569354617) scale(0.00978355125495,-0.00959794917003)"><path class="sym-line" fill="black" d="M275 784 c-126 -44 -218 -136 -258 -258 -22 -64 -22 -188 0 -252 56 -169 203 -274 383 -274 180 0 327 105 383 274 22 64 22 188 0 252 -41 122 -134 216 -257 257 -61 21 -195 21 -251 1z M1275 784 c-90 -32 -160 -84 -208 -157 -48 -73 -67 -137 -67 -227 0 -230 170 -400 400 -400 180 0 327 105 383 274 22 64 22 188 0 252 -41 122 -134 216 -257 257 -61 21 -195 21 -251 1z"/></g></svg>
  <svg x='498' y='467'><g transform="translate(0.199328273943,20.7485491077) scale(0.00980871680229,-0.00980957695607)"><path class="sym-fill" fill="white" d="M665 1430 l-380 -380 380 -380 380 -380 380 380 380 380 -380 380 -380 380 -380 -380z"/><path class="sym-line" fill="black" d="M520 1575 l-525 -525 525 -525 525 -525 525 525 525 525 -525 525 -525 525 -525 -525z m915 -145 l380 -380 -380 -380 c-209 -209 -384 -380 -390 -380 -6 0 -181 171 -390 380 l-380 380 380 380 c209 209 384 380 390 380 6 0 181 -171 390 -380z"/></g></svg>
  <svg x='499' y='459'><g transform="translate(0.14408817461,7.7569354617) scale(0.00978355125495,-0.00959794917003)"><path class="sym-line" fill="black" d="M275 784 c-126 -44 -218 -136 -258 -258 -22 -64 -22 -188 0 -252 56 -169 203 -274 383 -274 180 0 327 105 383 274 22 64 22 188 0 252 -41 122 -134 216 -257 257 -61 21 -195 21 -251 1z M1275 784 c-90 -32 -160 -84 -208 -157 -48 -73 -67 -137 -67 -227 0 -230 170 -400 400 -400 180 0 327 105 383 274 22 64 22 188 0 252 -41 122 -134 216 -257 257 -61 21 -195 21 -251 1z"/></g></svg>
  <svg x='471' y='467'><g transform="translate(0.199328273943,20.7485491077) scale(0.00980871680229,-0.00980957695607)"><path class="sym-fill" fill="white" d="M665 1430 l-380 -380 380 -380 380 -380 380 380 380 380 -380 380 -380 380 -380 -380z"/><path class="sym-line" fill="black" d="M520 1575 l-525 -525 525 -525 525 -525 525 525 525 525 -525 525 -525 525 -525 -525z m915 -145 l380 -380 -380 -380 c-209 -209 -384 -380 -390 -380 -6 0 -181 171 -390 380 l-380 380 380 380 c209 209 384 380 390 380 6 0 181 -171 390 -380z"/></g></svg>
  <svg x='474' y='458'><g transform="translate(0.14408817461,7.7569354617) scale(0.00978355125495,-0.00959794917003)"><path class="sym-line" fill="black" d="M275 784 c-126 -44 -218 -136 -258 -258 -22 -64 -22 -188 0 -252 56 -169 203 -274 383 -274 180 0 327 105 383 274 22 64 22 188 0 252 -41 122 -134 216 -257 257 -61 21 -195 21 -251 1z M1275 784 c-90 -32 -160 -84 -208 -157 -48 -73 -67 -137 -67 -227 0 -230 170 -400 400 -400 180 0 327 105 383 274 22 64 22 188 0 252 -41 122 -134 216 -257 257 -61 21 -195 21 -251 1z"/></g></svg>
</svg>