<svg version='1.1' xmlns='http://www.w3.org/2000/svg' width='162' height='126' viewBox='419 437 162 126'>
  <text font-size='0'>AS20307S15d39S26702S20b00S15d31S20307S26716S20b00S14c26S14c2eM581x563S15d39451x437S20b00463x457S26702474x443S20307518x438S15d31519x486S26716481x492S20b00517x506S20307456x488S14c26550x540S14c2e419x539</text>
  <svg x='451' y='437'><g transform="translate(0.149415820392,22.899520137) scale(0.00991202148038,-0.00989177505957)"><path class="sym-fill" fill="white" d="M1425 1990 l-110 -110 -67 67 -68 68 -103 -103 -102 -102 68 -67 67 -68 -412 -412 -413 -413 275 -275 275 -275 412 412 413 413 67 -68 68 -67 102 102 103 103 -67 67 -68 68 108 108 107 107 0 278 0 277 -273 0 -272 0 -110 -110z"/><path class="sym-line" fill="black" d="M1315 2160 l-140 -140 70 -70 70 -70 110 110 111 110 274 -2 275 -3 3 -270 2 -269 -112 -113 -113 -113 70 -70 70 -70 137 137 138 138 0 417 0 418 -413 0 -412 0 -140 -140z M210 1468 l0 -413 -105 -105 -105 -105 415 -415 415 -415 482 482 483 483 -70 70 -70 70 -412 -412 -413 -413 -275 275 -275 275 412 412 413 413 -70 70 -70 70 -277 -277 -278 -278 0 313 0 312 -100 0 -100 0 0 -412z"/></g></svg>
  <svg x='463' y='457'><g transform="translate(0.0,13.0) scale(0.01,-0.01)"><path class="sym-fill" fill="white" d="M500 650 l0 -150 150 0 150 0 0 150 0 150 -150 0 -150 0 0 -150z"/><path class="sym-line" fill="black" d="M300 1150 l0 -150 -150 0 -150 0 0 -100 0 -100 150 0 150 0 0 -150 0 -150 -150 0 -150 0 0 -100 0 -100 150 0 150 0 0 -150 0 -150 100 0 100 0 0 150 0 150 150 0 150 0 0 -150 0 -150 100 0 100 0 0 150 0 150 150 0 150 0 0 100 0 100 -150 0 -150 0 0 150 0 150 150 0 150 0 0 100 0 100 -150 0 -150 0 0 150 0 150 -100 0 -100 0 0 -150 0 -150 -150 0 -150 0 0 150 0 150 -100 0 -100 0 0 -150z m500 -500 l0 -150 -150 0 -150 0 0 150 0 150 150 0 150 0 0 -150z"/></g></svg>
  <svg x='474' y='443'><g transform="translate(0.201122449172,15.7010613696) scale(0.00989293660622,-0.00972038991848)"><path class="sym-line" fill="black" d="M395 1200 l-400 -400 403 -403 402 -402 0 353 0 352 1700 0 1700 0 0 100 0 100 -1700 0 -1700 0 -2 350 -3 350 -400 -400z"/></g></svg>
  <svg x='518' y='438'><g transform="translate(0.151481913954,20.7975485316) scale(0.00980871680229,-0.00983291001503)"><path class="sym-fill" fill="white" d="M667 1432 l-377 -377 380 -380 380 -380 380 380 380 380 -377 377 c-208 208 -380 378 -383 378 -3 0 -175 -170 -383 -378z"/><path class="sym-line" fill="black" d="M522 1577 l-522 -522 525 -525 525 -525 525 525 525 525 -522 522 c-288 288 -525 523 -528 523 -3 0 -240 -235 -528 -523z m910 -134 c208 -208 378 -382 378 -388 0 -6 -171 -181 -380 -390 l-380 -380 -380 380 c-209 209 -380 384 -380 390 0 10 750 765 760 765 3 0 175 -170 382 -377z"/></g></svg>
  <svg x='519' y='486'><g transform="translate(-0.0476493766782,22.899520137) scale(0.00991202148038,-0.00989177505957)"><path class="sym-fill" fill="white" d="M220 1823 l0 -278 107 -107 108 -108 -68 -68 -67 -67 103 -103 102 -102 68 67 67 68 413 -413 412 -412 275 275 275 275 -413 413 -412 412 67 68 68 67 -102 102 -103 103 -68 -68 -67 -67 -110 110 -110 110 -272 0 -273 0 0 -277z"/><path class="sym-line" fill="black" d="M20 1882 l0 -417 138 -138 137 -137 70 70 70 70 -113 113 -112 113 2 269 3 270 275 3 274 2 111 -110 110 -110 70 70 70 70 -140 140 -140 140 -412 0 -413 0 0 -418z M1890 1568 l0 -313 -278 278 -277 277 -70 -70 -70 -70 413 -413 412 -412 -275 -275 -275 -275 -413 413 -412 412 -70 -70 -70 -70 483 -483 482 -482 415 415 415 415 -105 105 -105 105 0 413 0 412 -100 0 -100 0 0 -312z"/></g></svg>
  <svg x='481' y='492'><g transform="translate(0.149797517876,15.6976811299) scale(0.00989293660622,-0.00968799012796)"><path class="sym-fill" fill="white" d="M3500 800 l0 -555 277 278 278 277 -278 277 -277 278 0 -555z"/><path class="sym-line" fill="black" d="M3400 1252 l0 -352 -1700 0 -1700 0 0 -100 0 -100 1700 0 1700 0 0 -352 0 -353 402 403 403 402 -403 402 -402 403 0 -353z m377 -729 l-277 -278 0 555 0 555 277 -278 278 -277 -278 -277z"/></g></svg>
  <svg x='517' y='506'><g transform="translate(0.0,13.0) scale(0.01,-0.01)"><path class="sym-fill" fill="white" d="M500 650 l0 -150 150 0 150 0 0 150 0 150 -150 0 -150 0 0 -150z"/><path class="sym-line" fill="black" d="M300 1150 l0 -150 -150 0 -150 0 0 -100 0 -100 150 0 150 0 0 -150 0 -150 -150 0 -150 0 0 -100 0 -100 150 0 150 0 0 -150 0 -150 100 0 100 0 0 150 0 150 150 0 150 0 0 -150 0 -150 100 0 100 0 0 150 0 150 150 0 150 0 0 100 0 100 -150 0 -150 0 0 150 0 150 150 0 150 0 0 100 0 100 -150 0 -150 0 0 150 0 150 -100 0 -100 0 0 -150 0 -150 -150 0 -150 0 0 150 0 150 -100 0 -100 0 0 -150z m500 -500 l0 -150 -150 0 -150 0 0 150 0 150 150 0 150 0 0 -150z"/></g></svg>
  <svg x='456' y='488'><g transform="translate(0.151481913954,20.7975485316) scale(0.00980871680229,-0.00983291001503)"><path class="sym-fill" fill="white" d="M667 1432 l-377 -377 380 -380 380 -380 380 380 380 380 -377 377 c-208 208 -380 378 -383 378 -3 0 -175 -170 -383 -378z"/><path class="sym-line" fill="black" d="M522 1577 l-522 -522 525 -525 525 -525 525 525 525 525 -522 522 c-288 288 -525 523 -528 523 -3 0 -240 -235 -528 -523z m910 -134 c208 -208 378 -382 378 -388 0 -6 -171 -181 -380 -390 l-380 -380 -380 380 c-209 209 -380 384 -380 390 0 10 750 765 760 765 3 0 175 -170 382 -377z"/></g></svg>
  <svg x='550' y='540'><g transform="translate(0.150230433539,22.9376331902) scale(0.00987129082304,-0.00990834595228)"><path class="sym-line" fill="black" d="M891 2005 l-298 -295 -296 0 -297 0 0 -495 0 -495 598 0 597 0 130 -131 c72 -72 232 -229 357 -350 l227 -220 70 67 c39 36 71 72 71 78 0 6 -125 133 -277 283 l-278 272 105 0 104 1 46 44 45 44 400 -229 c220 -126 402 -228 405 -228 8 -1 100 159 100 172 -1 7 -163 104 -361 217 -199 113 -366 208 -372 212 -8 5 14 34 63 83 l74 75 498 0 498 0 0 105 0 105 -498 0 -498 0 -74 75 c-61 61 -72 77 -60 85 8 5 174 101 369 212 194 111 355 207 357 213 5 11 -86 174 -96 175 -3 0 -185 -103 -405 -229 l-400 -229 -45 44 -46 44 -404 0 -405 0 223 223 c122 122 222 227 222 234 0 11 -132 133 -144 133 -4 0 -141 -133 -305 -295z"/></g></svg>
  <svg x='419' y='539'><g transform="translate(0.150315673672,22.9301386454) scale(0.00986702881642,-0.0099050874545)"><path class="sym-line" fill="black" d="M1766 2231 l-69 -70 217 -223 216 -223 -393 -3 -393 -2 -39 -40 c-22 -22 -42 -40 -46 -40 -3 0 -179 102 -390 226 -438 257 -382 243 -451 115 l-38 -69 328 -193 c180 -106 344 -203 366 -217 l39 -24 -74 -74 -73 -74 -483 0 -483 0 0 -105 0 -105 483 0 483 0 73 -74 73 -74 -23 -15 c-13 -8 -178 -106 -367 -217 l-342 -202 37 -69 c70 -128 13 -142 458 119 l390 230 38 -44 39 -44 105 0 105 0 -271 -277 -271 -278 73 -73 72 -74 345 351 345 351 578 0 577 0 0 495 0 495 -286 0 -287 0 -289 295 c-160 162 -293 295 -297 295 -3 0 -37 -31 -75 -69z"/></g></svg>
</svg>