<svg version='1.1' xmlns='http://www.w3.org/2000/svg' width='60' height='125' viewBox='470 437 60 125'>
  <text font-size='0'>AS20311S20313S22a03S22a15S22a03S22a15S14c11S14c19S2fb00S2fb00M530x562S20311507x437S20313475x438S2fb00490x466S2fb00499x466S22a15485x500S22a15486x477S22a03502x511S22a03503x487S14c11504x535S14c19470x534</text>
  <svg x='507' y='437'><g transform="translate(0.199328273943,20.7485491077) scale(0.00980871680229,-0.00980957695607)"><path class="sym-fill" fill="white" d="M490 1255 l-205 -205 380 -380 380 -380 207 207 208 208 -377 377 c-208 208 -380 378 -383 378 -3 0 -97 -92 -210 -205z"/><path class="sym-line" fill="black" d="M520 1575 l-525 -525 525 -525 525 -525 525 525 525 525 -525 525 -525 525 -525 -525z m740 -1080 c-113 -113 -209 -205 -215 -205 -6 0 -181 171 -390 380 l-380 380 210 210 210 210 385 -385 385 -385 -205 -205z"/></g></svg>
  <svg x='475' y='438'><g transform="translate(0.151481913954,20.7060077739) scale(0.00980871680229,-0.00983291001503)"><path class="sym-fill" fill="white" d="M1015 1080 l-380 -380 208 -207 207 -208 380 380 380 380 -208 208 -207 207 -380 -380z"/><path class="sym-line" fill="black" d="M522 1567 l-522 -522 525 -525 525 -525 525 525 525 525 -522 522 c-288 288 -525 523 -528 523 -3 0 -240 -235 -528 -523z m1085 -309 c112 -112 203 -207 203 -213 0 -6 -171 -181 -380 -390 l-380 -380 -210 210 -210 210 382 382 c211 211 385 383 388 383 3 0 96 -91 207 -202z"/></g></svg>
  <svg x='490' y='466'><g transform="translate(0.169849905175,5.76208528494) scale(0.0097007872376,-0.00950858679199)"><path class="sym-line" fill="black" d="M552 580 c-226 -60 -429 -239 -518 -459 -13 -33 -27 -73 -30 -90 l-6 -31 60 0 61 0 42 83 c54 103 163 217 264 273 205 113 445 113 650 0 101 -56 210 -170 264 -273 l42 -83 61 0 61 0 -7 31 c-22 111 -99 242 -206 349 -99 99 -217 167 -346 200 -105 27 -289 27 -392 0z"/></g></svg>
  <svg x='499' y='466'><g transform="translate(0.169849905175,5.76208528494) scale(0.0097007872376,-0.00950858679199)"><path class="sym-line" fill="black" d="M552 580 c-226 -60 -429 -239 -518 -459 -13 -33 -27 -73 -30 -90 l-6 -31 60 0 61 0 42 83 c54 103 163 217 264 273 205 113 445 113 650 0 101 -56 210 -170 264 -273 l42 -83 61 0 61 0 -7 31 c-22 111 -99 242 -206 349 -99 99 -217 167 -346 200 -105 27 -289 27 -392 0z"/></g></svg>
  <svg x='485' y='500'><g transform="translate(-0.13306451868,13.7638618061) scale(0.0100651361624,-0.0098696390724)"><path class="sym-fill" fill="white" d="M260 1124 c-52 -59 -95 -110 -95 -114 0 -11 525 -590 534 -590 5 0 52 48 104 106 l96 107 -37 43 c-81 94 -497 553 -502 553 -3 1 -48 -47 -100 -105z M870 453 c-162 -180 -296 -330 -298 -335 -2 -4 132 -8 297 -8 l301 0 0 335 c0 184 -1 335 -2 335 -2 -1 -136 -148 -298 -327z"/><path class="sym-line" fill="black" d="M427 1308 l-66 -73 23 -25 c230 -254 504 -558 510 -568 5 -8 -27 -50 -91 -121 -54 -60 -101 -108 -104 -107 -3 0 -127 135 -275 298 l-269 297 -60 -66 c-33 -36 -63 -71 -67 -78 -4 -7 98 -127 258 -304 146 -160 264 -296 262 -301 -2 -4 -50 -61 -108 -125 -58 -64 -106 -121 -108 -126 -2 -5 189 -9 472 -9 l476 0 0 525 c0 289 -3 525 -7 524 -5 0 -60 -58 -123 -129 -63 -71 -115 -128 -116 -127 -12 18 -529 583 -534 585 -4 2 -37 -30 -73 -70z m753 -863 l0 -335 -311 0 -311 0 44 48 c399 442 564 622 570 622 4 0 8 -151 8 -335z"/></g></svg>
  <svg x='486' y='477'><g transform="translate(-0.13306451868,13.7638618061) scale(0.0100651361624,-0.0098696390724)"><path class="sym-fill" fill="white" d="M260 1124 c-52 -59 -95 -110 -95 -114 0 -11 525 -590 534 -590 5 0 52 48 104 106 l96 107 -37 43 c-81 94 -497 553 -502 553 -3 1 -48 -47 -100 -105z M870 453 c-162 -180 -296 -330 -298 -335 -2 -4 132 -8 297 -8 l301 0 0 335 c0 184 -1 335 -2 335 -2 -1 -136 -148 -298 -327z"/><path class="sym-line" fill="black" d="M427 1308 l-66 -73 23 -25 c230 -254 504 -558 510 -568 5 -8 -27 -50 -91 -121 -54 -60 -101 -108 -104 -107 -3 0 -127 135 -275 298 l-269 297 -60 -66 c-33 -36 -63 -71 -67 -78 -4 -7 98 -127 258 -304 146 -160 264 -296 262 -301 -2 -4 -50 -61 -108 -125 -58 -64 -106 -121 -108 -126 -2 -5 189 -9 472 -9 l476 0 0 525 c0 289 -3 525 -7 524 -5 0 -60 -58 -123 -129 -63 -71 -115 -128 -116 -127 -12 18 -529 583 -534 585 -4 2 -37 -30 -73 -70z m753 -863 l0 -335 -311 0 -311 0 44 48 c399 442 564 622 570 622 4 0 8 -151 8 -335z"/></g></svg>
  <svg x='502' y='511'><g transform="translate(0.150473191431,14.0633483059) scale(0.00985915292844,-0.0100666588668)"><path class="sym-fill" fill="white" d="M665 944 c-148 -157 -270 -291 -270 -298 0 -8 44 -59 97 -114 l98 -101 276 290 276 289 -21 27 c-11 16 -57 65 -103 110 l-83 82 -270 -285z"/><path class="sym-line" fill="black" d="M520 1091 l-275 -291 -122 128 -122 127 -1 -512 0 -513 486 0 c462 0 486 1 473 18 -7 9 -60 65 -117 124 -71 73 -101 111 -96 120 4 7 125 136 269 286 143 150 261 278 263 285 1 7 -28 43 -66 80 l-68 68 -273 -288 c-150 -159 -276 -289 -280 -291 -4 -1 -53 47 -109 107 l-101 109 274 288 c151 159 275 293 275 298 0 4 -30 40 -67 78 l-68 69 -275 -290z"/></g></svg>
  <svg x='503' y='487'><g transform="translate(0.150473191431,14.0633483059) scale(0.00985915292844,-0.0100666588668)"><path class="sym-fill" fill="white" d="M665 944 c-148 -157 -270 -291 -270 -298 0 -8 44 -59 97 -114 l98 -101 276 290 276 289 -21 27 c-11 16 -57 65 -103 110 l-83 82 -270 -285z"/><path class="sym-line" fill="black" d="M520 1091 l-275 -291 -122 128 -122 127 -1 -512 0 -513 486 0 c462 0 486 1 473 18 -7 9 -60 65 -117 124 -71 73 -101 111 -96 120 4 7 125 136 269 286 143 150 261 278 263 285 1 7 -28 43 -66 80 l-68 68 -273 -288 c-150 -159 -276 -289 -280 -291 -4 -1 -53 47 -109 107 l-101 109 274 288 c151 159 275 293 275 298 0 4 -30 40 -67 78 l-68 69 -275 -290z"/></g></svg>
  <svg x='504' y='535'><g transform="translate(0.00366383120733,26.7742588234) scale(0.00990285859924,-0.00993570235257)"><path class="sym-fill" fill="white" d="M1030 1425 l0 -200 456 -473 c251 -260 460 -472 464 -470 4 2 48 46 98 98 l90 95 -520 540 c-285 297 -535 556 -554 575 l-34 35 0 -200z"/><path class="sym-line" fill="black" d="M1043 2657 c-40 -11 -73 -24 -73 -30 0 -5 45 -185 100 -399 55 -215 100 -392 100 -394 0 -2 -44 -4 -98 -4 l-98 0 -323 335 c-177 184 -325 335 -329 335 -4 0 -36 -32 -70 -70 l-64 -71 93 -97 c51 -53 197 -206 326 -338 l233 -241 0 -102 c0 -93 -2 -102 -17 -97 -143 43 -756 206 -760 202 -9 -9 -53 -179 -48 -184 3 -4 455 -131 788 -222 l37 -11 0 -61 c0 -61 0 -62 61 -130 l61 -68 -361 0 -361 0 0 -54 c0 -29 3 -74 6 -100 l7 -46 453 0 452 0 392 -405 c216 -223 396 -405 400 -403 12 4 650 669 650 677 -1 3 -88 96 -195 206 l-195 200 0 403 0 402 -95 0 -95 0 -2 -301 -3 -302 -260 272 -260 271 -61 0 -60 0 -110 425 c-99 385 -111 425 -129 424 -11 -1 -53 -11 -92 -22z m492 -1548 c275 -286 524 -546 554 -579 l53 -59 -98 -101 -99 -100 -462 481 -463 481 0 199 c0 109 3 199 8 198 4 0 232 -235 507 -520z"/></g></svg>
  <svg x='470' y='534'><g transform="translate(0.181461873816,26.8092542006) scale(0.00988948653769,-0.00997446889367)"><path class="sym-fill" fill="white" d="M1014 1047 l-552 -572 92 -95 c50 -52 94 -96 97 -98 4 -2 212 210 463 470 l456 473 0 197 c0 109 -1 198 -2 198 -2 0 -251 -258 -554 -573z"/><path class="sym-line" fill="black" d="M1440 2668 c0 -6 -48 -197 -107 -425 l-106 -413 -61 0 -61 -1 -260 -271 -260 -271 -3 302 -2 301 -95 0 -95 0 0 -402 0 -403 -196 -203 -197 -203 30 -32 c165 -178 620 -642 628 -642 5 0 185 181 399 403 l388 402 459 0 459 0 0 100 0 100 -361 0 -361 0 61 65 61 66 0 64 0 64 38 11 c319 87 784 218 787 221 5 6 -36 172 -45 182 -6 7 -568 -140 -762 -199 -16 -5 -18 4 -18 97 l0 101 262 272 c144 149 291 301 326 338 l65 66 -63 71 c-35 39 -66 71 -70 71 -5 0 -153 -151 -330 -335 l-323 -335 -99 0 c-90 0 -99 2 -94 18 15 49 196 770 196 779 0 5 -37 20 -82 32 -95 24 -108 26 -108 9z m140 -1238 l0 -200 -462 -481 -463 -480 -98 102 -98 103 39 40 c181 191 1075 1116 1078 1116 2 0 4 -90 4 -200z"/></g></svg>
</svg>