<svg version='1.1' xmlns='http://www.w3.org/2000/svg' width='152' height='40' viewBox='424 480 152 40'>
  <text font-size='0'>AS20302S2030aS26502S26516S2f700S2fb00S14c02S14c0aM576x520S20302561x499S2030a424x500S26502541x500S26516442x501S14c02505x497S14c0a462x497S2fb00490x491S2f700491x480</text>
  <svg x='561' y='499'><g transform="translate(0.0,15.0) scale(0.01,-0.01)"><path class="sym-fill" fill="white" d="M200 750 l0 -550 550 0 550 0 0 550 0 550 -550 0 -550 0 0 -550z"/><path class="sym-line" fill="black" d="M0 750 l0 -750 750 0 750 0 0 750 0 750 -750 0 -750 0 0 -750z m1300 0 l0 -550 -550 0 -550 0 0 550 0 550 550 0 550 0 0 -550z"/></g></svg>
  <svg x='424' y='500'><g transform="translate(0.0,15.0) scale(0.01,-0.01)"><path class="sym-fill" fill="white" d="M200 750 l0 -550 550 0 550 0 0 550 0 550 -550 0 -550 0 0 -550z"/><path class="sym-line" fill="black" d="M0 750 l0 -750 750 0 750 0 0 750 0 750 -750 0 -750 0 0 -750z m1300 0 l0 -550 -550 0 -550 0 0 550 0 550 550 0 550 0 0 -550z"/></g></svg>
  <svg x='541' y='500'><g transform="translate(0.198128695057,13.7002011211) scale(0.0097007872376,-0.0096798311579)"><path class="sym-line" fill="black" d="M345 1050 l-350 -350 353 -353 352 -352 0 303 0 302 400 0 400 0 0 100 0 100 -400 0 -400 0 -2 300 -3 300 -350 -350z"/></g></svg>
  <svg x='442' y='501'><g transform="translate(0.149734255248,13.6974450331) scale(0.0097007872376,-0.00964308576999)"><path class="sym-fill" fill="white" d="M900 700 l0 -455 227 228 228 227 -228 227 -227 228 0 -455z"/><path class="sym-line" fill="black" d="M800 1102 l0 -302 -400 0 -400 0 0 -100 0 -100 400 0 400 0 0 -302 0 -303 352 353 353 352 -353 352 -352 353 0 -303z m327 -629 l-227 -228 0 455 0 455 227 -228 228 -227 -228 -227z"/></g></svg>
  <svg x='505' y='497'><g transform="translate(0.150230433539,22.9376331902) scale(0.00987129082304,-0.00990834595228)"><path class="sym-fill" fill="white" d="M1336 1366 c-82 -78 -147 -147 -145 -153 2 -6 70 -74 150 -152 l147 -141 706 0 706 0 0 295 0 295 -707 0 -708 -1 -149 -143z"/><path class="sym-line" fill="black" d="M1827 2237 c-37 -34 -67 -66 -67 -72 0 -5 100 -110 222 -232 l223 -223 -405 0 -404 0 -46 -44 -45 -44 -400 229 c-220 126 -402 229 -405 229 -10 -1 -101 -164 -96 -175 2 -6 163 -102 357 -213 195 -111 361 -207 369 -212 12 -8 1 -24 -60 -85 l-74 -75 -498 0 -498 0 0 -105 0 -105 498 0 498 0 74 -75 c49 -49 71 -78 63 -83 -6 -4 -173 -99 -372 -212 -198 -113 -360 -210 -361 -217 0 -13 92 -173 100 -172 3 0 185 102 405 228 l400 229 45 -44 46 -44 104 -1 105 0 -278 -272 c-152 -150 -277 -277 -277 -283 0 -6 32 -42 71 -78 l70 -67 227 220 c125 121 285 278 357 350 l130 131 597 0 598 0 0 495 0 495 -297 0 -296 0 -298 295 c-164 162 -301 295 -306 295 -4 0 -39 -29 -76 -63z m1073 -1022 l0 -295 -712 0 -713 0 -147 147 -148 148 147 147 148 148 712 0 713 0 0 -295z"/></g></svg>
  <svg x='462' y='497'><g transform="translate(0.150230433539,22.9376331902) scale(0.00987129082304,-0.00990834595228)"><path class="sym-fill" fill="white" d="M200 1215 l0 -295 706 0 706 0 147 141 c80 78 147 147 149 153 1 7 -65 76 -147 154 l-149 142 -706 0 -706 0 0 -295z"/><path class="sym-line" fill="black" d="M891 2005 l-298 -295 -296 0 -297 0 0 -495 0 -495 598 0 597 0 130 -131 c72 -72 232 -229 357 -350 l227 -220 70 67 c39 36 71 72 71 78 0 6 -125 133 -277 283 l-278 272 105 0 104 1 46 44 45 44 400 -229 c220 -126 402 -228 405 -228 8 -1 100 159 100 172 -1 7 -163 104 -361 217 -199 113 -366 208 -372 212 -8 5 14 34 63 83 l74 75 498 0 498 0 0 105 0 105 -498 0 -498 0 -74 75 c-61 61 -72 77 -60 85 8 5 174 101 369 212 194 111 355 207 357 213 5 11 -86 174 -96 175 -3 0 -185 -103 -405 -229 l-400 -229 -45 44 -46 44 -404 0 -405 0 223 223 c122 122 222 227 222 234 0 11 -132 133 -144 133 -4 0 -141 -133 -305 -295z m881 -642 l148 -148 -147 -147 -148 -148 -712 0 -713 0 0 295 0 295 712 0 713 0 147 -147z"/></g></svg>
  <svg x='490' y='491'><g transform="translate(0.169849905175,5.76208528494) scale(0.0097007872376,-0.00950858679199)"><path class="sym-line" fill="black" d="M552 580 c-226 -60 -429 -239 -518 -459 -13 -33 -27 -73 -30 -90 l-6 -31 60 0 61 0 42 83 c54 103 163 217 264 273 205 113 445 113 650 0 101 -56 210 -170 264 -273 l42 -83 61 0 61 0 -7 31 c-22 111 -99 242 -206 349 -99 99 -217 167 -346 200 -105 27 -289 27 -392 0z"/></g></svg>
  <svg x='491' y='480'><g transform="translate(0.0,7.0) scale(0.01,-0.01)"><path class="sym-line" fill="black" d="M463 432 l-463 -267 0 -82 0 -83 600 0 600 0 0 100 0 100 -355 2 -355 3 355 205 355 204 0 43 0 43 -137 0 -138 -1 -462 -267z"/></g></svg>
</svg>