<svg version='1.1' xmlns='http://www.w3.org/2000/svg' width='42' height='72' viewBox='479 464 42 72'>
  <text font-size='0'>AS20310S20314S22a24S2fb04S20500S20500S20500S20500S36d00M521x536S36d00479x464S20310506x484S20314479x484S22a24494x505S20500481x505S20500481x519S20500510x505S20500509x520S2fb04493x530</text>
  <svg x='479' y='464'><g transform="translate(0.0,4.0) scale(0.01,-0.01)"><path class="sym-line" fill="black" d="M0 200 l0 -200 2100 0 2100 0 0 200 0 200 -2100 0 -2100 0 0 -200z"/></g></svg>
  <svg x='506' y='484'><g transform="translate(0.0,15.0) scale(0.01,-0.01)"><path class="sym-fill" fill="white" d="M200 750 l0 -550 300 0 300 0 0 550 0 550 -300 0 -300 0 0 -550z"/><path class="sym-line" fill="black" d="M0 750 l0 -750 750 0 750 0 0 750 0 750 -750 0 -750 0 0 -750z m800 0 l0 -550 -300 0 -300 0 0 550 0 550 300 0 300 0 0 -550z"/></g></svg>
  <svg x='479' y='484'><g transform="translate(0.0,15.0) scale(0.01,-0.01)"><path class="sym-fill" fill="white" d="M700 750 l0 -550 300 0 300 0 0 550 0 550 -300 0 -300 0 0 -550z"/><path class="sym-line" fill="black" d="M0 750 l0 -750 750 0 750 0 0 750 0 750 -750 0 -750 0 0 -750z m1300 0 l0 -550 -300 0 -300 0 0 550 0 550 300 0 300 0 0 -550z"/></g></svg>
  <svg x='494' y='505'><g transform="translate(0.0921364477167,14.7505211307) scale(0.00978261585208,-0.00973472242044)"><path class="sym-fill" fill="white" d="M510 1100 l0 -400 140 0 140 0 0 400 0 400 -140 0 -140 0 0 -400z"/><path class="sym-line" fill="black" d="M330 1100 l0 -400 90 0 90 0 0 400 0 400 -90 0 -90 0 0 -400z M790 1100 l0 -400 90 0 90 0 0 400 0 400 -90 0 -90 0 0 -400z M36 668 c17 -18 160 -176 318 -350 158 -175 291 -318 296 -318 5 0 138 143 296 317 158 175 301 333 318 351 l30 32 -131 0 -132 0 -181 -199 c-99 -110 -184 -202 -189 -206 -5 -3 -93 87 -196 200 l-186 205 -137 0 -136 0 30 -32z"/></g></svg>
  <svg x='481' y='505'><g transform="translate(-0.221878406359,10.7500002304) scale(0.0103429235226,-0.00963778430032)"><path class="sym-line" fill="black" d="M430 895 l0 -205 -37 23 c-21 13 -95 61 -165 105 l-128 82 -36 -71 c-19 -40 -32 -75 -27 -79 4 -3 74 -48 156 -99 81 -51 147 -97 147 -101 0 -4 -66 -50 -147 -101 -82 -51 -152 -96 -156 -99 -5 -4 8 -39 27 -79 l36 -71 128 82 c70 44 144 92 165 105 l37 23 0 -205 0 -205 70 0 70 0 0 205 0 205 38 -23 c20 -13 94 -61 164 -105 l128 -82 36 71 c19 40 32 75 27 79 -4 3 -74 48 -155 99 -82 51 -148 97 -148 101 0 4 66 50 148 101 81 51 151 96 155 99 5 4 -8 39 -27 79 l-36 71 -128 -82 c-70 -44 -144 -92 -164 -105 l-38 -23 0 205 0 205 -70 0 -70 0 0 -205z"/></g></svg>
  <svg x='481' y='519'><g transform="translate(-0.221878406359,10.7500002304) scale(0.0103429235226,-0.00963778430032)"><path class="sym-line" fill="black" d="M430 895 l0 -205 -37 23 c-21 13 -95 61 -165 105 l-128 82 -36 -71 c-19 -40 -32 -75 -27 -79 4 -3 74 -48 156 -99 81 -51 147 -97 147 -101 0 -4 -66 -50 -147 -101 -82 -51 -152 -96 -156 -99 -5 -4 8 -39 27 -79 l36 -71 128 82 c70 44 144 92 165 105 l37 23 0 -205 0 -205 70 0 70 0 0 205 0 205 38 -23 c20 -13 94 -61 164 -105 l128 -82 36 71 c19 40 32 75 27 79 -4 3 -74 48 -155 99 -82 51 -148 97 -148 101 0 4 66 50 148 101 81 51 151 96 155 99 5 4 -8 39 -27 79 l-36 71 -128 -82 c-70 -44 -144 -92 -164 -105 l-38 -23 0 205 0 205 -70 0 -70 0 0 -205z"/></g></svg>
  <svg x='510' y='505'><g transform="translate(-0.221878406359,10.7500002304) scale(0.0103429235226,-0.00963778430032)"><path class="sym-line" fill="black" d="M430 895 l0 -205 -37 23 c-21 13 -95 61 -165 105 l-128 82 -36 -71 c-19 -40 -32 -75 -27 -79 4 -3 74 -48 156 -99 81 -51 147 -97 147 -101 0 -4 -66 -50 -147 -101 -82 -51 -152 -96 -156 -99 -5 -4 8 -39 27 -79 l36 -71 128 82 c70 44 144 92 165 105 l37 23 0 -205 0 -205 70 0 70 0 0 205 0 205 38 -23 c20 -13 94 -61 164 -105 l128 -82 36 71 c19 40 32 75 27 79 -4 3 -74 48 -155 99 -82 51 -148 97 -148 101 0 4 66 50 148 101 81 51 151 96 155 99 5 4 -8 39 -27 79 l-36 71 -128 -82 c-70 -44 -144 -92 -164 -105 l-38 -23 0 205 0 205 -70 0 -70 0 0 -205z"/></g></svg>
  <svg x='509' y='520'><g transform="translate(-0.221878406359,10.7500002304) scale(0.0103429235226,-0.00963778430032)"><path class="sym-line" fill="black" d="M430 895 l0 -205 -37 23 c-21 13 -95 61 -165 105 l-128 82 -36 -71 c-19 -40 -32 -75 -27 -79 4 -3 74 -48 156 -99 81 -51 147 -97 147 -101 0 -4 -66 -50 -147 -101 -82 -51 -152 -96 -156 -99 -5 -4 8 -39 27 -79 l36 -71 128 82 c70 44 144 92 165 105 l37 23 0 -205 0 -205 70 0 70 0 0 205 0 205 38 -23 c20 -13 94 -61 164 -105 l128 -82 36 71 c19 40 32 75 27 79 -4 3 -74 48 -155 99 -82 51 -148 97 -148 101 0 4 66 50 148 101 81 51 151 96 155 99 5 4 -8 39 -27 79 l-36 71 -128 -82 c-70 -44 -144 -92 -164 -105 l-38 -23 0 205 0 205 -70 0 -70 0 0 -205z"/></g></svg>
  <svg x='493' y='530'><g transform="translate(0.178125321737,5.7484375) scale(0.00969593203301,-0.00933333333333)"><path class="sym-line" fill="black" d="M4 569 c22 -111 99 -242 206 -349 151 -151 320 -220 540 -220 220 0 389 69 540 220 107 107 184 238 206 349 l7 31 -61 0 -61 0 -42 -82 c-54 -104 -163 -218 -264 -274 -154 -85 -340 -108 -501 -61 -176 51 -331 177 -413 335 l-42 82 -61 0 -61 0 7 -31z"/></g></svg>
</svg>