<svg version='1.1' xmlns='http://www.w3.org/2000/svg' width='85' height='68' viewBox='457 466 85 68'>
  <text font-size='0'>AS20303S20305S20500S20500S2d600S2d618S2f900S2f900S37713S3770bM542x534S20303474x497S20305503x496S3770b487x511S37713489x512S20500518x514S20500470x514S2d600484x478S2d618489x466S2f900531x516S2f900457x518</text>
  <svg x='474' y='497'><g transform="translate(0.151481913954,20.7060077739) scale(0.00980871680229,-0.00983291001503)"><path class="sym-fill" fill="white" d="M667 1422 l-377 -377 380 -380 380 -380 380 380 380 380 -377 377 c-208 208 -380 378 -383 378 -3 0 -175 -170 -383 -378z"/><path class="sym-line" fill="black" d="M522 1567 l-522 -522 525 -525 525 -525 525 525 525 525 -522 522 c-288 288 -525 523 -528 523 -3 0 -240 -235 -528 -523z m910 -134 c208 -208 378 -382 378 -388 0 -6 -171 -181 -380 -390 l-380 -380 -385 385 -385 385 382 382 c211 211 385 383 388 383 3 0 175 -170 382 -377z"/></g></svg>
  <svg x='503' y='496'><g transform="translate(0.0997015518904,20.7485491077) scale(0.00981057662724,-0.00980957695607)"><path class="sym-fill" fill="white" d="M675 1430 l-380 -380 380 -380 380 -380 380 380 380 380 -380 380 -380 380 -380 -380z"/><path class="sym-line" fill="black" d="M530 1575 l-525 -525 525 -525 525 -525 525 525 525 525 -525 525 -525 525 -525 -525z m915 -905 c-209 -209 -384 -380 -390 -380 -6 0 -181 171 -390 380 l-380 380 385 385 385 385 385 -385 385 -385 -380 -380z"/></g></svg>
  <svg x='487' y='511'><g transform="translate(-0.981442752515,22.333772324) scale(0.0107782670044,-0.0103182059236)"><path class="sym-line" fill="black" d="M1024 1185 c-505 -531 -919 -971 -919 -979 0 -7 31 -46 69 -86 51 -55 72 -71 83 -64 8 5 428 443 933 973 l919 965 -72 75 c-39 42 -76 77 -82 79 -6 1 -425 -432 -931 -963z"/></g></svg>
  <svg x='489' y='512'><g transform="translate(-0.661073667604,22.5761143013) scale(0.0105463059735,-0.0105677089589)"><path class="sym-line" fill="black" d="M251 1948 l-174 -170 851 -851 852 -852 172 173 173 172 -850 849 -850 850 -174 -171z"/></g></svg>
  <svg x='518' y='514'><g transform="translate(-0.221878406359,10.7500002304) scale(0.0103429235226,-0.00963778430032)"><path class="sym-line" fill="black" d="M430 895 l0 -205 -37 23 c-21 13 -95 61 -165 105 l-128 82 -36 -71 c-19 -40 -32 -75 -27 -79 4 -3 74 -48 156 -99 81 -51 147 -97 147 -101 0 -4 -66 -50 -147 -101 -82 -51 -152 -96 -156 -99 -5 -4 8 -39 27 -79 l36 -71 128 82 c70 44 144 92 165 105 l37 23 0 -205 0 -205 70 0 70 0 0 205 0 205 38 -23 c20 -13 94 -61 164 -105 l128 -82 36 71 c19 40 32 75 27 79 -4 3 -74 48 -155 99 -82 51 -148 97 -148 101 0 4 66 50 148 101 81 51 151 96 155 99 5 4 -8 39 -27 79 l-36 71 -128 -82 c-70 -44 -144 -92 -164 -105 l-38 -23 0 205 0 205 -70 0 -70 0 0 -205z"/></g></svg>
  <svg x='470' y='514'><g transform="translate(-0.221878406359,10.7500002304) scale(0.0103429235226,-0.00963778430032)"><path class="sym-line" fill="black" d="M430 895 l0 -205 -37 23 c-21 13 -95 61 -165 105 l-128 82 -36 -71 c-19 -40 -32 -75 -27 -79 4 -3 74 -48 156 -99 81 -51 147 -97 147 -101 0 -4 -66 -50 -147 -101 -82 -51 -152 -96 -156 -99 -5 -4 8 -39 27 -79 l36 -71 128 82 c70 44 144 92 165 105 l37 23 0 -205 0 -205 70 0 70 0 0 205 0 205 38 -23 c20 -13 94 -61 164 -105 l128 -82 36 71 c19 40 32 75 27 79 -4 3 -74 48 -155 99 -82 51 -148 97 -148 101 0 4 66 50 148 101 81 51 151 96 155 99 5 4 -8 39 -27 79 l-36 71 -128 -82 c-70 -44 -144 -92 -164 -105 l-38 -23 0 205 0 205 -70 0 -70 0 0 -205z"/></g></svg>
  <svg x='484' y='478'><g transform="translate(0.150749190231,11.7548701066) scale(0.00984535298844,-0.00975232896833)"><path class="sym-line" fill="black" d="M1370 1184 c-148 -27 -311 -87 -434 -161 -104 -63 -176 -122 -319 -262 l-137 -135 -240 239 -240 240 0 -553 0 -552 552 0 553 0 -240 240 -240 241 130 124 c195 186 326 273 500 333 204 69 486 69 690 0 88 -31 209 -92 284 -145 36 -26 168 -147 292 -270 125 -123 231 -223 236 -223 5 0 40 32 78 70 l70 70 -210 211 c-211 212 -319 305 -431 372 -128 77 -285 134 -440 161 -109 19 -348 19 -454 0z"/></g></svg>
  <svg x='489' y='466'><g transform="translate(0.198409507087,11.7551245826) scale(0.00984535298844,-0.00974923141752)"><path class="sym-fill" fill="white" d="M2420 475 l-375 -375 378 0 377 0 0 375 c0 206 -1 375 -3 375 -1 0 -171 -169 -377 -375z"/><path class="sym-line" fill="black" d="M1070 1184 c-148 -27 -310 -87 -434 -161 -112 -67 -220 -160 -431 -372 l-210 -211 70 -70 c38 -38 73 -70 78 -70 5 0 111 100 236 223 124 123 256 244 292 270 75 53 196 114 284 145 204 69 486 69 690 0 174 -60 305 -147 500 -333 l130 -124 -240 -241 -240 -240 553 0 552 0 0 552 0 553 -240 -240 -240 -239 -137 135 c-76 75 -165 156 -198 180 -169 127 -355 207 -561 243 -109 19 -348 19 -454 0z m1727 -1081 c-2 -2 -172 -2 -376 -1 l-373 3 373 379 374 379 3 -378 c1 -208 1 -380 -1 -382z"/></g></svg>
  <svg x='531' y='516'><g transform="translate(0.180786096011,4.75000053092) scale(0.00958087152387,-0.00920312606184)"><path class="sym-line" fill="black" d="M245 488 c-55 -20 -116 -69 -150 -121 -45 -68 -84 -193 -92 -289 l-6 -78 107 0 106 0 0 40 c0 57 36 145 71 175 37 30 91 33 131 7 15 -10 53 -49 85 -87 82 -98 136 -129 231 -134 87 -4 139 9 200 51 86 59 157 215 169 371 l6 77 -107 0 -106 0 0 -40 c0 -57 -36 -145 -71 -175 -37 -30 -91 -33 -131 -7 -15 10 -53 49 -85 87 -32 38 -81 83 -107 100 -44 27 -59 30 -135 32 -47 1 -99 -3 -116 -9z"/></g></svg>
  <svg x='457' y='518'><g transform="translate(0.180786096011,4.75000053092) scale(0.00958087152387,-0.00920312606184)"><path class="sym-line" fill="black" d="M245 488 c-55 -20 -116 -69 -150 -121 -45 -68 -84 -193 -92 -289 l-6 -78 107 0 106 0 0 40 c0 57 36 145 71 175 37 30 91 33 131 7 15 -10 53 -49 85 -87 82 -98 136 -129 231 -134 87 -4 139 9 200 51 86 59 157 215 169 371 l6 77 -107 0 -106 0 0 -40 c0 -57 -36 -145 -71 -175 -37 -30 -91 -33 -131 -7 -15 10 -53 49 -85 87 -32 38 -81 83 -107 100 -44 27 -59 30 -135 32 -47 1 -99 -3 -116 -9z"/></g></svg>
</svg>