<svg version='1.1' xmlns='http://www.w3.org/2000/svg' width='48' height='94' viewBox='476 482 48 94'>
  <text font-size='0'>AS20340S20348S21b00S21600S21b00S21600S32a00S33500S2fb04S2f700M524x576S21600514x526S21b00487x527S32a00480x482S21600477x527S2fb04491x559S2f700491x569S21b00503x526S20340504x539S20348478x539S33500476x482</text>
  <svg x='514' y='526'><g transform="translate(0.149834234299,7.75047623956) scale(0.00950047578505,-0.00951302738823)"><path class="sym-line" fill="black" d="M280 782 c-174 -65 -280 -209 -280 -382 0 -218 182 -400 400 -400 218 0 400 182 400 400 0 173 -114 326 -284 383 -63 22 -177 21 -236 -1z"/></g></svg>
  <svg x='487' y='527'><g transform="translate(0.145459417632,7.7569354617) scale(0.00951442013667,-0.00959794917003)"><path class="sym-fill" fill="white" d="M309 572 c-43 -22 -59 -38 -81 -81 -16 -31 -28 -69 -28 -91 0 -22 12 -60 28 -91 22 -43 38 -59 81 -81 68 -36 114 -36 182 0 43 22 59 38 81 81 36 68 36 114 0 182 -22 43 -38 59 -81 81 -31 16 -69 28 -91 28 -22 0 -60 -12 -91 -28z"/><path class="sym-line" fill="black" d="M275 784 c-126 -44 -218 -136 -258 -258 -22 -64 -22 -188 0 -252 56 -169 203 -274 383 -274 180 0 327 105 383 274 22 64 22 188 0 252 -41 122 -134 216 -257 257 -61 21 -195 21 -251 1z m203 -199 c104 -44 151 -167 103 -270 -71 -153 -291 -153 -362 0 -33 72 -19 166 34 224 52 56 151 76 225 46z"/></g></svg>
  <svg x='480' y='482'><g transform="translate(0.102309309327,34.7500790925) scale(0.00989759602414,-0.00988956850125)"><path class="sym-line" fill="black" d="M1528 3484 c-389 -61 -720 -223 -999 -492 -253 -243 -424 -550 -501 -902 -20 -93 -23 -132 -23 -340 0 -208 3 -247 23 -340 107 -490 401 -899 832 -1157 281 -168 596 -253 940 -253 180 0 310 16 475 59 623 163 1109 640 1274 1251 70 259 70 621 0 880 -92 342 -281 639 -556 876 -258 223 -577 366 -930 419 -127 19 -413 18 -535 -1z m607 -173 c318 -69 584 -209 819 -432 81 -76 206 -226 206 -246 0 -4 -15 -18 -33 -29 -193 -125 -361 -362 -424 -599 -23 -88 -26 -119 -26 -255 0 -136 3 -167 26 -255 63 -237 231 -474 424 -599 18 -11 33 -25 33 -29 0 -20 -125 -170 -206 -246 -235 -223 -502 -363 -819 -431 -142 -31 -430 -39 -575 -16 -351 56 -629 188 -886 421 -77 70 -234 252 -234 271 0 5 20 21 44 37 115 72 263 242 333 381 180 356 143 766 -97 1084 -65 87 -167 186 -236 229 -24 16 -44 32 -44 37 0 19 157 201 234 271 248 225 512 354 851 416 143 26 467 21 610 -10z"/></g></svg>
  <svg x='477' y='527'><g transform="translate(0.149834234299,7.75047623956) scale(0.00950047578505,-0.00951302738823)"><path class="sym-line" fill="black" d="M280 782 c-174 -65 -280 -209 -280 -382 0 -218 182 -400 400 -400 218 0 400 182 400 400 0 173 -114 326 -284 383 -63 22 -177 21 -236 -1z"/></g></svg>
  <svg x='491' y='559'><g transform="translate(0.178125321737,5.7484375) scale(0.00969593203301,-0.00933333333333)"><path class="sym-line" fill="black" d="M4 569 c22 -111 99 -242 206 -349 151 -151 320 -220 540 -220 220 0 389 69 540 220 107 107 184 238 206 349 l7 31 -61 0 -61 0 -42 -82 c-54 -104 -163 -218 -264 -274 -154 -85 -340 -108 -501 -61 -176 51 -331 177 -413 335 l-42 82 -61 0 -61 0 7 -31z"/></g></svg>
  <svg x='491' y='569'><g transform="translate(0.0,7.0) scale(0.01,-0.01)"><path class="sym-line" fill="black" d="M463 432 l-463 -267 0 -82 0 -83 600 0 600 0 0 100 0 100 -355 2 -355 3 355 205 355 204 0 43 0 43 -137 0 -138 -1 -462 -267z"/></g></svg>
  <svg x='503' y='526'><g transform="translate(0.145459417632,7.7569354617) scale(0.00951442013667,-0.00959794917003)"><path class="sym-fill" fill="white" d="M309 572 c-43 -22 -59 -38 -81 -81 -16 -31 -28 -69 -28 -91 0 -22 12 -60 28 -91 22 -43 38 -59 81 -81 68 -36 114 -36 182 0 43 22 59 38 81 81 36 68 36 114 0 182 -22 43 -38 59 -81 81 -31 16 -69 28 -91 28 -22 0 -60 -12 -91 -28z"/><path class="sym-line" fill="black" d="M275 784 c-126 -44 -218 -136 -258 -258 -22 -64 -22 -188 0 -252 56 -169 203 -274 383 -274 180 0 327 105 383 274 22 64 22 188 0 252 -41 122 -134 216 -257 257 -61 21 -195 21 -251 1z m203 -199 c104 -44 151 -167 103 -270 -71 -153 -291 -153 -362 0 -33 72 -19 166 34 224 52 56 151 76 225 46z"/></g></svg>
  <svg x='504' y='539'><g transform="translate(0.0,15.0) scale(0.01,-0.01)"><path class="sym-fill" fill="white" d="M200 1200 l0 -100 -100 0 -100 0 0 -150 0 -150 100 0 100 0 0 -300 0 -300 300 0 300 0 0 300 0 300 350 0 350 0 0 150 0 150 -350 0 -350 0 0 100 0 100 -300 0 -300 0 0 -100z"/><path class="sym-line" fill="black" d="M0 1300 l0 -200 100 0 100 0 0 100 0 100 300 0 300 0 0 -100 0 -100 350 0 350 0 0 200 0 200 -750 0 -750 0 0 -200z M0 400 l0 -400 750 0 750 0 0 400 0 400 -350 0 -350 0 0 -300 0 -300 -300 0 -300 0 0 300 0 300 -100 0 -100 0 0 -400z"/></g></svg>
  <svg x='478' y='539'><g transform="translate(0.0,15.0) scale(0.01,-0.01)"><path class="sym-fill" fill="white" d="M700 1200 l0 -100 -350 0 -350 0 0 -150 0 -150 350 0 350 0 0 -300 0 -300 300 0 300 0 0 300 0 300 100 0 100 0 0 150 0 150 -100 0 -100 0 0 100 0 100 -300 0 -300 0 0 -100z"/><path class="sym-line" fill="black" d="M0 1300 l0 -200 350 0 350 0 0 100 0 100 300 0 300 0 0 -100 0 -100 100 0 100 0 0 200 0 200 -750 0 -750 0 0 -200z M0 400 l0 -400 750 0 750 0 0 400 0 400 -100 0 -100 0 0 -300 0 -300 -300 0 -300 0 0 300 0 300 -350 0 -350 0 0 -400z"/></g></svg>
  <svg x='476' y='482'><g transform="translate(0.149322511467,34.8014382156) scale(0.00991668692663,-0.00993232638023)"><path class="sym-line" fill="black" d="M2134 3485 c-211 -33 -361 -82 -559 -180 -274 -137 -504 -342 -679 -604 -139 -208 -245 -497 -272 -738 l-7 -63 50 0 c28 0 64 -3 81 -6 30 -6 31 -5 37 42 76 545 408 1005 895 1241 233 112 455 163 720 163 406 0 765 -134 1077 -400 273 -232 478 -602 528 -950 3 -25 8 -57 11 -72 l5 -26 77 5 c42 3 79 7 81 9 6 5 -19 165 -40 249 -29 117 -57 199 -102 300 -247 552 -762 938 -1374 1030 -124 18 -412 18 -529 0z M45 1928 c-18 -57 -46 -171 -43 -180 4 -11 248 -81 256 -73 6 6 51 168 52 186 0 11 -31 23 -124 47 -143 37 -135 36 -141 20z M4615 1909 c-60 -16 -115 -31 -121 -33 -17 -7 39 -201 57 -200 28 2 234 57 243 65 5 5 2 34 -8 71 -30 108 -37 128 -49 127 -7 0 -61 -14 -122 -30z M376 1749 c-15 -55 -26 -102 -24 -103 8 -6 299 -78 302 -75 7 8 55 193 51 197 -3 3 -291 82 -299 82 -2 0 -15 -45 -30 -101z M4237 1811 c-75 -21 -140 -40 -142 -43 -8 -8 46 -198 56 -198 17 0 284 72 291 78 10 10 -45 202 -57 201 -5 0 -72 -18 -148 -38z M791 1718 c-17 -49 -44 -168 -39 -173 3 -3 71 -23 152 -44 l146 -39 11 42 c6 22 18 67 27 99 8 31 13 59 11 62 -7 6 -267 75 -285 75 -8 0 -18 -10 -23 -22z M3832 1705 c-68 -19 -127 -36 -130 -39 -6 -6 7 -64 34 -157 l14 -46 146 38 c81 21 149 41 152 43 3 3 -6 47 -19 98 -30 112 -22 110 -197 63z M1180 1598 c-6 -24 -18 -67 -27 -96 -8 -30 -12 -56 -9 -59 7 -7 298 -85 301 -81 1 2 13 47 28 101 18 71 22 99 14 102 -23 9 -279 75 -287 75 -5 0 -14 -19 -20 -42z M3440 1601 c-101 -27 -135 -41 -134 -52 2 -29 47 -189 53 -189 13 1 292 77 296 82 2 2 -7 48 -22 101 -19 73 -30 97 -42 96 -9 -1 -77 -18 -151 -38z M1585 1529 c-22 -66 -52 -185 -46 -191 3 -4 50 -18 104 -31 70 -18 99 -22 102 -14 13 38 54 191 52 192 -1 1 -41 12 -88 23 -47 12 -93 24 -102 28 -10 3 -19 0 -22 -7z M3100 1512 c-52 -14 -96 -26 -97 -27 -2 -1 48 -195 51 -202 1 -1 47 10 104 24 77 19 102 29 102 42 0 30 -47 185 -56 187 -5 1 -52 -10 -104 -24z M0 1100 l0 -100 105 0 105 0 0 100 0 100 -105 0 -105 0 0 -100z M300 1100 l0 -100 160 0 160 0 0 100 0 100 -160 0 -160 0 0 -100z M710 1100 l0 -100 160 0 160 0 0 100 0 100 -160 0 -160 0 0 -100z M1120 1100 l0 -100 155 0 155 0 0 100 0 100 -155 0 -155 0 0 -100z M1530 1100 l0 -100 105 0 105 0 0 100 0 100 -105 0 -105 0 0 -100z M3060 1100 l0 -100 105 0 105 0 0 100 0 100 -105 0 -105 0 0 -100z M3360 1100 l0 -100 160 0 160 0 0 100 0 100 -160 0 -160 0 0 -100z M3770 1100 l0 -100 160 0 160 0 0 100 0 100 -160 0 -160 0 0 -100z M4180 1100 l0 -100 160 0 160 0 0 100 0 100 -160 0 -160 0 0 -100z M4590 1100 l0 -100 105 0 105 0 0 100 0 100 -105 0 -105 0 0 -100z M1640 893 c-52 -13 -98 -27 -101 -31 -9 -10 46 -197 57 -197 5 0 53 11 107 25 76 19 96 27 93 39 -3 9 -15 52 -27 96 -12 44 -25 83 -28 86 -3 3 -49 -5 -101 -18z M3031 827 c-13 -50 -26 -97 -28 -102 -3 -9 170 -60 201 -60 9 0 56 155 56 186 0 12 -22 22 -87 38 -49 12 -95 24 -103 26 -12 4 -21 -16 -39 -88z M1287 801 c-75 -21 -140 -40 -143 -43 -5 -6 41 -186 50 -195 4 -5 281 64 297 73 11 6 -44 204 -56 203 -5 0 -72 -18 -148 -38z M3327 743 c-14 -54 -23 -101 -19 -105 9 -8 292 -82 296 -77 8 8 55 193 51 197 -4 5 -283 81 -296 82 -3 0 -17 -44 -32 -97z M901 699 c-79 -21 -146 -41 -149 -44 -5 -5 22 -124 39 -172 5 -13 15 -23 23 -23 18 0 278 69 284 75 5 5 -36 171 -47 191 -4 7 -53 -2 -150 -27z M3736 691 c-27 -92 -40 -151 -34 -156 11 -11 279 -77 291 -72 13 5 64 184 55 193 -3 3 -71 22 -152 43 l-146 38 -14 -46z M490 592 c-74 -19 -136 -37 -138 -38 -4 -2 47 -196 52 -202 4 -3 296 74 301 80 2 2 -8 47 -22 101 -20 72 -30 97 -42 96 -9 -1 -77 -17 -151 -37z M4116 534 c-15 -53 -24 -99 -22 -102 7 -6 298 -84 301 -80 9 13 52 194 47 200 -7 6 -274 78 -291 78 -4 0 -20 -43 -35 -96z M128 497 c-64 -18 -120 -35 -124 -39 -7 -8 33 -177 46 -191 4 -5 64 6 134 24 135 35 136 36 117 95 -5 16 -17 55 -26 87 -8 31 -19 57 -23 56 -4 0 -60 -15 -124 -32z M4535 519 c-19 -57 -51 -190 -46 -193 3 -2 62 -18 130 -36 92 -23 126 -28 131 -20 16 26 52 182 44 189 -5 4 -58 20 -119 36 -60 15 -116 30 -122 32 -7 3 -15 -1 -18 -8z M1401 393 c-23 -31 -41 -60 -41 -64 0 -24 282 -176 415 -223 239 -84 341 -101 625 -101 268 0 360 14 573 85 192 64 475 214 463 245 -9 23 -78 115 -86 115 -5 0 -46 -23 -92 -51 -203 -124 -422 -201 -652 -229 -151 -19 -423 -8 -556 23 -193 46 -386 125 -530 218 -33 21 -65 39 -70 39 -5 0 -27 -25 -49 -57z"/></g></svg>
</svg>