<svg version='1.1' xmlns='http://www.w3.org/2000/svg' width='72' height='144' viewBox='482 477 72 144'>
  <text font-size='0'>AS30000S10a12S22f04S22b03S15a40S15a48S22a04S22a14S2fb04M554x621S30000482x482S10a12499x477S22f04529x478S22b03524x519S15a40514x557S15a48483x557S22a04515x595S22a14483x593S2fb04496x615</text>
  <svg x='482' y='482'><g transform="translate(0.149874875465,34.7500790925) scale(0.00988906872676,-0.00988956850125)"><path class="sym-line" fill="black" d="M1528 3484 c-592 -92 -1088 -447 -1348 -963 -125 -249 -180 -485 -180 -771 0 -480 183 -911 529 -1242 350 -336 780 -508 1271 -508 451 0 864 150 1193 434 326 281 517 620 591 1051 21 121 21 409 0 530 -43 252 -114 444 -237 639 -282 453 -741 750 -1284 831 -127 19 -413 18 -535 -1z m522 -159 c108 -18 251 -53 263 -64 10 -10 -51 -94 -101 -139 -120 -109 -254 -162 -411 -162 -195 0 -360 82 -478 238 -23 31 -40 59 -37 63 5 9 159 46 259 63 114 19 388 19 505 1z m-904 -157 c60 -117 205 -245 349 -309 139 -62 347 -78 497 -40 177 46 351 170 445 319 20 31 37 58 38 60 10 12 219 -108 318 -182 318 -235 533 -571 619 -966 32 -152 32 -448 0 -600 -71 -327 -228 -611 -458 -829 -186 -177 -381 -295 -614 -374 -176 -60 -282 -78 -490 -84 -247 -7 -416 19 -628 97 -549 201 -944 674 -1043 1250 -17 97 -17 383 0 480 78 452 341 849 726 1095 41 26 208 115 217 115 4 0 15 -15 24 -32z"/></g></svg>
  <svg x='499' y='477'><g transform="translate(0.158807026082,14.7505211307) scale(0.00984232496737,-0.00973472242044)"><path class="sym-fill" fill="white" d="M1300 500 l0 -300 550 0 550 0 0 300 0 300 -550 0 -550 0 0 -300z"/><path class="sym-line" fill="black" d="M268 1481 c-118 -38 -189 -98 -237 -201 l-26 -55 -3 -512 -3 -513 100 0 100 0 3 473 c3 514 2 499 62 565 51 57 50 57 459 60 l377 3 0 -650 0 -651 750 0 750 0 0 750 0 750 -1137 -1 c-1073 0 -1141 -1 -1195 -18z m2132 -981 l0 -300 -550 0 -550 0 0 300 0 300 550 0 550 0 0 -300z"/></g></svg>
  <svg x='529' y='478'><g transform="translate(0.0309481176548,13.7520098667) scale(0.00993924845563,-0.00971683740478)"><path class="sym-fill" fill="white" d="M540 1050 l0 -350 140 0 140 0 0 350 0 350 -140 0 -140 0 0 -350z M1680 1050 l0 -350 140 0 140 0 0 350 0 350 -140 0 -140 0 0 -350z"/><path class="sym-line" fill="black" d="M340 1050 l0 -350 -164 -2 -164 -3 330 -347 c181 -192 333 -348 337 -348 5 0 91 87 192 193 100 105 227 238 281 294 l98 102 281 -295 c155 -162 286 -293 292 -291 6 2 158 158 337 348 l327 344 -163 3 -164 2 0 350 0 350 -100 0 -100 0 0 -350 0 -350 -145 0 -145 0 0 350 0 350 -95 0 -95 0 0 -350 0 -350 -230 0 -230 0 0 350 0 350 -95 0 -95 0 0 -350 0 -350 -145 0 -145 0 0 350 0 350 -100 0 -100 0 0 -350z"/></g></svg>
  <svg x='524' y='519'><g transform="translate(0.148922017325,24.0580861241) scale(0.00993671163373,-0.0100433737655)"><path class="sym-fill" fill="white" d="M1183 1473 l-764 -756 23 -22 c13 -12 76 -72 140 -135 l118 -113 485 479 c267 263 613 604 768 756 l282 276 -135 136 c-74 75 -139 136 -143 136 -5 0 -353 -341 -774 -757z"/><path class="sym-line" fill="black" d="M1250 1824 c-311 -306 -656 -647 -767 -758 l-203 -201 -140 140 -140 140 0 -558 0 -557 562 0 563 0 -138 138 -138 138 763 755 c420 415 763 758 763 763 0 4 -31 37 -70 71 l-70 63 -770 -759 -769 -760 -140 140 -140 140 495 487 c272 268 618 611 769 761 l275 273 -70 70 -70 70 -565 -556z"/></g></svg>
  <svg x='514' y='557'><g transform="translate(0.0,27.0) scale(0.01,-0.01)"><path class="sym-fill" fill="white" d="M398 2213 l-198 -198 0 -158 0 -157 -100 0 -100 0 0 -150 0 -150 100 0 100 0 0 -600 0 -600 200 0 200 0 0 600 0 600 300 0 300 0 0 150 0 150 -300 0 -300 0 -2 355 -3 355 -197 -197z"/><path class="sym-line" fill="black" d="M297 2402 l-297 -297 0 -203 0 -202 100 0 100 0 0 163 0 162 200 200 200 200 0 -363 0 -362 300 0 300 0 0 203 0 202 -298 298 c-163 163 -299 297 -302 297 -3 0 -139 -134 -303 -298z M0 700 l0 -700 600 0 600 0 0 700 0 700 -300 0 -300 0 0 -600 0 -600 -200 0 -200 0 0 600 0 600 -100 0 -100 0 0 -700z"/></g></svg>
  <svg x='483' y='557'><g transform="translate(0.0,27.0) scale(0.01,-0.01)"><path class="sym-fill" fill="white" d="M600 2057 l0 -357 -300 0 -300 0 0 -150 0 -150 300 0 300 0 0 -600 0 -600 200 0 200 0 0 600 0 600 100 0 100 0 0 150 0 150 -100 0 -100 0 0 158 0 157 -200 200 -200 200 0 -358z"/><path class="sym-line" fill="black" d="M297 2402 l-297 -297 0 -203 0 -202 300 0 300 0 0 362 0 363 200 -200 200 -200 0 -162 0 -163 100 0 100 0 0 203 0 202 -298 298 c-163 163 -299 297 -302 297 -3 0 -139 -134 -303 -298z M0 700 l0 -700 600 0 600 0 0 700 0 700 -100 0 -100 0 0 -600 0 -600 -200 0 -200 0 0 600 0 600 -300 0 -300 0 0 -700z"/></g></svg>
  <svg x='515' y='595'><g transform="translate(0.043463926586,14.7505211307) scale(0.00985915292844,-0.00973472242044)"><path class="sym-fill" fill="white" d="M510 1100 l0 -400 140 0 140 0 0 400 0 400 -140 0 -140 0 0 -400z"/><path class="sym-line" fill="black" d="M330 1100 l0 -400 -159 -2 -160 -3 315 -347 c174 -192 319 -348 324 -348 5 0 150 156 324 348 l315 347 -160 3 -159 2 0 400 0 400 -90 0 -90 0 0 -400 0 -400 -140 0 -140 0 0 400 0 400 -90 0 -90 0 0 -400z"/></g></svg>
  <svg x='483' y='593'><g transform="translate(0.043463926586,14.7505211307) scale(0.00985915292844,-0.00973472242044)"><path class="sym-fill" fill="white" d="M510 1100 l0 -400 140 0 140 0 0 400 0 400 -140 0 -140 0 0 -400z M277 557 c144 -163 368 -407 373 -407 5 0 229 244 373 407 l39 43 -412 0 -412 0 39 -43z"/><path class="sym-line" fill="black" d="M330 1100 l0 -400 -159 -2 -160 -3 315 -347 c174 -192 319 -348 324 -348 5 0 150 156 324 348 l315 347 -160 3 -159 2 0 400 0 400 -90 0 -90 0 0 -400 0 -400 -140 0 -140 0 0 400 0 400 -90 0 -90 0 0 -400z m714 -522 c-82 -96 -388 -428 -394 -428 -6 0 -312 332 -394 428 l-19 22 413 0 413 0 -19 -22z"/></g></svg>
  <svg x='496' y='615'><g transform="translate(0.178125321737,5.7484375) scale(0.00969593203301,-0.00933333333333)"><path class="sym-line" fill="black" d="M4 569 c22 -111 99 -242 206 -349 151 -151 320 -220 540 -220 220 0 389 69 540 220 107 107 184 238 206 349 l7 31 -61 0 -61 0 -42 -82 c-54 -104 -163 -218 -264 -274 -154 -85 -340 -108 -501 -61 -176 51 -331 177 -413 335 l-42 82 -61 0 -61 0 7 -31z"/></g></svg>
</svg>