<svg version='1.1' xmlns='http://www.w3.org/2000/svg' width='75' height='150' viewBox='472 482 75 150'>
  <text font-size='0'>AS33010S10011S22b03S20311S27102S20319S27116S2fb00M547x632S33010479x482S10011526x501S22b03507x532S20311509x564S20319472x565S27102519x589S27116474x592S2fb00493x560</text>
  <svg x='479' y='482'><g transform="translate(0.157503411491,34.7388826413) scale(0.00990209147713,-0.0098841133313)"><path class="sym-line" fill="black" d="M1500 3480 c-314 -53 -571 -164 -812 -347 -305 -233 -527 -557 -628 -918 -81 -289 -81 -641 0 -930 169 -603 670 -1083 1285 -1234 215 -52 499 -67 707 -36 605 91 1093 443 1361 981 l52 104 61 0 c131 0 291 60 412 155 350 273 350 817 0 1090 -130 102 -280 155 -438 155 l-86 0 -26 54 c-80 163 -232 357 -390 496 -262 232 -586 381 -946 435 -141 21 -415 19 -552 -5z m625 -169 c608 -132 1085 -575 1244 -1154 69 -252 69 -562 0 -814 -159 -579 -638 -1023 -1244 -1153 -128 -28 -419 -38 -545 -20 -354 50 -673 202 -920 437 -274 261 -437 576 -486 943 -66 497 111 987 486 1343 238 226 531 370 880 432 119 22 458 13 585 -14z m1498 -986 c96 -25 176 -72 253 -149 79 -79 126 -160 149 -258 63 -268 -98 -541 -374 -635 -62 -21 -131 -30 -131 -17 0 3 9 40 19 82 34 133 44 232 44 402 0 209 -17 322 -89 568 -6 20 -3 22 33 22 21 0 65 -7 96 -15z"/></g></svg>
  <svg x='526' y='501'><g transform="translate(0.0827624000386,29.8972374025) scale(0.00988338120185,-0.00991626663417)"><path class="sym-fill" fill="white" d="M601 1204 l-191 -197 42 -46 c23 -25 182 -189 353 -365 l310 -318 193 197 193 198 -128 131 c-71 72 -230 236 -355 363 l-226 233 -191 -196z"/><path class="sym-line" fill="black" d="M76 2931 l-69 -69 486 -498 485 -498 -371 -381 c-204 -209 -393 -403 -419 -431 l-49 -51 481 -494 c264 -272 487 -494 495 -494 8 0 231 222 495 494 l481 494 -49 51 c-152 158 -1893 1946 -1895 1946 -2 0 -33 -31 -71 -69z m1020 -1838 c165 -170 324 -334 353 -365 l54 -58 -188 -192 c-104 -106 -194 -193 -200 -193 -12 0 -696 698 -703 716 -4 9 367 398 379 399 3 0 140 -138 305 -307z"/></g></svg>
  <svg x='507' y='532'><g transform="translate(0.148922017325,24.0580861241) scale(0.00993671163373,-0.0100433737655)"><path class="sym-fill" fill="white" d="M1183 1473 l-764 -756 23 -22 c13 -12 76 -72 140 -135 l118 -113 485 479 c267 263 613 604 768 756 l282 276 -135 136 c-74 75 -139 136 -143 136 -5 0 -353 -341 -774 -757z"/><path class="sym-line" fill="black" d="M1250 1824 c-311 -306 -656 -647 -767 -758 l-203 -201 -140 140 -140 140 0 -558 0 -557 562 0 563 0 -138 138 -138 138 763 755 c420 415 763 758 763 763 0 4 -31 37 -70 71 l-70 63 -770 -759 -769 -760 -140 140 -140 140 495 487 c272 268 618 611 769 761 l275 273 -70 70 -70 70 -565 -556z"/></g></svg>
  <svg x='509' y='564'><g transform="translate(0.199328273943,20.7485491077) scale(0.00980871680229,-0.00980957695607)"><path class="sym-fill" fill="white" d="M490 1255 l-205 -205 380 -380 380 -380 207 207 208 208 -377 377 c-208 208 -380 378 -383 378 -3 0 -97 -92 -210 -205z"/><path class="sym-line" fill="black" d="M520 1575 l-525 -525 525 -525 525 -525 525 525 525 525 -525 525 -525 525 -525 -525z m740 -1080 c-113 -113 -209 -205 -215 -205 -6 0 -181 171 -390 380 l-380 380 210 210 210 210 385 -385 385 -385 -205 -205z"/></g></svg>
  <svg x='472' y='565'><g transform="translate(0.0997015518904,20.7485491077) scale(0.00981057662724,-0.00980957695607)"><path class="sym-fill" fill="white" d="M1017 1082 l-377 -377 208 -208 207 -207 380 380 380 380 -205 205 c-113 113 -207 205 -210 205 -3 0 -175 -170 -383 -378z"/><path class="sym-line" fill="black" d="M530 1575 l-525 -525 525 -525 525 -525 525 525 525 525 -525 525 -525 525 -525 -525z m915 -905 c-209 -209 -384 -380 -390 -380 -6 0 -102 92 -215 205 l-205 205 385 385 385 385 210 -210 210 -210 -380 -380z"/></g></svg>
  <svg x='519' y='589'><g transform="translate(0.198936059556,39.6996216369) scale(0.00966859326382,-0.00988779603421)"><path class="sym-line" fill="black" d="M345 3650 l-350 -350 353 -353 352 -352 0 303 0 302 350 0 350 0 0 100 0 100 -350 0 -350 0 -2 300 -3 300 -350 -350z M800 2402 l0 -302 -350 0 -350 0 0 -100 0 -100 350 0 350 0 0 -302 0 -303 352 353 353 352 -353 352 -352 353 0 -303z M345 1050 l-350 -350 353 -353 352 -352 0 303 0 302 350 0 350 0 0 100 0 100 -350 0 -350 0 -2 300 -3 300 -350 -350z"/></g></svg>
  <svg x='474' y='592'><g transform="translate(0.198936059556,39.7014459718) scale(0.00966859326382,-0.00987539862011)"><path class="sym-fill" fill="white" d="M900 3300 l0 -455 227 228 228 227 -228 227 -227 228 0 -455z M370 2225 l-225 -225 228 -228 227 -227 0 453 c0 248 -1 452 -3 452 -1 0 -103 -101 -227 -225z M900 700 l0 -455 227 228 228 227 -228 227 -227 228 0 -455z"/><path class="sym-line" fill="black" d="M800 3702 l0 -302 -350 0 -350 0 0 -100 0 -100 350 0 350 0 0 -302 0 -303 352 353 353 352 -353 352 -352 353 0 -303z m327 -629 l-227 -228 0 455 0 455 227 -228 228 -227 -228 -227z M345 2350 l-350 -350 353 -353 352 -352 0 303 0 302 350 0 350 0 0 100 0 100 -350 0 -350 0 -2 300 -3 300 -350 -350z m255 -352 l0 -453 -227 227 -228 228 225 225 c124 124 226 225 227 225 2 0 3 -204 3 -452z M800 1102 l0 -302 -350 0 -350 0 0 -100 0 -100 350 0 350 0 0 -302 0 -303 352 353 353 352 -353 352 -352 353 0 -303z m327 -629 l-227 -228 0 455 0 455 227 -228 228 -227 -228 -227z"/></g></svg>
  <svg x='493' y='560'><g transform="translate(0.169849905175,5.76208528494) scale(0.0097007872376,-0.00950858679199)"><path class="sym-line" fill="black" d="M552 580 c-226 -60 -429 -239 -518 -459 -13 -33 -27 -73 -30 -90 l-6 -31 60 0 61 0 42 83 c54 103 163 217 264 273 205 113 445 113 650 0 101 -56 210 -170 264 -273 l42 -83 61 0 61 0 -7 31 c-22 111 -99 242 -206 349 -99 99 -217 167 -346 200 -105 27 -289 27 -392 0z"/></g></svg>
</svg>