<svg version='1.1' xmlns='http://www.w3.org/2000/svg' width='76' height='60' viewBox='462 482 76 60'>
  <text font-size='0'>AS33100S12101S12109S21700S21700S21700S21700M538x542S33100482x482S12101468x497S12109504x498S21700524x490S21700532x496S21700462x495S21700473x487S37600488x519</text>
  <svg x='482' y='482'><g transform="translate(0.149874875465,34.7500790925) scale(0.00988906872676,-0.00988956850125)"><path class="sym-line" fill="black" d="M1528 3484 c-592 -92 -1088 -447 -1348 -963 -125 -249 -180 -485 -180 -771 0 -480 183 -911 529 -1242 350 -336 780 -508 1271 -508 451 0 864 150 1193 434 326 281 517 620 591 1051 21 121 21 409 0 530 -43 252 -114 444 -237 639 -282 453 -741 750 -1284 831 -127 19 -413 18 -535 -1z m607 -173 c583 -126 1038 -523 1224 -1069 59 -173 75 -277 75 -492 0 -165 -3 -211 -22 -300 -71 -327 -228 -611 -458 -829 -186 -177 -381 -295 -614 -374 -176 -60 -282 -78 -490 -84 -247 -7 -416 19 -628 97 -549 201 -944 674 -1043 1250 -17 97 -17 383 0 480 99 576 495 1050 1043 1250 105 38 177 58 303 81 143 26 467 21 610 -10z M1720 1800 l0 -600 80 0 80 0 0 600 0 600 -80 0 -80 0 0 -600z"/></g></svg>
  <svg x='468' y='497'><g transform="translate(0.129877459552,25.9740737176) scale(0.00990289401619,-0.00998110759709)"><path class="sym-fill" fill="white" d="M1390 1334 c-201 -191 -364 -349 -363 -353 2 -3 168 -162 370 -354 l367 -347 71 68 c38 38 203 194 365 348 162 153 296 281 298 285 3 8 -723 699 -735 699 -4 0 -172 -156 -373 -346z"/><path class="sym-line" fill="black" d="M880 2402 c-107 -103 -196 -192 -198 -197 -2 -9 121 -130 349 -342 l55 -52 74 66 73 67 -137 131 -137 130 65 57 64 58 266 -252 c146 -138 265 -252 264 -253 -2 0 -91 -85 -199 -188 l-196 -186 -403 382 c-222 210 -407 382 -410 382 -8 0 -404 -373 -408 -385 -3 -7 397 -390 407 -390 3 0 38 29 76 65 l70 64 -135 130 -135 131 60 55 c33 30 64 53 69 52 5 -2 156 -142 336 -312 l327 -310 -116 -110 c-64 -61 -140 -133 -169 -161 l-54 -50 506 -479 c279 -264 511 -481 516 -483 12 -4 1015 946 1015 961 0 7 -87 95 -192 196 -106 101 -193 187 -193 191 0 4 135 135 301 291 l300 284 -71 68 -71 68 -38 -33 c-21 -18 -158 -147 -305 -286 l-266 -254 -38 34 c-22 18 -278 260 -571 538 -293 278 -538 506 -544 507 -7 1 -100 -82 -207 -185z m1280 -1087 c162 -153 307 -290 323 -304 l28 -27 -338 -320 c-186 -176 -355 -335 -375 -353 l-38 -33 -371 353 -371 352 59 57 c32 32 199 191 372 355 l314 296 51 -49 c28 -27 184 -174 346 -327z"/></g></svg>
  <svg x='504' y='498'><g transform="translate(0.0627884331029,26.0012077771) scale(0.00990289401619,-0.0099795109113)"><path class="sym-fill" fill="white" d="M870 1341 c-201 -191 -365 -352 -365 -358 0 -5 142 -144 315 -308 173 -164 338 -319 365 -346 l50 -48 365 345 c201 190 366 351 367 357 1 7 -118 125 -263 262 -146 138 -311 293 -367 346 l-102 96 -365 -346z"/><path class="sym-line" fill="black" d="M1335 2050 c-313 -297 -573 -539 -576 -538 -4 2 -119 109 -256 238 -136 130 -272 258 -301 285 l-53 49 -70 -70 -70 -70 301 -284 c165 -156 300 -287 300 -291 0 -4 -87 -89 -193 -189 -105 -101 -193 -188 -195 -194 -3 -14 996 -961 1013 -961 16 0 1015 945 1015 960 0 5 -74 80 -165 165 l-165 154 22 22 c256 244 640 604 646 604 4 -1 34 -26 67 -56 l60 -55 -135 -130 -135 -129 70 -65 c38 -36 73 -64 77 -63 14 6 409 381 406 387 -2 4 -94 94 -206 200 l-202 193 -143 -135 c-78 -74 -261 -247 -407 -385 l-265 -251 -80 77 c-44 43 -133 127 -197 188 l-118 111 266 253 265 252 63 -60 63 -61 -134 -127 -135 -128 71 -69 71 -69 73 68 c40 38 132 125 205 194 72 68 132 128 132 131 0 9 -399 389 -408 389 -4 0 -263 -243 -577 -540z m255 -695 c162 -153 317 -299 343 -325 l48 -47 -371 -352 c-331 -314 -373 -350 -388 -339 -10 7 -179 166 -376 352 l-357 340 33 32 c18 18 186 177 373 353 l339 321 31 -28 c16 -16 163 -154 325 -307z"/></g></svg>
  <svg x='524' y='490'><g transform="translate(0.122258036556,5.78783991185) scale(0.00942174598188,-0.00946860566452)"><path class="sym-line" fill="black" d="M205 587 c-85 -34 -137 -81 -177 -157 -34 -65 -33 -195 1 -262 29 -57 81 -109 141 -140 65 -33 195 -33 260 0 60 31 112 83 141 140 35 68 35 196 0 264 -29 57 -81 109 -141 140 -53 27 -176 35 -225 15z"/></g></svg>
  <svg x='532' y='496'><g transform="translate(0.122258036556,5.78783991185) scale(0.00942174598188,-0.00946860566452)"><path class="sym-line" fill="black" d="M205 587 c-85 -34 -137 -81 -177 -157 -34 -65 -33 -195 1 -262 29 -57 81 -109 141 -140 65 -33 195 -33 260 0 60 31 112 83 141 140 35 68 35 196 0 264 -29 57 -81 109 -141 140 -53 27 -176 35 -225 15z"/></g></svg>
  <svg x='462' y='495'><g transform="translate(0.122258036556,5.78783991185) scale(0.00942174598188,-0.00946860566452)"><path class="sym-line" fill="black" d="M205 587 c-85 -34 -137 -81 -177 -157 -34 -65 -33 -195 1 -262 29 -57 81 -109 141 -140 65 -33 195 -33 260 0 60 31 112 83 141 140 35 68 35 196 0 264 -29 57 -81 109 -141 140 -53 27 -176 35 -225 15z"/></g></svg>
  <svg x='473' y='487'><g transform="translate(0.122258036556,5.78783991185) scale(0.00942174598188,-0.00946860566452)"><path class="sym-line" fill="black" d="M205 587 c-85 -34 -137 -81 -177 -157 -34 -65 -33 -195 1 -262 29 -57 81 -109 141 -140 65 -33 195 -33 260 0 60 31 112 83 141 140 35 68 35 196 0 264 -29 57 -81 109 -141 140 -53 27 -176 35 -225 15z"/></g></svg>
  <svg x='488' y='519'><g transform="translate(0.151007603865,22.7701047694) scale(0.00983243230676,-0.00983550750842)"><path class="sym-line" fill="black" d="M66 2239 c-37 -34 -66 -68 -64 -75 2 -7 238 -238 525 -513 l523 -501 -525 -502 c-289 -277 -525 -508 -525 -515 0 -11 121 -124 140 -131 4 -2 243 222 531 497 287 276 525 501 529 501 4 0 242 -225 529 -501 288 -275 527 -499 531 -497 19 7 140 120 140 131 0 7 -236 238 -525 515 l-525 502 523 501 c287 275 523 506 525 513 3 13 -123 136 -140 136 -5 0 -243 -225 -530 -500 -287 -275 -525 -500 -528 -500 -3 0 -241 225 -528 500 -287 275 -525 500 -530 500 -5 0 -39 -28 -76 -61z"/></g></svg>
</svg>