<svg version='1.1' xmlns='http://www.w3.org/2000/svg' width='22' height='284' viewBox='489 358 22 284'>
  <text font-size='0'>M511x642S11a20495x358S17620495x392S1f720490x412S10120495x431S11a20495x465S11520495x499S11920489x533S11920489x563S14a20495x593S11a20495x612</text>
  <svg x='495' y='358'><g transform="translate(0.0,30.0) scale(0.01,-0.01)"><path class="sym-line" fill="black" d="M600 2552 l0 -447 -300 -300 -300 -300 0 -752 0 -753 750 0 750 0 0 750 0 750 -350 0 -350 0 0 253 0 252 255 255 c140 140 255 257 255 260 0 3 -34 36 -76 74 l-76 69 -179 -179 -179 -179 0 348 0 347 -100 0 -100 0 0 -448z m0 -902 l0 -150 -152 0 -153 0 150 150 c82 83 151 150 152 150 2 0 3 -67 3 -150z"/></g></svg>
  <svg x='495' y='392'><g transform="translate(0.0996925829584,15.7992338797) scale(0.00981117768656,-0.00980419842474)"><path class="sym-line" fill="black" d="M670 1594 c-235 -45 -460 -214 -578 -434 -73 -135 -87 -195 -87 -360 0 -125 3 -155 23 -215 88 -265 292 -469 557 -557 60 -20 90 -23 215 -23 125 0 155 3 215 23 265 88 469 292 557 557 20 60 23 90 23 215 0 125 -3 155 -23 215 -71 214 -218 389 -413 494 -125 67 -187 83 -334 86 -71 2 -141 1 -155 -1z"/></g></svg>
  <svg x='490' y='412'><g transform="translate(0.131576825216,14.7505211307) scale(0.00980873003133,-0.00973472242044)"><path class="sym-line" fill="black" d="M498 959 l-3 -542 -159 277 c-87 152 -161 276 -164 276 -2 0 -42 -21 -88 -47 -55 -31 -83 -53 -82 -63 2 -9 113 -206 247 -438 l244 -422 753 0 754 0 0 750 0 750 -750 0 -750 0 -2 -541z"/></g></svg>
  <svg x='495' y='431'><g transform="translate(0.148094496523,29.7975477761) scale(0.00978277517384,-0.00988303675869)"><path class="sym-line" fill="black" d="M2 1823 l3 -1178 23 -65 c96 -268 295 -465 557 -552 60 -20 90 -23 215 -23 125 0 155 3 215 23 265 88 469 292 557 557 20 60 23 90 23 215 0 125 -3 155 -23 215 -88 265 -292 469 -557 557 -60 20 -90 23 -215 23 -125 0 -155 -3 -215 -23 -126 -42 -246 -114 -347 -211 l-38 -35 0 837 0 837 -100 0 -100 0 2 -1177z"/></g></svg>
  <svg x='495' y='465'><g transform="translate(0.0,30.0) scale(0.01,-0.01)"><path class="sym-line" fill="black" d="M600 2552 l0 -447 -300 -300 -300 -300 0 -752 0 -753 750 0 750 0 0 750 0 750 -350 0 -350 0 0 253 0 252 255 255 c140 140 255 257 255 260 0 3 -34 36 -76 74 l-76 69 -179 -179 -179 -179 0 348 0 347 -100 0 -100 0 0 -448z m0 -902 l0 -150 -152 0 -153 0 150 150 c82 83 151 150 152 150 2 0 3 -67 3 -150z"/></g></svg>
  <svg x='495' y='499'><g transform="translate(0.0,30.0) scale(0.01,-0.01)"><path class="sym-line" fill="black" d="M500 2250 l0 -750 -150 0 -150 0 0 600 0 600 -100 0 -100 0 0 -1350 0 -1350 750 0 750 0 0 750 0 750 -400 0 -400 0 0 750 0 750 -100 0 -100 0 0 -750z"/></g></svg>
  <svg x='489' y='533'><g transform="translate(0.0993500505466,25.7553629057) scale(0.00983413273824,-0.0099185278208)"><path class="sym-line" fill="black" d="M291 2506 l-74 -75 323 -333 c178 -183 382 -393 454 -465 l131 -133 -100 0 -100 1 -379 394 c-209 217 -385 395 -391 395 -6 0 -42 -32 -80 -70 l-70 -70 106 -108 c58 -59 201 -206 317 -326 l212 -219 0 -749 0 -748 730 0 730 0 0 750 0 750 -344 0 -344 0 -433 448 c-238 246 -474 489 -524 540 l-90 93 -74 -75z"/></g></svg>
  <svg x='489' y='563'><g transform="translate(0.0993500505466,25.7553629057) scale(0.00983413273824,-0.0099185278208)"><path class="sym-line" fill="black" d="M291 2506 l-74 -75 323 -333 c178 -183 382 -393 454 -465 l131 -133 -100 0 -100 1 -379 394 c-209 217 -385 395 -391 395 -6 0 -42 -32 -80 -70 l-70 -70 106 -108 c58 -59 201 -206 317 -326 l212 -219 0 -749 0 -748 730 0 730 0 0 750 0 750 -344 0 -344 0 -433 448 c-238 246 -474 489 -524 540 l-90 93 -74 -75z"/></g></svg>
  <svg x='495' y='593'><g transform="translate(-0.149900597859,14.7505211307) scale(0.00993234377835,-0.00973472242044)"><path class="sym-fill" fill="white" d="M20 750 l0 -150 445 0 445 0 0 150 0 150 -445 0 -445 0 0 -150z"/><path class="sym-line" fill="black" d="M30 1200 l0 -300 440 0 440 0 0 -150 0 -150 -440 0 -440 0 0 -300 0 -300 735 0 735 0 0 750 0 750 -735 0 -735 0 0 -300z"/></g></svg>
  <svg x='495' y='612'><g transform="translate(0.0,30.0) scale(0.01,-0.01)"><path class="sym-line" fill="black" d="M600 2552 l0 -447 -300 -300 -300 -300 0 -752 0 -753 750 0 750 0 0 750 0 750 -350 0 -350 0 0 253 0 252 255 255 c140 140 255 257 255 260 0 3 -34 36 -76 74 l-76 69 -179 -179 -179 -179 0 348 0 347 -100 0 -100 0 0 -448z m0 -902 l0 -150 -152 0 -153 0 150 150 c82 83 151 150 152 150 2 0 3 -67 3 -150z"/></g></svg>
</svg>