<svg version='1.1' xmlns='http://www.w3.org/2000/svg' width='26' height='197' viewBox='487 402 26 197'>
  <text font-size='0'>M513x599S18d20487x402S14a20492x431S10120492x450S19220492x484S16d20491x507S1f720487x531S11a20492x550S14a20492x584</text>
  <svg x='487' y='402'><g transform="translate(-0.059479313744,24.7539235506) scale(0.0099046274341,-0.00988018118416)"><path class="sym-line" fill="black" d="M411 2424 c-34 -37 -61 -71 -61 -75 0 -7 534 -573 724 -766 l81 -83 -155 1 -155 0 -340 359 c-187 198 -345 359 -351 360 -12 0 -134 -134 -133 -147 0 -4 123 -136 274 -293 l274 -285 1 -747 0 -748 715 0 715 0 0 754 0 754 -467 491 c-257 270 -472 491 -479 491 -7 0 -40 -32 -74 -71 l-63 -70 30 -32 c61 -66 639 -675 707 -744 l70 -73 -144 0 -145 1 -470 494 c-259 272 -475 495 -482 495 -6 0 -39 -30 -72 -66z"/></g></svg>
  <svg x='492' y='431'><g transform="translate(-0.149900597859,14.7505211307) scale(0.00993234377835,-0.00973472242044)"><path class="sym-fill" fill="white" d="M20 750 l0 -150 445 0 445 0 0 150 0 150 -445 0 -445 0 0 -150z"/><path class="sym-line" fill="black" d="M30 1200 l0 -300 440 0 440 0 0 -150 0 -150 -440 0 -440 0 0 -300 0 -300 735 0 735 0 0 750 0 750 -735 0 -735 0 0 -300z"/></g></svg>
  <svg x='492' y='450'><g transform="translate(0.148094496523,29.7975477761) scale(0.00978277517384,-0.00988303675869)"><path class="sym-line" fill="black" d="M2 1823 l3 -1178 23 -65 c96 -268 295 -465 557 -552 60 -20 90 -23 215 -23 125 0 155 3 215 23 265 88 469 292 557 557 20 60 23 90 23 215 0 125 -3 155 -23 215 -88 265 -292 469 -557 557 -60 20 -90 23 -215 23 -125 0 -155 -3 -215 -23 -126 -42 -246 -114 -347 -211 l-38 -35 0 837 0 837 -100 0 -100 0 2 -1177z"/></g></svg>
  <svg x='492' y='484'><g transform="translate(0.151301014747,18.749322358) scale(0.00981776176264,-0.00979417818707)"><path class="sym-line" fill="black" d="M1560 1665 l-245 -235 -657 0 -658 0 0 -715 0 -715 750 0 750 0 0 528 0 527 300 284 c166 157 299 290 298 296 -4 16 -270 265 -283 264 -5 0 -120 -105 -255 -234z"/></g></svg>
  <svg x='491' y='507'><g transform="translate(0.180759557901,19.7524059778) scale(0.00975093803673,-0.00984567638089)"><path class="sym-line" fill="black" d="M665 1984 c-138 -28 -274 -87 -370 -161 -102 -79 -200 -219 -246 -350 -26 -76 -49 -184 -49 -234 l0 -39 105 0 105 0 0 29 c0 71 53 160 130 216 102 75 283 130 467 142 l93 6 0 -691 0 -692 -78 0 c-239 0 -482 72 -603 179 -50 44 -109 144 -109 185 0 25 -2 26 -56 26 l-57 0 5 -69 c10 -135 103 -277 240 -364 161 -103 411 -166 660 -167 347 0 578 136 713 421 71 152 78 196 83 559 4 350 -1 411 -45 533 -82 229 -266 388 -528 458 -104 28 -354 35 -460 13z"/></g></svg>
  <svg x='487' y='531'><g transform="translate(0.131576825216,14.7505211307) scale(0.00980873003133,-0.00973472242044)"><path class="sym-line" fill="black" d="M498 959 l-3 -542 -159 277 c-87 152 -161 276 -164 276 -2 0 -42 -21 -88 -47 -55 -31 -83 -53 -82 -63 2 -9 113 -206 247 -438 l244 -422 753 0 754 0 0 750 0 750 -750 0 -750 0 -2 -541z"/></g></svg>
  <svg x='492' y='550'><g transform="translate(0.0,30.0) scale(0.01,-0.01)"><path class="sym-line" fill="black" d="M600 2552 l0 -447 -300 -300 -300 -300 0 -752 0 -753 750 0 750 0 0 750 0 750 -350 0 -350 0 0 253 0 252 255 255 c140 140 255 257 255 260 0 3 -34 36 -76 74 l-76 69 -179 -179 -179 -179 0 348 0 347 -100 0 -100 0 0 -448z m0 -902 l0 -150 -152 0 -153 0 150 150 c82 83 151 150 152 150 2 0 3 -67 3 -150z"/></g></svg>
  <svg x='492' y='584'><g transform="translate(-0.149900597859,14.7505211307) scale(0.00993234377835,-0.00973472242044)"><path class="sym-fill" fill="white" d="M20 750 l0 -150 445 0 445 0 0 150 0 150 -445 0 -445 0 0 -150z"/><path class="sym-line" fill="black" d="M30 1200 l0 -300 440 0 440 0 0 -150 0 -150 -440 0 -440 0 0 -300 0 -300 735 0 735 0 0 750 0 750 -735 0 -735 0 0 -300z"/></g></svg>
</svg>