<svg version='1.1' xmlns='http://www.w3.org/2000/svg' width='27' height='196' viewBox='487 402 27 196'>
  <text font-size='0'>M514x598S1ce20492x402S14a20493x436S18d20488x455S19220493x484S11920487x507S19220493x537S20320493x560S1fb20494x579</text>
  <svg x='492' y='402'><g transform="translate(0.141780341959,29.7975477761) scale(0.00989923423951,-0.00988303675869)"><path class="sym-line" fill="black" d="M770 2301 l0 -698 -77 -6 c-322 -26 -609 -290 -678 -622 -19 -95 -19 -255 0 -350 48 -229 199 -431 402 -537 139 -73 183 -83 363 -83 142 1 162 3 235 28 418 140 644 609 498 1035 l-25 73 209 215 c114 118 271 280 347 360 l139 145 -72 72 -72 72 -333 -340 -333 -339 -60 58 -60 58 289 585 c159 322 288 586 286 588 -8 7 -169 85 -176 85 -5 0 -136 -259 -292 -576 -311 -631 -281 -582 -355 -554 l-25 10 0 710 0 710 -105 0 -105 0 0 -699z"/></g></svg>
  <svg x='493' y='436'><g transform="translate(-0.149900597859,14.7505211307) scale(0.00993234377835,-0.00973472242044)"><path class="sym-fill" fill="white" d="M20 750 l0 -150 445 0 445 0 0 150 0 150 -445 0 -445 0 0 -150z"/><path class="sym-line" fill="black" d="M30 1200 l0 -300 440 0 440 0 0 -150 0 -150 -440 0 -440 0 0 -300 0 -300 735 0 735 0 0 750 0 750 -735 0 -735 0 0 -300z"/></g></svg>
  <svg x='488' y='455'><g transform="translate(-0.059479313744,24.7539235506) scale(0.0099046274341,-0.00988018118416)"><path class="sym-line" fill="black" d="M411 2424 c-34 -37 -61 -71 -61 -75 0 -7 534 -573 724 -766 l81 -83 -155 1 -155 0 -340 359 c-187 198 -345 359 -351 360 -12 0 -134 -134 -133 -147 0 -4 123 -136 274 -293 l274 -285 1 -747 0 -748 715 0 715 0 0 754 0 754 -467 491 c-257 270 -472 491 -479 491 -7 0 -40 -32 -74 -71 l-63 -70 30 -32 c61 -66 639 -675 707 -744 l70 -73 -144 0 -145 1 -470 494 c-259 272 -475 495 -482 495 -6 0 -39 -30 -72 -66z"/></g></svg>
  <svg x='493' y='484'><g transform="translate(0.151301014747,18.749322358) scale(0.00981776176264,-0.00979417818707)"><path class="sym-line" fill="black" d="M1560 1665 l-245 -235 -657 0 -658 0 0 -715 0 -715 750 0 750 0 0 528 0 527 300 284 c166 157 299 290 298 296 -4 16 -270 265 -283 264 -5 0 -120 -105 -255 -234z"/></g></svg>
  <svg x='487' y='507'><g transform="translate(0.0993500505466,25.7553629057) scale(0.00983413273824,-0.0099185278208)"><path class="sym-line" fill="black" d="M291 2506 l-74 -75 323 -333 c178 -183 382 -393 454 -465 l131 -133 -100 0 -100 1 -379 394 c-209 217 -385 395 -391 395 -6 0 -42 -32 -80 -70 l-70 -70 106 -108 c58 -59 201 -206 317 -326 l212 -219 0 -749 0 -748 730 0 730 0 0 750 0 750 -344 0 -344 0 -433 448 c-238 246 -474 489 -524 540 l-90 93 -74 -75z"/></g></svg>
  <svg x='493' y='537'><g transform="translate(0.151301014747,18.749322358) scale(0.00981776176264,-0.00979417818707)"><path class="sym-line" fill="black" d="M1560 1665 l-245 -235 -657 0 -658 0 0 -715 0 -715 750 0 750 0 0 528 0 527 300 284 c166 157 299 290 298 296 -4 16 -270 265 -283 264 -5 0 -120 -105 -255 -234z"/></g></svg>
  <svg x='493' y='560'><g transform="translate(0.0,15.0) scale(0.01,-0.01)"><path class="sym-line" fill="black" d="M0 750 l0 -750 750 0 750 0 0 750 0 750 -750 0 -750 0 0 -750z"/></g></svg>
  <svg x='494' y='579'><g transform="translate(0.0,19.0) scale(0.01,-0.01)"><path class="sym-line" fill="black" d="M300 1700 l0 -200 -150 0 -150 0 0 -750 0 -750 750 0 750 0 0 750 0 750 -400 0 -400 0 0 200 0 200 -200 0 -200 0 0 -200z"/></g></svg>
</svg>