<svg version='1.1' xmlns='http://www.w3.org/2000/svg' width='37' height='217' viewBox='481 392 37 217'>
  <text font-size='0'>M518x609S11502481x392S14a20495x413S14a20496x492S14220482x511S11502481x594S19220497x545S1f720491x571S10020497x456S24502484x434</text>
  <svg x='481' y='392'><g transform="translate(0.0,15.0) scale(0.01,-0.01)"><path class="sym-fill" fill="white" d="M1700 750 l0 -550 550 0 550 0 0 550 0 550 -550 0 -550 0 0 -550z"/><path class="sym-line" fill="black" d="M300 1400 l0 -100 600 0 600 0 0 -150 0 -150 -750 0 -750 0 0 -100 0 -100 750 0 750 0 0 -400 0 -400 750 0 750 0 0 750 0 750 -1350 0 -1350 0 0 -100z m2500 -650 l0 -550 -550 0 -550 0 0 550 0 550 550 0 550 0 0 -550z"/></g></svg>
  <svg x='495' y='413'><g transform="translate(-0.149900597859,14.7505211307) scale(0.00993234377835,-0.00973472242044)"><path class="sym-fill" fill="white" d="M20 750 l0 -150 445 0 445 0 0 150 0 150 -445 0 -445 0 0 -150z"/><path class="sym-line" fill="black" d="M30 1200 l0 -300 440 0 440 0 0 -150 0 -150 -440 0 -440 0 0 -300 0 -300 735 0 735 0 0 750 0 750 -735 0 -735 0 0 -300z"/></g></svg>
  <svg x='496' y='492'><g transform="translate(-0.149900597859,14.7505211307) scale(0.00993234377835,-0.00973472242044)"><path class="sym-fill" fill="white" d="M20 750 l0 -150 445 0 445 0 0 150 0 150 -445 0 -445 0 0 -150z"/><path class="sym-line" fill="black" d="M30 1200 l0 -300 440 0 440 0 0 -150 0 -150 -440 0 -440 0 0 -300 0 -300 735 0 735 0 0 750 0 750 -735 0 -735 0 0 -300z"/></g></svg>
  <svg x='482' y='511'><g transform="translate(0.0,30.0) scale(0.01,-0.01)"><path class="sym-line" fill="black" d="M1400 2250 l0 -750 -700 0 -700 0 0 -100 0 -100 248 0 247 0 453 -453 452 -452 0 -198 0 -197 750 0 750 0 0 750 0 750 -650 0 -650 0 0 750 0 750 -100 0 -100 0 0 -750z m0 -1250 c0 -165 -1 -300 -3 -300 -1 0 -137 135 -302 300 l-300 300 303 0 302 0 0 -300z"/></g></svg>
  <svg x='481' y='594'><g transform="translate(0.0,15.0) scale(0.01,-0.01)"><path class="sym-fill" fill="white" d="M1700 750 l0 -550 550 0 550 0 0 550 0 550 -550 0 -550 0 0 -550z"/><path class="sym-line" fill="black" d="M300 1400 l0 -100 600 0 600 0 0 -150 0 -150 -750 0 -750 0 0 -100 0 -100 750 0 750 0 0 -400 0 -400 750 0 750 0 0 750 0 750 -1350 0 -1350 0 0 -100z m2500 -650 l0 -550 -550 0 -550 0 0 550 0 550 550 0 550 0 0 -550z"/></g></svg>
  <svg x='497' y='545'><g transform="translate(0.151301014747,18.749322358) scale(0.00981776176264,-0.00979417818707)"><path class="sym-line" fill="black" d="M1560 1665 l-245 -235 -657 0 -658 0 0 -715 0 -715 750 0 750 0 0 528 0 527 300 284 c166 157 299 290 298 296 -4 16 -270 265 -283 264 -5 0 -120 -105 -255 -234z"/></g></svg>
  <svg x='491' y='571'><g transform="translate(0.131576825216,14.7505211307) scale(0.00980873003133,-0.00973472242044)"><path class="sym-line" fill="black" d="M498 959 l-3 -542 -159 277 c-87 152 -161 276 -164 276 -2 0 -42 -21 -88 -47 -55 -31 -83 -53 -82 -63 2 -9 113 -206 247 -438 l244 -422 753 0 754 0 0 750 0 750 -750 0 -750 0 -2 -541z"/></g></svg>
  <svg x='497' y='456'><g transform="translate(0.0,30.0) scale(0.01,-0.01)"><path class="sym-line" fill="black" d="M0 1500 l0 -1500 750 0 750 0 0 750 0 750 -650 0 -650 0 0 750 0 750 -100 0 -100 0 0 -1500z"/></g></svg>
  <svg x='484' y='434'><g transform="translate(0.118411205097,17.8676554514) scale(0.00988118784612,-0.00984400997302)"><path class="sym-fill" fill="white" d="M1355 1357 c143 -138 321 -311 395 -384 l135 -133 -592 0 -593 0 0 -145 0 -145 955 0 c525 0 955 1 955 3 0 2 -178 174 -394 382 l-395 380 640 3 639 2 0 145 0 145 -1002 0 -1003 -1 260 -252z"/><path class="sym-line" fill="black" d="M745 1662 c77 -76 255 -249 395 -384 l255 -247 -347 -1 -348 0 -2 170 -3 170 -347 -332 c-190 -183 -346 -339 -345 -347 1 -7 157 -163 347 -346 l345 -333 3 169 2 169 1200 0 c660 0 1200 3 1200 8 0 4 -176 176 -391 382 l-390 375 391 3 390 2 0 100 0 100 -637 0 -636 0 19 -21 c10 -12 187 -183 392 -381 204 -198 372 -364 372 -369 0 -5 -402 -9 -955 -9 l-955 0 0 150 0 150 591 2 591 3 -389 374 c-213 206 -389 378 -391 382 -2 5 445 9 997 9 l1001 0 0 95 0 95 -1247 0 -1248 0 140 -138z"/></g></svg>
</svg>