<svg version='1.1' xmlns='http://www.w3.org/2000/svg' width='152' height='92' viewBox='366 482 152 92'>
  <text font-size='0'>M518x574S1853e498x518S36500482x482S1853e459x549S26a11432x547S26a01468x516S20500506x516S10018383x511S1f502387x498S20b00366x508</text>
  <svg x='498' y='518'><g transform="translate(0.0,25.0) scale(0.01,-0.01)"><path class="sym-fill" fill="white" d="M100 435 l0 -325 650 0 650 0 0 325 0 325 -650 0 -650 0 0 -325z"/><path class="sym-line" fill="black" d="M0 1790 l0 -710 200 0 200 0 2 277 3 276 255 -276 255 -277 143 0 c78 0 142 4 142 8 0 4 -180 204 -400 443 l-400 434 0 268 0 267 -200 0 -200 0 0 -710z M0 435 l0 -435 750 0 750 0 0 435 0 435 -750 0 -750 0 0 -435z m1400 0 l0 -325 -650 0 -650 0 0 325 0 325 650 0 650 0 0 -325z"/></g></svg>
  <svg x='482' y='482'><g transform="translate(0.149874875465,34.7500790925) scale(0.00988906872676,-0.00988956850125)"><path class="sym-line" fill="black" d="M1528 3484 c-592 -92 -1088 -447 -1348 -963 -125 -249 -180 -485 -180 -771 0 -480 183 -911 529 -1242 350 -336 780 -508 1271 -508 451 0 864 150 1193 434 326 281 517 620 591 1051 21 121 21 409 0 530 -43 252 -114 444 -237 639 -282 453 -741 750 -1284 831 -127 19 -413 18 -535 -1z m607 -173 c583 -126 1038 -523 1224 -1069 59 -173 75 -277 75 -492 0 -165 -3 -211 -22 -300 -71 -327 -228 -611 -458 -829 -186 -177 -381 -295 -614 -374 -176 -60 -282 -78 -490 -84 -247 -7 -416 19 -628 97 -549 201 -944 674 -1043 1250 -17 97 -17 383 0 480 99 576 495 1050 1043 1250 105 38 177 58 303 81 143 26 467 21 610 -10z M1330 900 l0 -300 520 0 520 0 0 300 0 300 -55 0 -55 0 0 -225 0 -225 -100 0 -100 0 0 225 0 225 -55 0 -55 0 0 -225 0 -225 -100 0 -100 0 0 225 0 225 -55 0 -55 0 0 -225 0 -225 -95 0 -95 0 0 225 0 225 -60 0 -60 0 0 -300z"/></g></svg>
  <svg x='459' y='549'><g transform="translate(0.0,25.0) scale(0.01,-0.01)"><path class="sym-fill" fill="white" d="M100 435 l0 -325 650 0 650 0 0 325 0 325 -650 0 -650 0 0 -325z"/><path class="sym-line" fill="black" d="M0 1790 l0 -710 200 0 200 0 2 277 3 276 255 -276 255 -277 143 0 c78 0 142 4 142 8 0 4 -180 204 -400 443 l-400 434 0 268 0 267 -200 0 -200 0 0 -710z M0 435 l0 -435 750 0 750 0 0 435 0 435 -750 0 -750 0 0 -435z m1400 0 l0 -325 -650 0 -650 0 0 325 0 325 650 0 650 0 0 -325z"/></g></svg>
  <svg x='432' y='547'><g transform="translate(-0.0515632644646,20.7065550954) scale(0.0100097851475,-0.0098800038777)"><path class="sym-fill" fill="white" d="M1080 1633 l0 -338 151 150 c83 83 232 234 331 338 l180 187 -331 0 -331 0 0 -337z M137 1003 c-11 -10 -8 -665 2 -661 6 2 157 153 336 336 l327 332 -329 0 c-182 0 -333 -3 -336 -7z"/><path class="sym-line" fill="black" d="M970 1600 l0 -480 -475 0 -475 0 0 -525 c0 -289 4 -525 8 -525 5 0 105 99 222 221 l213 221 259 -259 258 -258 77 77 76 77 -251 256 c-139 142 -252 261 -252 265 0 4 178 186 395 406 l395 399 255 -260 255 -260 74 80 74 80 -108 115 c-60 63 -174 180 -254 260 l-146 145 222 222 223 223 -523 0 -522 0 0 -480z m780 373 c0 -7 -650 -666 -662 -671 -10 -4 -11 662 -1 671 8 9 663 9 663 0z m-1218 -1240 c-149 -153 -300 -307 -336 -343 l-66 -64 0 342 0 342 336 0 336 0 -270 -277z"/></g></svg>
  <svg x='468' y='516'><g transform="translate(-0.0515632644646,20.7065550954) scale(0.0100097851475,-0.0098800038777)"><path class="sym-line" fill="black" d="M970 1600 l0 -480 -475 0 -475 0 0 -525 c0 -289 4 -525 8 -525 5 0 105 99 222 221 l213 221 259 -259 258 -258 77 77 76 77 -251 256 c-139 142 -252 261 -252 265 0 4 178 186 395 406 l395 399 255 -260 255 -260 74 80 74 80 -108 115 c-60 63 -174 180 -254 260 l-146 145 222 222 223 223 -523 0 -522 0 0 -480z"/></g></svg>
  <svg x='506' y='516'><g transform="translate(-0.221878406359,10.7500002304) scale(0.0103429235226,-0.00963778430032)"><path class="sym-line" fill="black" d="M430 895 l0 -205 -37 23 c-21 13 -95 61 -165 105 l-128 82 -36 -71 c-19 -40 -32 -75 -27 -79 4 -3 74 -48 156 -99 81 -51 147 -97 147 -101 0 -4 -66 -50 -147 -101 -82 -51 -152 -96 -156 -99 -5 -4 8 -39 27 -79 l36 -71 128 82 c70 44 144 92 165 105 l37 23 0 -205 0 -205 70 0 70 0 0 205 0 205 38 -23 c20 -13 94 -61 164 -105 l128 -82 36 71 c19 40 32 75 27 79 -4 3 -74 48 -155 99 -82 51 -148 97 -148 101 0 4 66 50 148 101 81 51 151 96 155 99 5 4 -8 39 -27 79 l-36 71 -128 -82 c-70 -44 -144 -92 -164 -105 l-38 -23 0 205 0 205 -70 0 -70 0 0 -205z"/></g></svg>
  <svg x='383' y='511'><g transform="translate(0.0,30.0) scale(0.01,-0.01)"><path class="sym-fill" fill="white" d="M700 750 l0 -550 300 0 300 0 0 550 0 550 -300 0 -300 0 0 -550z"/><path class="sym-line" fill="black" d="M0 1500 l0 -1500 750 0 750 0 0 750 0 750 -650 0 -650 0 0 750 0 750 -100 0 -100 0 0 -1500z m1300 -750 l0 -550 -300 0 -300 0 0 550 0 550 300 0 300 0 0 -550z"/></g></svg>
  <svg x='387' y='498'><g transform="translate(0.0,24.0) scale(0.01,-0.01)"><path class="sym-fill" fill="white" d="M200 750 l0 -550 550 0 550 0 0 550 0 550 -550 0 -550 0 0 -550z"/><path class="sym-line" fill="black" d="M700 1950 l0 -450 -350 0 -350 0 0 -750 0 -750 750 0 750 0 0 750 0 750 -300 0 -300 0 0 450 0 450 -100 0 -100 0 0 -450z m600 -1200 l0 -550 -550 0 -550 0 0 550 0 550 550 0 550 0 0 -550z"/></g></svg>
  <svg x='366' y='508'><g transform="translate(0.0,13.0) scale(0.01,-0.01)"><path class="sym-fill" fill="white" d="M500 650 l0 -150 150 0 150 0 0 150 0 150 -150 0 -150 0 0 -150z"/><path class="sym-line" fill="black" d="M300 1150 l0 -150 -150 0 -150 0 0 -100 0 -100 150 0 150 0 0 -150 0 -150 -150 0 -150 0 0 -100 0 -100 150 0 150 0 0 -150 0 -150 100 0 100 0 0 150 0 150 150 0 150 0 0 -150 0 -150 100 0 100 0 0 150 0 150 150 0 150 0 0 100 0 100 -150 0 -150 0 0 150 0 150 150 0 150 0 0 100 0 100 -150 0 -150 0 0 150 0 150 -100 0 -100 0 0 -150 0 -150 -150 0 -150 0 0 150 0 150 -100 0 -100 0 0 -150z m500 -500 l0 -150 -150 0 -150 0 0 150 0 150 150 0 150 0 0 -150z"/></g></svg>
</svg>