<svg version='1.1' xmlns='http://www.w3.org/2000/svg' width='35' height='354' viewBox='483 323 35 354'>
  <text font-size='0'>M518x677S1ce20496x323S19220497x358S11920491x382S1f020483x413S14a20497x433S11a20497x453S20320497x488S14021484x508S14a20497x537S1dc20489x557S1dc20489x592S14a20497x627S11a20497x647</text>
  <svg x='496' y='323'><g transform="translate(0.141780341959,29.7975477761) scale(0.00989923423951,-0.00988303675869)"><path class="sym-line" fill="black" d="M770 2301 l0 -698 -77 -6 c-322 -26 -609 -290 -678 -622 -19 -95 -19 -255 0 -350 48 -229 199 -431 402 -537 139 -73 183 -83 363 -83 142 1 162 3 235 28 418 140 644 609 498 1035 l-25 73 209 215 c114 118 271 280 347 360 l139 145 -72 72 -72 72 -333 -340 -333 -339 -60 58 -60 58 289 585 c159 322 288 586 286 588 -8 7 -169 85 -176 85 -5 0 -136 -259 -292 -576 -311 -631 -281 -582 -355 -554 l-25 10 0 710 0 710 -105 0 -105 0 0 -699z"/></g></svg>
  <svg x='497' y='358'><g transform="translate(0.151301014747,18.749322358) scale(0.00981776176264,-0.00979417818707)"><path class="sym-line" fill="black" d="M1560 1665 l-245 -235 -657 0 -658 0 0 -715 0 -715 750 0 750 0 0 528 0 527 300 284 c166 157 299 290 298 296 -4 16 -270 265 -283 264 -5 0 -120 -105 -255 -234z"/></g></svg>
  <svg x='491' y='382'><g transform="translate(0.0993500505466,25.7553629057) scale(0.00983413273824,-0.0099185278208)"><path class="sym-line" fill="black" d="M291 2506 l-74 -75 323 -333 c178 -183 382 -393 454 -465 l131 -133 -100 0 -100 1 -379 394 c-209 217 -385 395 -391 395 -6 0 -42 -32 -80 -70 l-70 -70 106 -108 c58 -59 201 -206 317 -326 l212 -219 0 -749 0 -748 730 0 730 0 0 750 0 750 -344 0 -344 0 -433 448 c-238 246 -474 489 -524 540 l-90 93 -74 -75z"/></g></svg>
  <svg x='483' y='413'><g transform="translate(0.0,15.0) scale(0.01,-0.01)"><path class="sym-line" fill="black" d="M0 1400 l0 -100 700 0 700 0 0 -390 c0 -214 -3 -390 -7 -390 -5 0 -275 70 -601 156 -325 87 -595 155 -598 152 -8 -8 -57 -189 -52 -193 2 -2 286 -79 631 -172 l627 -168 0 -147 0 -148 750 0 750 0 0 750 0 750 -1450 0 -1450 0 0 -100z"/></g></svg>
  <svg x='497' y='433'><g transform="translate(-0.149900597859,14.7505211307) scale(0.00993234377835,-0.00973472242044)"><path class="sym-fill" fill="white" d="M20 750 l0 -150 445 0 445 0 0 150 0 150 -445 0 -445 0 0 -150z"/><path class="sym-line" fill="black" d="M30 1200 l0 -300 440 0 440 0 0 -150 0 -150 -440 0 -440 0 0 -300 0 -300 735 0 735 0 0 750 0 750 -735 0 -735 0 0 -300z"/></g></svg>
  <svg x='497' y='453'><g transform="translate(0.0,30.0) scale(0.01,-0.01)"><path class="sym-line" fill="black" d="M600 2552 l0 -447 -300 -300 -300 -300 0 -752 0 -753 750 0 750 0 0 750 0 750 -350 0 -350 0 0 253 0 252 255 255 c140 140 255 257 255 260 0 3 -34 36 -76 74 l-76 69 -179 -179 -179 -179 0 348 0 347 -100 0 -100 0 0 -448z m0 -902 l0 -150 -152 0 -153 0 150 150 c82 83 151 150 152 150 2 0 3 -67 3 -150z"/></g></svg>
  <svg x='497' y='488'><g transform="translate(0.0,15.0) scale(0.01,-0.01)"><path class="sym-line" fill="black" d="M0 750 l0 -750 750 0 750 0 0 750 0 750 -750 0 -750 0 0 -750z"/></g></svg>
  <svg x='484' y='508'><g transform="translate(0.050159582552,24.0802922101) scale(0.00998378843917,-0.0099797606209)"><path class="sym-line" fill="black" d="M86 2331 c-38 -38 -67 -73 -65 -79 2 -6 230 -249 507 -542 l503 -531 -149 -157 c-82 -86 -175 -185 -207 -219 l-57 -63 -298 0 -298 0 -6 -23 c-3 -12 -6 -59 -6 -104 l0 -83 201 -2 200 -3 -160 -170 c-88 -93 -161 -174 -161 -179 0 -11 120 -140 134 -143 6 -2 117 110 246 247 l235 250 470 0 470 0 204 -215 c112 -119 207 -215 211 -213 12 5 1015 1069 1015 1077 0 9 -1007 1079 -1016 1080 -4 1 -202 -206 -442 -460 -240 -253 -438 -460 -442 -460 -4 0 -231 237 -506 528 -274 290 -503 529 -507 531 -4 1 -38 -29 -76 -67z m1313 -1543 l44 -48 -268 0 -267 0 47 53 c26 28 86 93 134 142 l86 90 91 -95 c49 -52 110 -116 133 -142z"/></g></svg>
  <svg x='497' y='537'><g transform="translate(-0.149900597859,14.7505211307) scale(0.00993234377835,-0.00973472242044)"><path class="sym-fill" fill="white" d="M20 750 l0 -150 445 0 445 0 0 150 0 150 -445 0 -445 0 0 -150z"/><path class="sym-line" fill="black" d="M30 1200 l0 -300 440 0 440 0 0 -150 0 -150 -440 0 -440 0 0 -300 0 -300 735 0 735 0 0 750 0 750 -735 0 -735 0 0 -300z"/></g></svg>
  <svg x='489' y='557'><g transform="translate(0.0,30.0) scale(0.01,-0.01)"><path class="sym-line" fill="black" d="M900 1900 l0 -1100 -450 0 -450 0 0 -100 0 -100 450 0 450 0 0 -300 0 -300 750 0 750 0 0 750 0 750 -650 0 -650 0 0 750 0 750 -100 0 -100 0 0 -1100z"/></g></svg>
  <svg x='489' y='592'><g transform="translate(0.0,30.0) scale(0.01,-0.01)"><path class="sym-line" fill="black" d="M900 1900 l0 -1100 -450 0 -450 0 0 -100 0 -100 450 0 450 0 0 -300 0 -300 750 0 750 0 0 750 0 750 -650 0 -650 0 0 750 0 750 -100 0 -100 0 0 -1100z"/></g></svg>
  <svg x='497' y='627'><g transform="translate(-0.149900597859,14.7505211307) scale(0.00993234377835,-0.00973472242044)"><path class="sym-fill" fill="white" d="M20 750 l0 -150 445 0 445 0 0 150 0 150 -445 0 -445 0 0 -150z"/><path class="sym-line" fill="black" d="M30 1200 l0 -300 440 0 440 0 0 -150 0 -150 -440 0 -440 0 0 -300 0 -300 735 0 735 0 0 750 0 750 -735 0 -735 0 0 -300z"/></g></svg>
  <svg x='497' y='647'><g transform="translate(0.0,30.0) scale(0.01,-0.01)"><path class="sym-line" fill="black" d="M600 2552 l0 -447 -300 -300 -300 -300 0 -752 0 -753 750 0 750 0 0 750 0 750 -350 0 -350 0 0 253 0 252 255 255 c140 140 255 257 255 260 0 3 -34 36 -76 74 l-76 69 -179 -179 -179 -179 0 348 0 347 -100 0 -100 0 0 -448z m0 -902 l0 -150 -152 0 -153 0 150 150 c82 83 151 150 152 150 2 0 3 -67 3 -150z"/></g></svg>
</svg>