<svg version='1.1' xmlns='http://www.w3.org/2000/svg' width='147' height='141' viewBox='371 427 147 141'>
  <text font-size='0'>M518x568S1ce18419x477S1ce10436x477S2fb06436x492S22b05448x510S22b11392x457S10008371x427S10000476x522S20500480x557S2f803406x503S32101482x482</text>
  <svg x='419' y='477'><g transform="translate(-0.0200835304743,29.7633957185) scale(0.00991858861309,-0.0098716527395)"><path class="sym-fill" fill="white" d="M1430 800 l0 -602 53 7 c243 33 440 207 501 442 21 78 21 228 0 306 -61 235 -258 409 -501 442 l-53 7 0 -602z"/><path class="sym-line" fill="black" d="M1230 2291 l0 -709 -51 -17 c-28 -9 -52 -15 -54 -14 -2 2 -130 260 -284 573 -155 313 -284 572 -286 575 -5 4 -185 -79 -185 -86 0 -1 130 -265 289 -587 l289 -584 -57 -56 c-31 -31 -59 -56 -63 -56 -3 0 -151 150 -329 333 -178 182 -329 333 -334 335 -6 1 -41 -29 -79 -67 l-69 -70 199 -206 c109 -113 266 -275 347 -360 l148 -154 -25 -80 c-100 -317 -19 -638 217 -857 92 -85 161 -127 274 -167 76 -26 106 -31 213 -35 163 -5 243 11 380 79 91 46 117 64 195 143 100 101 156 191 202 321 26 76 28 89 28 255 0 166 -2 179 -28 255 -46 130 -102 220 -202 321 -78 79 -104 97 -195 143 -108 53 -207 81 -292 81 l-48 0 0 700 0 700 -100 0 -100 0 0 -709z m312 -902 c222 -47 404 -234 453 -465 58 -274 -84 -559 -336 -673 -69 -31 -149 -51 -204 -51 l-35 0 0 600 0 600 35 0 c18 0 58 -5 87 -11z"/></g></svg>
  <svg x='436' y='477'><g transform="translate(0.141780341959,29.7975477761) scale(0.00989923423951,-0.00988303675869)"><path class="sym-fill" fill="white" d="M660 1384 c-170 -36 -323 -157 -398 -314 -48 -101 -62 -163 -62 -270 0 -107 14 -169 61 -267 86 -180 253 -300 457 -328 l52 -7 0 601 0 601 -22 -1 c-13 0 -52 -7 -88 -15z"/><path class="sym-line" fill="black" d="M770 2301 l0 -698 -77 -6 c-322 -26 -609 -290 -678 -622 -19 -95 -19 -255 0 -350 48 -229 199 -431 402 -537 139 -73 183 -83 363 -83 142 1 162 3 235 28 418 140 644 609 498 1035 l-25 73 209 215 c114 118 271 280 347 360 l139 145 -72 72 -72 72 -333 -340 -333 -339 -60 58 -60 58 289 585 c159 322 288 586 286 588 -8 7 -169 85 -176 85 -5 0 -136 -259 -292 -576 -311 -631 -281 -582 -355 -554 l-25 10 0 710 0 710 -105 0 -105 0 0 -699z m10 -1502 l0 -602 -64 6 c-224 21 -427 193 -499 422 -42 135 -26 318 38 445 95 187 297 325 483 329 l42 1 0 -601z"/></g></svg>
  <svg x='436' y='492'><g transform="translate(0.149283404326,14.7308019749) scale(0.00933270478371,-0.00970272783292)"><path class="sym-line" fill="black" d="M0 1442 l0 -61 83 -42 c103 -54 217 -163 273 -264 85 -154 108 -340 61 -501 -51 -176 -177 -331 -335 -413 l-82 -42 0 -61 0 -60 31 6 c111 22 242 99 349 206 151 151 220 320 220 540 0 220 -69 389 -220 540 -107 107 -238 184 -349 206 l-31 7 0 -61z"/></g></svg>
  <svg x='448' y='510'><g transform="translate(-0.0593241440395,23.7554522998) scale(0.0100464968782,-0.00992321901409)"><path class="sym-fill" fill="white" d="M300 2095 l-134 -135 34 -37 c19 -20 360 -367 758 -769 l723 -732 132 135 c73 74 132 139 132 143 0 9 -1496 1530 -1505 1530 -3 0 -66 -61 -140 -135z"/><path class="sym-line" fill="black" d="M505 2309 l-67 -72 284 -286 c660 -664 1228 -1244 1228 -1255 0 -6 -60 -72 -134 -145 l-134 -134 -468 474 c-257 261 -600 607 -761 769 l-293 295 -69 -70 -70 -70 347 -352 c191 -194 531 -540 756 -768 l410 -416 -140 -140 -139 -139 558 0 557 0 0 562 0 563 -138 -138 -139 -138 -753 763 c-415 420 -757 764 -761 766 -3 1 -36 -30 -74 -69z"/></g></svg>
  <svg x='392' y='457'><g transform="translate(-0.152689710698,23.998994478) scale(0.0100431914966,-0.00993773207416)"><path class="sym-fill" fill="white" d="M130 1913 l0 -388 151 150 c83 83 254 257 381 388 l230 237 -381 0 -381 0 0 -387z M581 1840 l-133 -140 478 -485 c264 -267 604 -613 756 -768 l277 -282 137 137 c136 135 137 137 121 160 -9 13 -351 359 -759 771 l-743 747 -134 -140z"/><path class="sym-line" fill="black" d="M30 1838 l0 -563 138 138 138 138 755 -763 c415 -420 758 -763 763 -763 4 0 37 32 71 70 l63 70 -759 770 -760 769 140 140 140 140 487 -495 c268 -272 611 -618 761 -769 l273 -275 70 70 70 70 -546 555 c-301 305 -642 651 -758 767 l-211 213 140 140 140 140 -558 0 -557 0 0 -562z m860 454 c0 -4 -171 -178 -380 -387 l-380 -380 0 388 0 387 380 0 c209 0 380 -3 380 -8z"/></g></svg>
  <svg x='371' y='427'><g transform="translate(0.0,30.0) scale(0.01,-0.01)"><path class="sym-fill" fill="white" d="M200 750 l0 -550 550 0 550 0 0 550 0 550 -550 0 -550 0 0 -550z"/><path class="sym-line" fill="black" d="M0 1500 l0 -1500 750 0 750 0 0 750 0 750 -650 0 -650 0 0 750 0 750 -100 0 -100 0 0 -1500z m1300 -750 l0 -550 -550 0 -550 0 0 550 0 550 550 0 550 0 0 -550z"/></g></svg>
  <svg x='476' y='522'><g transform="translate(0.0,30.0) scale(0.01,-0.01)"><path class="sym-fill" fill="white" d="M200 750 l0 -550 550 0 550 0 0 550 0 550 -550 0 -550 0 0 -550z"/><path class="sym-line" fill="black" d="M1300 2250 l0 -750 -650 0 -650 0 0 -750 0 -750 750 0 750 0 0 1500 0 1500 -100 0 -100 0 0 -750z m0 -1500 l0 -550 -550 0 -550 0 0 550 0 550 550 0 550 0 0 -550z"/></g></svg>
  <svg x='480' y='557'><g transform="translate(-0.221878406359,10.7500002304) scale(0.0103429235226,-0.00963778430032)"><path class="sym-line" fill="black" d="M430 895 l0 -205 -37 23 c-21 13 -95 61 -165 105 l-128 82 -36 -71 c-19 -40 -32 -75 -27 -79 4 -3 74 -48 156 -99 81 -51 147 -97 147 -101 0 -4 -66 -50 -147 -101 -82 -51 -152 -96 -156 -99 -5 -4 8 -39 27 -79 l36 -71 128 82 c70 44 144 92 165 105 l37 23 0 -205 0 -205 70 0 70 0 0 205 0 205 38 -23 c20 -13 94 -61 164 -105 l128 -82 36 71 c19 40 32 75 27 79 -4 3 -74 48 -155 99 -82 51 -148 97 -148 101 0 4 66 50 148 101 81 51 151 96 155 99 5 4 -8 39 -27 79 l-36 71 -128 -82 c-70 -44 -144 -92 -164 -105 l-38 -23 0 205 0 205 -70 0 -70 0 0 -205z"/></g></svg>
  <svg x='406' y='503'><g transform="translate(0.0503830944308,22.9645144874) scale(0.00996108247052,-0.00992003347278)"><path class="sym-line" fill="black" d="M10 2019 c0 -207 4 -309 16 -383 56 -364 216 -682 479 -954 179 -186 368 -322 599 -432 374 -179 745 -244 1276 -225 l200 8 0 63 0 64 -283 0 c-156 0 -333 5 -393 11 -792 77 -1446 563 -1668 1241 -60 182 -68 249 -73 586 l-5 302 -74 0 -74 0 0 -281z"/></g></svg>
  <svg x='482' y='482'><g transform="translate(0.149874875465,34.7500790925) scale(0.00988906872676,-0.00988956850125)"><path class="sym-line" fill="black" d="M1528 3484 c-592 -92 -1088 -447 -1348 -963 -125 -249 -180 -485 -180 -771 0 -480 183 -911 529 -1242 350 -336 780 -508 1271 -508 451 0 864 150 1193 434 326 281 517 620 591 1051 21 121 21 409 0 530 -43 252 -114 444 -237 639 -282 453 -741 750 -1284 831 -127 19 -413 18 -535 -1z m607 -173 c583 -126 1038 -523 1224 -1069 59 -173 75 -277 75 -492 0 -165 -3 -211 -22 -300 -71 -327 -228 -611 -458 -829 -186 -177 -381 -295 -614 -374 -176 -60 -282 -78 -490 -84 -247 -7 -416 19 -628 97 -549 201 -944 674 -1043 1250 -17 97 -17 383 0 480 99 576 495 1050 1043 1250 105 38 177 58 303 81 143 26 467 21 610 -10z M820 2215 l0 -285 55 0 55 0 0 235 0 234 240 -6 240 -6 0 56 0 57 -295 0 -295 0 0 -285z M1950 2215 l0 -285 55 0 55 0 0 235 0 234 240 -6 240 -6 0 56 0 57 -295 0 -295 0 0 -285z M1217 2322 l-37 -38 186 -179 186 -178 40 40 39 40 -182 176 c-100 98 -185 177 -189 177 -3 0 -23 -17 -43 -38z M2348 2323 l-36 -38 185 -179 184 -179 40 39 40 40 -180 177 c-98 97 -183 177 -188 177 -5 0 -25 -17 -45 -37z M997 2112 l-38 -39 186 -178 186 -178 36 30 c20 16 38 34 40 40 4 10 -354 363 -367 363 -3 0 -23 -17 -43 -38z M2131 2116 c-18 -19 -32 -39 -30 -44 6 -16 356 -352 366 -352 5 0 25 16 44 36 l34 35 -182 180 c-99 98 -185 179 -190 179 -5 0 -24 -15 -42 -34z"/></g></svg>
</svg>