<svg version='1.1' xmlns='http://www.w3.org/2000/svg' width='37' height='237' viewBox='482 382 37 237'>
  <text font-size='0'>M519x619S14051485x382S11a20498x410S17620498x444S19220498x480S2a20c482x464S14a20498x503S16d20497x522S1fb20499x546S17620498x569S11a20498x589</text>
  <svg x='485' y='382'><g transform="translate(0.050159582552,24.0996343841) scale(0.00998378843917,-0.00998781330677)"><path class="sym-line" fill="black" d="M85 2330 c-54 -54 -67 -74 -60 -85 6 -8 235 -253 510 -544 l500 -529 73 71 c39 40 72 74 72 77 0 8 -1007 1074 -1018 1078 -4 1 -39 -29 -77 -68z M1681 1581 c-511 -541 -513 -542 -494 -564 72 -84 867 -917 873 -915 12 5 1015 1069 1015 1077 0 5 -184 203 -410 441 -225 238 -424 449 -440 468 l-31 34 -513 -541z M790 925 l-174 -185 -297 0 -297 0 -6 -22 c-3 -13 -6 -60 -6 -105 l0 -83 201 -2 200 -3 -160 -170 c-88 -93 -161 -174 -161 -179 0 -13 123 -141 136 -141 6 0 116 110 243 245 l231 245 411 5 411 5 -97 102 -96 103 -210 2 -209 3 100 107 c55 58 100 110 100 115 0 9 -132 143 -141 143 -3 0 -83 -83 -179 -185z"/></g></svg>
  <svg x='498' y='410'><g transform="translate(0.0,30.0) scale(0.01,-0.01)"><path class="sym-line" fill="black" d="M600 2552 l0 -447 -300 -300 -300 -300 0 -752 0 -753 750 0 750 0 0 750 0 750 -350 0 -350 0 0 253 0 252 255 255 c140 140 255 257 255 260 0 3 -34 36 -76 74 l-76 69 -179 -179 -179 -179 0 348 0 347 -100 0 -100 0 0 -448z m0 -902 l0 -150 -152 0 -153 0 150 150 c82 83 151 150 152 150 2 0 3 -67 3 -150z"/></g></svg>
  <svg x='498' y='444'><g transform="translate(0.0996925829584,15.7992338797) scale(0.00981117768656,-0.00980419842474)"><path class="sym-line" fill="black" d="M670 1594 c-235 -45 -460 -214 -578 -434 -73 -135 -87 -195 -87 -360 0 -125 3 -155 23 -215 88 -265 292 -469 557 -557 60 -20 90 -23 215 -23 125 0 155 3 215 23 265 88 469 292 557 557 20 60 23 90 23 215 0 125 -3 155 -23 215 -71 214 -218 389 -413 494 -125 67 -187 83 -334 86 -71 2 -141 1 -155 -1z"/></g></svg>
  <svg x='498' y='480'><g transform="translate(0.151301014747,18.749322358) scale(0.00981776176264,-0.00979417818707)"><path class="sym-line" fill="black" d="M1560 1665 l-245 -235 -657 0 -658 0 0 -715 0 -715 750 0 750 0 0 528 0 527 300 284 c166 157 299 290 298 296 -4 16 -270 265 -283 264 -5 0 -120 -105 -255 -234z"/></g></svg>
  <svg x='482' y='464'><g transform="translate(0.151416407644,27.7487723255) scale(0.00981199211781,-0.00985726243768)"><path class="sym-fill" fill="white" d="M1795 1521 c-203 -201 -226 -221 -305 -260 l-85 -42 -3 56 -3 57 -37 -7 c-20 -4 -43 -11 -49 -17 -10 -8 -13 -72 -13 -259 l0 -249 50 0 50 0 0 58 0 59 57 13 c174 38 287 117 560 385 l218 214 -105 105 c-57 58 -107 106 -110 106 -3 0 -104 -99 -225 -219z M510 1505 l-105 -105 150 -151 c199 -200 327 -283 488 -319 l57 -13 0 -59 0 -58 50 0 50 0 0 249 c0 187 -3 251 -12 259 -7 6 -30 13 -50 17 l-37 7 -3 -57 -3 -56 -85 42 c-75 37 -104 61 -241 195 l-155 153 -104 -104z"/><path class="sym-line" fill="black" d="M1200 1400 l0 -1400 50 0 50 0 0 1400 0 1400 -50 0 -50 0 0 -1400z M0 1498 l0 -503 163 162 162 162 160 -157 c212 -208 320 -278 515 -333 100 -29 102 -28 98 33 -3 51 -4 52 -40 60 -72 15 -198 69 -273 118 -44 29 -140 113 -233 204 l-157 155 107 108 108 107 137 -135 c159 -155 200 -189 274 -224 75 -35 79 -33 79 25 l0 50 -52 26 c-36 18 -103 76 -206 177 l-153 151 158 158 158 158 -503 0 -502 0 0 -502z M1725 1601 c-159 -158 -234 -226 -272 -245 l-53 -26 0 -50 c0 -58 4 -60 79 -25 78 37 154 102 359 307 l182 184 -37 36 -38 37 -220 -218z M2014 1311 c-149 -148 -245 -235 -298 -269 -76 -50 -202 -105 -274 -120 -36 -8 -37 -9 -40 -60 -4 -61 -2 -62 98 -33 101 28 198 72 280 127 72 47 425 382 493 467 l30 39 -34 33 -34 34 -221 -218z"/></g></svg>
  <svg x='498' y='503'><g transform="translate(-0.149900597859,14.7505211307) scale(0.00993234377835,-0.00973472242044)"><path class="sym-fill" fill="white" d="M20 750 l0 -150 445 0 445 0 0 150 0 150 -445 0 -445 0 0 -150z"/><path class="sym-line" fill="black" d="M30 1200 l0 -300 440 0 440 0 0 -150 0 -150 -440 0 -440 0 0 -300 0 -300 735 0 735 0 0 750 0 750 -735 0 -735 0 0 -300z"/></g></svg>
  <svg x='497' y='522'><g transform="translate(0.180759557901,19.7524059778) scale(0.00975093803673,-0.00984567638089)"><path class="sym-line" fill="black" d="M665 1984 c-138 -28 -274 -87 -370 -161 -102 -79 -200 -219 -246 -350 -26 -76 -49 -184 -49 -234 l0 -39 105 0 105 0 0 29 c0 71 53 160 130 216 102 75 283 130 467 142 l93 6 0 -691 0 -692 -78 0 c-239 0 -482 72 -603 179 -50 44 -109 144 -109 185 0 25 -2 26 -56 26 l-57 0 5 -69 c10 -135 103 -277 240 -364 161 -103 411 -166 660 -167 347 0 578 136 713 421 71 152 78 196 83 559 4 350 -1 411 -45 533 -82 229 -266 388 -528 458 -104 28 -354 35 -460 13z"/></g></svg>
  <svg x='499' y='546'><g transform="translate(0.0,19.0) scale(0.01,-0.01)"><path class="sym-line" fill="black" d="M300 1700 l0 -200 -150 0 -150 0 0 -750 0 -750 750 0 750 0 0 750 0 750 -400 0 -400 0 0 200 0 200 -200 0 -200 0 0 -200z"/></g></svg>
  <svg x='498' y='569'><g transform="translate(0.0996925829584,15.7992338797) scale(0.00981117768656,-0.00980419842474)"><path class="sym-line" fill="black" d="M670 1594 c-235 -45 -460 -214 -578 -434 -73 -135 -87 -195 -87 -360 0 -125 3 -155 23 -215 88 -265 292 -469 557 -557 60 -20 90 -23 215 -23 125 0 155 3 215 23 265 88 469 292 557 557 20 60 23 90 23 215 0 125 -3 155 -23 215 -71 214 -218 389 -413 494 -125 67 -187 83 -334 86 -71 2 -141 1 -155 -1z"/></g></svg>
  <svg x='498' y='589'><g transform="translate(0.0,30.0) scale(0.01,-0.01)"><path class="sym-line" fill="black" d="M600 2552 l0 -447 -300 -300 -300 -300 0 -752 0 -753 750 0 750 0 0 750 0 750 -350 0 -350 0 0 253 0 252 255 255 c140 140 255 257 255 260 0 3 -34 36 -76 74 l-76 69 -179 -179 -179 -179 0 348 0 347 -100 0 -100 0 0 -448z m0 -902 l0 -150 -152 0 -153 0 150 150 c82 83 151 150 152 150 2 0 3 -67 3 -150z"/></g></svg>
</svg>