<svg version='1.1' xmlns='http://www.w3.org/2000/svg' width='80' height='241' viewBox='440 401 80 241'>
  <text font-size='0'>M520x642S26604466x435S19c08459x468S20500469x502S26614457x542S19c00463x576S19c08455x599S32104481x527S20500466x631S21410495x587S32104484x437S19c00440x401S2f900447x433S19c08463x401</text>
  <svg x='466' y='435'><g transform="translate(0.198426155669,29.702611239) scale(0.00968892587986,-0.00985139124633)"><path class="sym-line" fill="black" d="M700 1900 l0 -1100 -352 0 -353 0 403 -402 402 -403 402 403 403 402 -353 0 -352 0 0 1100 0 1100 -100 0 -100 0 0 -1100z"/></g></svg>
  <svg x='459' y='468'><g transform="translate(0.0,29.0) scale(0.01,-0.01)"><path class="sym-fill" fill="white" d="M862 723 l3 -528 588 -3 587 -2 0 530 0 530 -590 0 -590 0 2 -527z"/><path class="sym-line" fill="black" d="M638 1788 l-3 -1112 -205 184 c-113 101 -221 199 -241 217 l-36 34 -77 -68 c-42 -37 -76 -72 -76 -78 1 -5 144 -138 320 -295 l319 -285 1 -192 0 -193 815 0 815 0 1 678 0 677 264 235 c145 129 264 240 265 245 0 6 -34 41 -75 79 l-75 68 -132 -119 c-73 -65 -206 -184 -296 -265 l-164 -148 -594 0 -594 0 0 725 0 725 -115 0 -115 0 -2 -1112z m1412 -1063 l0 -535 -595 0 -595 0 0 535 0 535 595 0 595 0 0 -535z"/></g></svg>
  <svg x='469' y='502'><g transform="translate(-0.221878406359,10.7500002304) scale(0.0103429235226,-0.00963778430032)"><path class="sym-line" fill="black" d="M430 895 l0 -205 -37 23 c-21 13 -95 61 -165 105 l-128 82 -36 -71 c-19 -40 -32 -75 -27 -79 4 -3 74 -48 156 -99 81 -51 147 -97 147 -101 0 -4 -66 -50 -147 -101 -82 -51 -152 -96 -156 -99 -5 -4 8 -39 27 -79 l36 -71 128 82 c70 44 144 92 165 105 l37 23 0 -205 0 -205 70 0 70 0 0 205 0 205 38 -23 c20 -13 94 -61 164 -105 l128 -82 36 71 c19 40 32 75 27 79 -4 3 -74 48 -155 99 -82 51 -148 97 -148 101 0 4 66 50 148 101 81 51 151 96 155 99 5 4 -8 39 -27 79 l-36 71 -128 -82 c-70 -44 -144 -92 -164 -105 l-38 -23 0 205 0 205 -70 0 -70 0 0 -205z"/></g></svg>
  <svg x='457' y='542'><g transform="translate(0.198426155669,29.702611239) scale(0.00968892587986,-0.00985139124633)"><path class="sym-fill" fill="white" d="M523 423 l277 -278 277 278 278 277 -555 0 -555 0 278 -277z"/><path class="sym-line" fill="black" d="M700 1900 l0 -1100 -352 0 -353 0 403 -402 402 -403 402 403 403 402 -353 0 -352 0 0 1100 0 1100 -100 0 -100 0 0 -1100z m377 -1477 l-277 -278 -277 278 -278 277 555 0 555 0 -278 -277z"/></g></svg>
  <svg x='463' y='576'><g transform="translate(0.0,29.0) scale(0.01,-0.01)"><path class="sym-fill" fill="white" d="M760 720 l0 -530 588 2 587 3 3 528 2 527 -590 0 -590 0 0 -530z"/><path class="sym-line" fill="black" d="M1930 2175 l0 -725 -594 0 -594 0 -218 197 c-121 108 -253 227 -296 265 l-76 69 -76 -67 c-42 -37 -76 -72 -76 -78 1 -6 120 -117 265 -246 l264 -235 0 -677 1 -678 815 0 815 0 0 193 1 192 319 285 c176 157 320 290 320 296 0 6 -34 41 -76 78 l-77 67 -36 -34 c-20 -19 -128 -117 -241 -218 l-205 -183 -3 1112 -2 1112 -115 0 -115 0 0 -725z m10 -1450 l0 -535 -595 0 -595 0 0 535 0 535 595 0 595 0 0 -535z"/></g></svg>
  <svg x='455' y='599'><g transform="translate(0.0,29.0) scale(0.01,-0.01)"><path class="sym-fill" fill="white" d="M862 723 l3 -528 588 -3 587 -2 0 530 0 530 -590 0 -590 0 2 -527z"/><path class="sym-line" fill="black" d="M638 1788 l-3 -1112 -205 184 c-113 101 -221 199 -241 217 l-36 34 -77 -68 c-42 -37 -76 -72 -76 -78 1 -5 144 -138 320 -295 l319 -285 1 -192 0 -193 815 0 815 0 1 678 0 677 264 235 c145 129 264 240 265 245 0 6 -34 41 -75 79 l-75 68 -132 -119 c-73 -65 -206 -184 -296 -265 l-164 -148 -594 0 -594 0 0 725 0 725 -115 0 -115 0 -2 -1112z m1412 -1063 l0 -535 -595 0 -595 0 0 535 0 535 595 0 595 0 0 -535z"/></g></svg>
  <svg x='481' y='527'><g transform="translate(0.149874875465,34.7500790925) scale(0.00988906872676,-0.00988956850125)"><path class="sym-line" fill="black" d="M1528 3484 c-592 -92 -1088 -447 -1348 -963 -125 -249 -180 -485 -180 -771 0 -480 183 -911 529 -1242 350 -336 780 -508 1271 -508 451 0 864 150 1193 434 326 281 517 620 591 1051 21 121 21 409 0 530 -43 252 -114 444 -237 639 -282 453 -741 750 -1284 831 -127 19 -413 18 -535 -1z m607 -173 c583 -126 1038 -523 1224 -1069 59 -173 75 -277 75 -492 0 -165 -3 -211 -22 -300 -71 -327 -228 -611 -458 -829 -186 -177 -381 -295 -614 -374 -176 -60 -282 -78 -490 -84 -247 -7 -416 19 -628 97 -549 201 -944 674 -1043 1250 -17 97 -17 383 0 480 99 576 495 1050 1043 1250 105 38 177 58 303 81 143 26 467 21 610 -10z M1020 2350 l0 -250 60 0 60 0 0 250 0 250 -60 0 -60 0 0 -250z M1330 2350 l0 -250 60 0 60 0 0 250 0 250 -60 0 -60 0 0 -250z M2160 2350 l0 -250 55 0 55 0 0 250 0 250 -55 0 -55 0 0 -250z M2460 2350 l0 -250 60 0 60 0 0 250 0 250 -60 0 -60 0 0 -250z M854 2139 l-39 -41 205 -199 c113 -109 210 -198 215 -198 6 0 102 89 215 199 l205 199 -41 41 -40 41 -171 -165 -170 -165 -64 65 c-35 36 -112 110 -170 164 l-106 99 -39 -40z M1985 2140 l-40 -41 205 -199 c113 -109 210 -199 215 -199 6 -1 102 89 215 198 l205 199 -39 41 -39 40 -172 -164 -171 -164 -165 165 c-90 90 -166 164 -169 164 -3 0 -24 -18 -45 -40z"/></g></svg>
  <svg x='466' y='631'><g transform="translate(-0.221878406359,10.7500002304) scale(0.0103429235226,-0.00963778430032)"><path class="sym-line" fill="black" d="M430 895 l0 -205 -37 23 c-21 13 -95 61 -165 105 l-128 82 -36 -71 c-19 -40 -32 -75 -27 -79 4 -3 74 -48 156 -99 81 -51 147 -97 147 -101 0 -4 -66 -50 -147 -101 -82 -51 -152 -96 -156 -99 -5 -4 8 -39 27 -79 l36 -71 128 82 c70 44 144 92 165 105 l37 23 0 -205 0 -205 70 0 70 0 0 205 0 205 38 -23 c20 -13 94 -61 164 -105 l128 -82 36 71 c19 40 32 75 27 79 -4 3 -74 48 -155 99 -82 51 -148 97 -148 101 0 4 66 50 148 101 81 51 151 96 155 99 5 4 -8 39 -27 79 l-36 71 -128 -82 c-70 -44 -144 -92 -164 -105 l-38 -23 0 205 0 205 -70 0 -70 0 0 -205z"/></g></svg>
  <svg x='495' y='587'><g transform="translate(0.149086073535,7.75763618708) scale(0.00973319632325,-0.00959862186511)"><path class="sym-fill" fill="white" d="M605 683 c-94 -34 -162 -105 -191 -199 -28 -92 -60 -84 337 -84 l352 0 -7 42 c-16 99 -85 191 -175 231 -65 30 -244 35 -316 10z M0 200 l0 -100 750 0 750 0 0 100 0 100 -750 0 -750 0 0 -100z"/><path class="sym-line" fill="black" d="M575 784 c-90 -32 -160 -84 -208 -157 -41 -62 -67 -136 -67 -189 l0 -38 -150 0 -150 0 0 -50 0 -50 750 0 750 0 0 50 0 50 -150 0 -150 0 0 38 c0 141 -122 295 -274 345 -64 22 -291 23 -351 1z m360 -116 c88 -46 149 -130 162 -223 l6 -45 -353 0 -353 0 6 45 c16 112 100 208 217 246 14 5 79 7 145 6 107 -3 125 -6 170 -29z M0 50 l0 -50 750 0 750 0 0 50 0 50 -750 0 -750 0 0 -50z"/></g></svg>
  <svg x='484' y='437'><g transform="translate(0.149874875465,34.7500790925) scale(0.00988906872676,-0.00988956850125)"><path class="sym-line" fill="black" d="M1528 3484 c-592 -92 -1088 -447 -1348 -963 -125 -249 -180 -485 -180 -771 0 -480 183 -911 529 -1242 350 -336 780 -508 1271 -508 451 0 864 150 1193 434 326 281 517 620 591 1051 21 121 21 409 0 530 -43 252 -114 444 -237 639 -282 453 -741 750 -1284 831 -127 19 -413 18 -535 -1z m607 -173 c583 -126 1038 -523 1224 -1069 59 -173 75 -277 75 -492 0 -165 -3 -211 -22 -300 -71 -327 -228 -611 -458 -829 -186 -177 -381 -295 -614 -374 -176 -60 -282 -78 -490 -84 -247 -7 -416 19 -628 97 -549 201 -944 674 -1043 1250 -17 97 -17 383 0 480 99 576 495 1050 1043 1250 105 38 177 58 303 81 143 26 467 21 610 -10z M1020 2350 l0 -250 60 0 60 0 0 250 0 250 -60 0 -60 0 0 -250z M1330 2350 l0 -250 60 0 60 0 0 250 0 250 -60 0 -60 0 0 -250z M2160 2350 l0 -250 55 0 55 0 0 250 0 250 -55 0 -55 0 0 -250z M2460 2350 l0 -250 60 0 60 0 0 250 0 250 -60 0 -60 0 0 -250z M854 2139 l-39 -41 205 -199 c113 -109 210 -198 215 -198 6 0 102 89 215 199 l205 199 -41 41 -40 41 -171 -165 -170 -165 -64 65 c-35 36 -112 110 -170 164 l-106 99 -39 -40z M1985 2140 l-40 -41 205 -199 c113 -109 210 -199 215 -199 6 -1 102 89 215 198 l205 199 -39 41 -39 40 -172 -164 -171 -164 -165 165 c-90 90 -166 164 -169 164 -3 0 -24 -18 -45 -40z"/></g></svg>
  <svg x='440' y='401'><g transform="translate(0.0,29.0) scale(0.01,-0.01)"><path class="sym-fill" fill="white" d="M760 720 l0 -530 588 2 587 3 3 528 2 527 -590 0 -590 0 0 -530z"/><path class="sym-line" fill="black" d="M1930 2175 l0 -725 -594 0 -594 0 -218 197 c-121 108 -253 227 -296 265 l-76 69 -76 -67 c-42 -37 -76 -72 -76 -78 1 -6 120 -117 265 -246 l264 -235 0 -677 1 -678 815 0 815 0 0 193 1 192 319 285 c176 157 320 290 320 296 0 6 -34 41 -76 78 l-77 67 -36 -34 c-20 -19 -128 -117 -241 -218 l-205 -183 -3 1112 -2 1112 -115 0 -115 0 0 -725z m10 -1450 l0 -535 -595 0 -595 0 0 535 0 535 595 0 595 0 0 -535z"/></g></svg>
  <svg x='447' y='433'><g transform="translate(0.180786096011,4.75000053092) scale(0.00958087152387,-0.00920312606184)"><path class="sym-line" fill="black" d="M245 488 c-55 -20 -116 -69 -150 -121 -45 -68 -84 -193 -92 -289 l-6 -78 107 0 106 0 0 40 c0 57 36 145 71 175 37 30 91 33 131 7 15 -10 53 -49 85 -87 82 -98 136 -129 231 -134 87 -4 139 9 200 51 86 59 157 215 169 371 l6 77 -107 0 -106 0 0 -40 c0 -57 -36 -145 -71 -175 -37 -30 -91 -33 -131 -7 -15 10 -53 49 -85 87 -32 38 -81 83 -107 100 -44 27 -59 30 -135 32 -47 1 -99 -3 -116 -9z"/></g></svg>
  <svg x='463' y='401'><g transform="translate(0.0,29.0) scale(0.01,-0.01)"><path class="sym-fill" fill="white" d="M862 723 l3 -528 588 -3 587 -2 0 530 0 530 -590 0 -590 0 2 -527z"/><path class="sym-line" fill="black" d="M638 1788 l-3 -1112 -205 184 c-113 101 -221 199 -241 217 l-36 34 -77 -68 c-42 -37 -76 -72 -76 -78 1 -5 144 -138 320 -295 l319 -285 1 -192 0 -193 815 0 815 0 1 678 0 677 264 235 c145 129 264 240 265 245 0 6 -34 41 -75 79 l-75 68 -132 -119 c-73 -65 -206 -184 -296 -265 l-164 -148 -594 0 -594 0 0 725 0 725 -115 0 -115 0 -2 -1112z m1412 -1063 l0 -535 -595 0 -595 0 0 535 0 535 595 0 595 0 0 -535z"/></g></svg>
</svg>