<svg version='1.1' xmlns='http://www.w3.org/2000/svg' width='42' height='85' viewBox='479 458 42 85'>
  <text font-size='0'>M521x543S11200479x458S11220501x483S2f900480x487S2f900508x511S26500507x518S2f700487x536S26500479x494S2fb03488x520</text>
  <svg x='479' y='458'><g transform="translate(0.0,23.0) scale(0.01,-0.01)"><path class="sym-fill" fill="white" d="M200 750 l0 -550 550 0 550 0 0 550 0 550 -550 0 -550 0 0 -550z"/><path class="sym-line" fill="black" d="M674 2276 c-112 -52 -174 -151 -174 -276 0 -89 27 -156 85 -215 43 -42 126 -85 167 -85 24 0 34 -12 83 -94 30 -52 55 -97 55 -100 0 -3 -200 -6 -445 -6 l-445 0 0 -750 0 -750 750 0 750 0 0 744 0 744 60 104 60 105 54 12 c136 30 225 145 226 291 0 175 -124 300 -300 300 -89 0 -156 -27 -215 -85 -112 -113 -116 -302 -7 -426 l31 -35 -73 -125 -72 -124 -61 -3 -61 -3 -71 124 c-39 69 -71 128 -71 132 0 4 12 21 27 39 76 90 97 230 49 332 -52 112 -151 174 -276 174 -58 0 -87 -6 -126 -24z m626 -1526 l0 -550 -550 0 -550 0 0 550 0 550 550 0 550 0 0 -550z"/></g></svg>
  <svg x='501' y='483'><g transform="translate(0.0,23.0) scale(0.01,-0.01)"><path class="sym-line" fill="black" d="M174 2276 c-112 -52 -174 -151 -174 -276 1 -146 90 -261 226 -291 l54 -12 60 -105 60 -104 0 -744 0 -744 750 0 750 0 0 750 0 750 -445 2 -445 3 55 96 54 96 55 12 c136 30 225 145 226 291 0 175 -124 300 -300 300 -89 0 -156 -27 -215 -85 -112 -113 -116 -302 -7 -426 l31 -35 -73 -125 -72 -124 -64 0 -64 0 -72 124 -73 125 31 35 c80 91 103 232 54 337 -52 112 -151 174 -276 174 -58 0 -87 -6 -126 -24z"/></g></svg>
  <svg x='480' y='487'><g transform="translate(0.180786096011,4.75000053092) scale(0.00958087152387,-0.00920312606184)"><path class="sym-line" fill="black" d="M245 488 c-55 -20 -116 -69 -150 -121 -45 -68 -84 -193 -92 -289 l-6 -78 107 0 106 0 0 40 c0 57 36 145 71 175 37 30 91 33 131 7 15 -10 53 -49 85 -87 82 -98 136 -129 231 -134 87 -4 139 9 200 51 86 59 157 215 169 371 l6 77 -107 0 -106 0 0 -40 c0 -57 -36 -145 -71 -175 -37 -30 -91 -33 -131 -7 -15 10 -53 49 -85 87 -32 38 -81 83 -107 100 -44 27 -59 30 -135 32 -47 1 -99 -3 -116 -9z"/></g></svg>
  <svg x='508' y='511'><g transform="translate(0.180786096011,4.75000053092) scale(0.00958087152387,-0.00920312606184)"><path class="sym-line" fill="black" d="M245 488 c-55 -20 -116 -69 -150 -121 -45 -68 -84 -193 -92 -289 l-6 -78 107 0 106 0 0 40 c0 57 36 145 71 175 37 30 91 33 131 7 15 -10 53 -49 85 -87 82 -98 136 -129 231 -134 87 -4 139 9 200 51 86 59 157 215 169 371 l6 77 -107 0 -106 0 0 -40 c0 -57 -36 -145 -71 -175 -37 -30 -91 -33 -131 -7 -15 10 -53 49 -85 87 -32 38 -81 83 -107 100 -44 27 -59 30 -135 32 -47 1 -99 -3 -116 -9z"/></g></svg>
  <svg x='507' y='518'><g transform="translate(0.199517282911,14.7505211307) scale(0.00964541675618,-0.00973472242044)"><path class="sym-line" fill="black" d="M345 1150 l-350 -350 303 0 302 0 0 -400 0 -400 100 0 100 0 0 400 0 400 302 0 303 0 -350 350 c-192 193 -352 350 -355 350 -3 0 -163 -157 -355 -350z"/></g></svg>
  <svg x='487' y='536'><g transform="translate(0.0,7.0) scale(0.01,-0.01)"><path class="sym-line" fill="black" d="M463 432 l-463 -267 0 -82 0 -83 600 0 600 0 0 100 0 100 -355 2 -355 3 355 205 355 204 0 43 0 43 -137 0 -138 -1 -462 -267z"/></g></svg>
  <svg x='479' y='494'><g transform="translate(0.199517282911,14.7505211307) scale(0.00964541675618,-0.00973472242044)"><path class="sym-line" fill="black" d="M345 1150 l-350 -350 303 0 302 0 0 -400 0 -400 100 0 100 0 0 400 0 400 302 0 303 0 -350 350 c-192 193 -352 350 -355 350 -3 0 -163 -157 -355 -350z"/></g></svg>
  <svg x='488' y='520'><g transform="translate(0.0365599625462,11.8157312516) scale(0.00973615546612,-0.00979931310654)"><path class="sym-line" fill="black" d="M92 1128 c-66 -137 -86 -236 -79 -390 6 -128 23 -202 72 -303 94 -196 273 -344 491 -407 64 -18 103 -23 204 -22 144 0 234 20 352 80 l71 36 -45 45 -45 45 -79 -28 c-96 -33 -250 -44 -347 -23 -216 45 -390 187 -480 391 -68 153 -70 355 -5 507 l19 44 -43 44 c-23 24 -45 43 -49 43 -3 0 -20 -28 -37 -62z"/></g></svg>
</svg>