<svg version='1.1' xmlns='http://www.w3.org/2000/svg' width='120' height='67' viewBox='401 460 120 67'>
  <text font-size='0'>M521x527S2ff01481x482S10002440x487S36d01479x516S1000a401x487S26516409x469S26502441x469S2f900441x460S2f900413x461S30e30489x492</text>
  <svg x='481' y='482'><g transform="translate(0.149874875465,34.7500790925) scale(0.00988906872676,-0.00988956850125)"><path class="sym-line" fill="black" d="M1528 3484 c-592 -92 -1088 -447 -1348 -963 -125 -249 -180 -485 -180 -771 0 -480 183 -911 529 -1242 350 -336 780 -508 1271 -508 451 0 864 150 1193 434 326 281 517 620 591 1051 21 121 21 409 0 530 -43 252 -114 444 -237 639 -282 453 -741 750 -1284 831 -127 19 -413 18 -535 -1z m607 -174 c582 -125 1038 -522 1224 -1068 59 -173 75 -277 75 -492 0 -165 -3 -211 -22 -300 -86 -395 -301 -731 -619 -966 -190 -141 -418 -243 -658 -294 -141 -31 -398 -38 -527 -16 -560 95 -1013 566 -1148 1191 -30 141 -40 236 -40 385 0 149 10 244 40 385 133 617 578 1085 1130 1190 114 21 415 13 545 -15z"/></g></svg>
  <svg x='440' y='487'><g transform="translate(0.0,15.0) scale(0.01,-0.01)"><path class="sym-fill" fill="white" d="M1700 750 l0 -550 550 0 550 0 0 550 0 550 -550 0 -550 0 0 -550z"/><path class="sym-line" fill="black" d="M0 1400 l0 -100 750 0 750 0 0 -650 0 -650 750 0 750 0 0 750 0 750 -1500 0 -1500 0 0 -100z m2800 -650 l0 -550 -550 0 -550 0 0 550 0 550 550 0 550 0 0 -550z"/></g></svg>
  <svg x='479' y='516'><g transform="translate(0.0,11.0) scale(0.01,-0.01)"><path class="sym-line" fill="black" d="M2067 801 l-2067 -296 0 -252 c0 -196 3 -253 13 -253 6 0 951 201 2100 447 l2087 447 0 103 0 103 -32 -1 c-18 -1 -963 -135 -2101 -298z"/></g></svg>
  <svg x='401' y='487'><g transform="translate(0.0,15.0) scale(0.01,-0.01)"><path class="sym-fill" fill="white" d="M200 750 l0 -550 550 0 550 0 0 550 0 550 -550 0 -550 0 0 -550z"/><path class="sym-line" fill="black" d="M0 750 l0 -750 750 0 750 0 0 650 0 650 750 0 750 0 0 100 0 100 -1500 0 -1500 0 0 -750z m1300 0 l0 -550 -550 0 -550 0 0 550 0 550 550 0 550 0 0 -550z"/></g></svg>
  <svg x='409' y='469'><g transform="translate(0.149734255248,13.6974450331) scale(0.0097007872376,-0.00964308576999)"><path class="sym-fill" fill="white" d="M900 700 l0 -455 227 228 228 227 -228 227 -227 228 0 -455z"/><path class="sym-line" fill="black" d="M800 1102 l0 -302 -400 0 -400 0 0 -100 0 -100 400 0 400 0 0 -302 0 -303 352 353 353 352 -353 352 -352 353 0 -303z m327 -629 l-227 -228 0 455 0 455 227 -228 228 -227 -228 -227z"/></g></svg>
  <svg x='441' y='469'><g transform="translate(0.198128695057,13.7002011211) scale(0.0097007872376,-0.0096798311579)"><path class="sym-line" fill="black" d="M345 1050 l-350 -350 353 -353 352 -352 0 303 0 302 400 0 400 0 0 100 0 100 -400 0 -400 0 -2 300 -3 300 -350 -350z"/></g></svg>
  <svg x='441' y='460'><g transform="translate(0.180786096011,4.75000053092) scale(0.00958087152387,-0.00920312606184)"><path class="sym-line" fill="black" d="M245 488 c-55 -20 -116 -69 -150 -121 -45 -68 -84 -193 -92 -289 l-6 -78 107 0 106 0 0 40 c0 57 36 145 71 175 37 30 91 33 131 7 15 -10 53 -49 85 -87 82 -98 136 -129 231 -134 87 -4 139 9 200 51 86 59 157 215 169 371 l6 77 -107 0 -106 0 0 -40 c0 -57 -36 -145 -71 -175 -37 -30 -91 -33 -131 -7 -15 10 -53 49 -85 87 -32 38 -81 83 -107 100 -44 27 -59 30 -135 32 -47 1 -99 -3 -116 -9z"/></g></svg>
  <svg x='413' y='461'><g transform="translate(0.180786096011,4.75000053092) scale(0.00958087152387,-0.00920312606184)"><path class="sym-line" fill="black" d="M245 488 c-55 -20 -116 -69 -150 -121 -45 -68 -84 -193 -92 -289 l-6 -78 107 0 106 0 0 40 c0 57 36 145 71 175 37 30 91 33 131 7 15 -10 53 -49 85 -87 82 -98 136 -129 231 -134 87 -4 139 9 200 51 86 59 157 215 169 371 l6 77 -107 0 -106 0 0 -40 c0 -57 -36 -145 -71 -175 -37 -30 -91 -33 -131 -7 -15 10 -53 49 -85 87 -32 38 -81 83 -107 100 -44 27 -59 30 -135 32 -47 1 -99 -3 -116 -9z"/></g></svg>
  <svg x='489' y='492'><g transform="translate(0.0,8.0) scale(0.01,-0.01)"><path class="sym-line" fill="black" d="M190 750 l0 -50 218 0 217 0 229 -241 229 -240 40 40 40 40 -239 249 -239 250 -247 1 -248 1 0 -50z M1476 548 l-239 -249 40 -40 40 -40 229 240 229 241 218 0 217 0 0 50 0 50 -247 -1 -248 -1 -239 -250z M0 450 l0 -50 238 -1 237 0 190 -200 c104 -109 194 -199 200 -199 6 0 26 16 45 35 l34 35 -94 98 c-52 53 -147 150 -210 215 l-115 117 -262 0 -263 0 0 -50z M1760 383 c-63 -65 -158 -162 -210 -215 l-94 -98 34 -35 c19 -19 39 -35 45 -35 6 0 96 90 200 199 l190 200 238 0 237 1 0 50 0 50 -263 0 -262 0 -115 -117z"/></g></svg>
</svg>