<svg version='1.1' xmlns='http://www.w3.org/2000/svg' width='46' height='105' viewBox='477 448 46 105'>
  <text font-size='0'>M523x553S15d3a482x456S15d52494x448S22a04510x469S20e00492x478S1f73a486x514S1f752498x503S22104492x494S22a00510x523S22a14478x538S22a10477x477</text>
  <svg x='482' y='456'><g transform="translate(0.150467407594,18.7501235081) scale(0.00985944212031,-0.00979036105688)"><path class="sym-fill" fill="white" d="M1400 1160 l0 -110 -600 0 -600 0 0 -420 0 -420 600 0 600 0 0 -105 0 -105 150 0 150 0 0 105 0 105 159 0 158 0 194 206 c107 113 195 209 197 215 2 5 -83 101 -190 213 l-193 205 -162 0 -163 1 0 110 0 110 -150 0 -150 0 0 -110z"/><path class="sym-line" fill="black" d="M593 1585 l-298 -315 -147 0 -148 0 0 -635 0 -635 700 0 700 0 0 105 0 105 -600 0 -600 0 0 425 0 425 600 0 600 0 0 105 0 105 -400 2 -401 3 226 239 226 240 -73 73 c-40 40 -76 73 -80 73 -4 0 -141 -142 -305 -315z M1700 1165 l0 -105 159 0 158 0 196 -207 c107 -115 197 -212 199 -218 1 -5 -85 -103 -192 -216 l-195 -207 -162 -1 -163 -1 0 -105 0 -105 204 0 205 0 296 312 c163 172 294 317 293 324 -2 6 -136 152 -298 323 l-294 311 -203 0 -203 0 0 -105z"/></g></svg>
  <svg x='494' y='448'><g transform="translate(0.0988030436528,18.7501235081) scale(0.00987079079185,-0.00979036105688)"><path class="sym-fill" fill="white" d="M1000 1265 l0 -635 150 0 150 0 0 635 0 635 -150 0 -150 0 0 -635z"/><path class="sym-line" fill="black" d="M298 1590 c-161 -170 -293 -316 -293 -324 0 -8 132 -154 294 -325 l294 -311 204 0 203 0 0 635 0 635 -204 0 -205 0 -293 -310z M1300 1265 l0 -635 401 -2 401 -3 -226 -239 -227 -240 73 -73 c40 -40 76 -73 80 -73 4 0 141 142 305 315 l298 315 148 0 147 0 0 635 0 635 -700 0 -700 0 0 -635z"/></g></svg>
  <svg x='510' y='469'><g transform="translate(0.043463926586,14.7505211307) scale(0.00985915292844,-0.00973472242044)"><path class="sym-fill" fill="white" d="M510 1100 l0 -400 140 0 140 0 0 400 0 400 -140 0 -140 0 0 -400z"/><path class="sym-line" fill="black" d="M330 1100 l0 -400 -159 -2 -160 -3 315 -347 c174 -192 319 -348 324 -348 5 0 150 156 324 348 l315 347 -160 3 -159 2 0 400 0 400 -90 0 -90 0 0 -400 0 -400 -140 0 -140 0 0 400 0 400 -90 0 -90 0 0 -400z"/></g></svg>
  <svg x='492' y='478'><g transform="translate(0.146427179928,11.7544805477) scale(0.00967082850362,-0.00967852689504)"><path class="sym-fill" fill="white" d="M503 985 c-159 -43 -265 -159 -295 -325 -22 -116 23 -252 112 -340 88 -89 224 -134 340 -112 178 33 299 154 332 332 22 115 -23 252 -110 339 -56 56 -107 85 -189 106 -70 18 -121 18 -190 0z m175 -200 c104 -44 151 -167 103 -270 -71 -153 -291 -153 -362 0 -33 72 -19 166 34 224 52 56 151 76 225 46z"/><path class="sym-line" fill="black" d="M435 1181 c-206 -60 -366 -224 -419 -428 -21 -78 -21 -228 0 -306 54 -208 223 -377 431 -431 78 -21 228 -21 306 0 208 54 377 223 431 431 21 78 21 228 0 306 -26 103 -80 195 -158 273 -78 78 -170 132 -273 158 -82 21 -240 20 -318 -3z m276 -197 c134 -40 234 -140 273 -273 62 -211 -60 -432 -273 -495 -210 -62 -433 61 -495 273 -61 207 56 426 264 492 70 23 161 24 231 3z M509 772 c-43 -22 -59 -38 -81 -81 -36 -68 -36 -114 0 -182 22 -43 38 -59 81 -81 68 -36 114 -36 182 0 43 22 59 38 81 81 36 68 36 114 0 182 -22 43 -38 59 -81 81 -68 36 -114 36 -182 0z"/></g></svg>
  <svg x='486' y='514'><g transform="translate(0.149086073535,19.7485347591) scale(0.00973319632325,-0.00980406968249)"><path class="sym-fill" fill="white" d="M800 1400 l0 -100 -300 0 -300 0 0 -550 0 -550 300 0 300 0 0 -100 0 -100 150 0 150 0 0 100 0 100 100 0 100 0 0 550 0 550 -100 0 -100 0 0 100 0 100 -150 0 -150 0 0 -100z"/><path class="sym-line" fill="black" d="M423 1753 l-423 -246 0 -753 0 -754 400 0 400 0 0 100 0 100 -300 0 -300 0 0 550 0 550 300 0 300 0 0 100 0 100 -191 2 -192 3 277 159 c152 87 276 161 276 164 0 19 -98 171 -110 171 -8 -1 -205 -111 -437 -246z M1100 1400 l0 -100 100 0 100 0 0 -550 0 -550 -100 0 -100 0 0 -100 0 -100 200 0 200 0 0 750 0 750 -200 0 -200 0 0 -100z"/></g></svg>
  <svg x='498' y='503'><g transform="translate(0.149086073535,19.7680810383) scale(0.00973319632325,-0.00980982176916)"><path class="sym-fill" fill="white" d="M400 1250 l0 -750 150 0 150 0 0 750 0 750 -150 0 -150 0 0 -750z"/><path class="sym-line" fill="black" d="M0 1250 l0 -750 200 0 200 0 0 750 0 750 -200 0 -200 0 0 -750z M700 1250 l0 -750 191 -2 192 -3 -277 -159 c-152 -87 -276 -161 -276 -164 0 -2 21 -42 47 -88 31 -55 53 -83 63 -82 9 2 206 113 438 247 l422 244 0 753 0 754 -400 0 -400 0 0 -750z"/></g></svg>
  <svg x='492' y='494'><g transform="translate(0.150398531432,6.94494141144) scale(0.00966757342839,-0.00970929130205)"><path class="sym-line" fill="black" d="M64 638 c-35 -33 -64 -64 -64 -68 0 -10 589 -550 600 -550 11 0 600 540 600 550 0 11 -127 130 -140 130 -6 0 -110 -90 -231 -200 -121 -110 -224 -200 -229 -200 -5 0 -108 90 -229 200 -121 110 -225 200 -231 200 -7 0 -41 -28 -76 -62z"/></g></svg>
  <svg x='510' y='523'><g transform="translate(0.043463926586,14.7505211307) scale(0.00985915292844,-0.00973472242044)"><path class="sym-fill" fill="white" d="M510 400 l0 -400 140 0 140 0 0 400 0 400 -140 0 -140 0 0 -400z"/><path class="sym-line" fill="black" d="M326 1153 l-315 -348 160 -3 159 -2 0 -400 0 -400 90 0 90 0 0 400 0 400 140 0 140 0 0 -400 0 -400 90 0 90 0 0 400 0 400 159 2 160 3 -315 348 c-174 191 -319 347 -324 347 -5 0 -150 -156 -324 -347z"/></g></svg>
  <svg x='478' y='538'><g transform="translate(0.043463926586,14.7505211307) scale(0.00985915292844,-0.00973472242044)"><path class="sym-fill" fill="white" d="M510 1100 l0 -400 140 0 140 0 0 400 0 400 -140 0 -140 0 0 -400z M277 557 c144 -163 368 -407 373 -407 5 0 229 244 373 407 l39 43 -412 0 -412 0 39 -43z"/><path class="sym-line" fill="black" d="M330 1100 l0 -400 -159 -2 -160 -3 315 -347 c174 -192 319 -348 324 -348 5 0 150 156 324 348 l315 347 -160 3 -159 2 0 400 0 400 -90 0 -90 0 0 -400 0 -400 -140 0 -140 0 0 400 0 400 -90 0 -90 0 0 -400z m714 -522 c-82 -96 -388 -428 -394 -428 -6 0 -312 332 -394 428 l-19 22 413 0 413 0 -19 -22z"/></g></svg>
  <svg x='477' y='477'><g transform="translate(0.043463926586,14.7505211307) scale(0.00985915292844,-0.00973472242044)"><path class="sym-fill" fill="white" d="M443 1128 l-201 -223 204 -3 c112 -1 296 -1 408 0 l204 3 -198 220 c-110 121 -203 221 -208 223 -4 1 -99 -98 -209 -220z M510 400 l0 -400 140 0 140 0 0 400 0 400 -140 0 -140 0 0 -400z"/><path class="sym-line" fill="black" d="M326 1153 l-315 -348 160 -3 159 -2 0 -400 0 -400 90 0 90 0 0 400 0 400 140 0 140 0 0 -400 0 -400 90 0 90 0 0 400 0 400 159 2 160 3 -315 348 c-174 191 -319 347 -324 347 -5 0 -150 -156 -324 -347z m534 -25 l202 -223 -206 -3 c-113 -1 -299 -1 -412 0 l-206 3 202 223 c111 122 205 222 210 222 5 0 99 -100 210 -222z"/></g></svg>
</svg>