<svg version='1.1' xmlns='http://www.w3.org/2000/svg' width='46' height='145' viewBox='477 469 46 145'>
  <text font-size='0'>M523x614S2f700492x607S14c1a482x561S36520497x508S33300484x482S36e00477x525S37500484x469S14c12489x539S26f24479x589</text>
  <svg x='492' y='607'><g transform="translate(0.0,7.0) scale(0.01,-0.01)"><path class="sym-line" fill="black" d="M463 432 l-463 -267 0 -82 0 -83 600 0 600 0 0 100 0 100 -355 2 -355 3 355 205 355 204 0 43 0 43 -137 0 -138 -1 -462 -267z"/></g></svg>
  <svg x='482' y='561'><g transform="translate(0.150230433539,22.9376331902) scale(0.00987129082304,-0.00990834595228)"><path class="sym-fill" fill="white" d="M200 1065 l0 -145 708 0 707 1 149 144 149 145 -857 0 -856 0 0 -145z"/><path class="sym-line" fill="black" d="M891 2005 l-298 -295 -296 0 -297 0 0 -495 0 -495 598 0 597 0 130 -131 c72 -72 232 -229 357 -350 l227 -220 70 67 c39 36 71 72 71 78 0 6 -125 133 -277 283 l-278 272 105 0 104 1 46 44 45 44 400 -229 c220 -126 402 -228 405 -228 8 -1 100 159 100 172 -1 7 -163 104 -361 217 -199 113 -366 208 -372 212 -8 5 14 34 63 83 l74 75 498 0 498 0 0 105 0 105 -498 0 -498 0 -74 75 c-61 61 -72 77 -60 85 8 5 174 101 369 212 194 111 355 207 357 213 5 11 -86 174 -96 175 -3 0 -185 -103 -405 -229 l-400 -229 -45 44 -46 44 -404 0 -405 0 223 223 c122 122 222 227 222 234 0 11 -132 133 -144 133 -4 0 -141 -133 -305 -295z m884 -935 l-150 -150 -712 0 -713 0 0 150 0 150 862 0 863 0 -150 -150z"/></g></svg>
  <svg x='497' y='508'><g transform="translate(0.0,6.0) scale(0.01,-0.01)"><path class="sym-line" fill="black" d="M0 300 l0 -300 500 0 500 0 0 300 0 300 -50 0 -50 0 0 -225 0 -225 -100 0 -100 0 0 225 0 225 -50 0 -50 0 0 -225 0 -225 -100 0 -100 0 0 225 0 225 -50 0 -50 0 0 -225 0 -225 -100 0 -100 0 0 225 0 225 -50 0 -50 0 0 -300z"/></g></svg>
  <svg x='484' y='482'><g transform="translate(0.149874875465,34.7500790925) scale(0.00988906872676,-0.00988956850125)"><path class="sym-line" fill="black" d="M1528 3484 c-592 -92 -1088 -447 -1348 -963 -125 -249 -180 -485 -180 -771 0 -480 183 -911 529 -1242 350 -336 780 -508 1271 -508 451 0 864 150 1193 434 326 281 517 620 591 1051 21 121 21 409 0 530 -43 252 -114 444 -237 639 -282 453 -741 750 -1284 831 -127 19 -413 18 -535 -1z m607 -173 c583 -126 1038 -523 1224 -1069 59 -173 75 -277 75 -492 0 -165 -3 -211 -22 -300 -71 -327 -228 -611 -458 -829 -186 -177 -381 -295 -614 -374 -176 -60 -282 -78 -490 -84 -247 -7 -416 19 -628 97 -549 201 -944 674 -1043 1250 -17 97 -17 383 0 480 99 576 495 1050 1043 1250 105 38 177 58 303 81 143 26 467 21 610 -10z M1720 2250 l0 -150 -140 0 -140 0 0 -50 0 -50 140 0 140 0 0 -100 0 -100 -140 0 -140 0 0 -50 0 -50 140 0 140 0 0 -250 0 -250 80 0 80 0 0 250 0 250 145 0 145 0 0 50 0 50 -145 0 -145 0 0 100 0 100 145 0 145 0 0 50 0 50 -145 0 -145 0 0 150 0 150 -80 0 -80 0 0 -150z"/></g></svg>
  <svg x='477' y='525'><g transform="translate(0.0,12.0) scale(0.01,-0.01)"><path class="sym-line" fill="black" d="M0 1000 l0 -200 300 0 300 0 0 -400 0 -400 1700 0 1700 0 0 400 0 400 300 0 300 0 0 200 0 200 -450 0 -450 0 0 -400 0 -400 -1400 0 -1400 0 0 400 0 400 -450 0 -450 0 0 -200z"/></g></svg>
  <svg x='484' y='469'><g transform="translate(0.149874875465,47.7513080778) scale(0.00988906872676,-0.00992300517927)"><path class="sym-line" fill="black" d="M1695 4787 c-92 -37 -163 -106 -189 -184 -20 -59 -20 -147 0 -205 26 -78 116 -166 188 -184 l26 -6 0 -304 0 -304 80 0 80 0 0 304 0 304 29 7 c32 7 104 55 134 89 49 58 62 98 62 196 0 108 -15 147 -81 212 -60 61 -116 83 -214 85 -49 1 -98 -3 -115 -10z M1528 3484 c-592 -92 -1088 -447 -1348 -963 -125 -249 -180 -485 -180 -771 0 -480 183 -911 529 -1242 350 -336 780 -508 1271 -508 451 0 864 150 1193 434 326 281 517 620 591 1051 21 121 21 409 0 530 -43 252 -114 444 -237 639 -282 453 -741 750 -1284 831 -127 19 -413 18 -535 -1z m607 -173 c583 -126 1038 -523 1224 -1069 59 -173 75 -277 75 -492 0 -165 -3 -211 -22 -300 -71 -327 -228 -611 -458 -829 -186 -177 -381 -295 -614 -374 -176 -60 -282 -78 -490 -84 -247 -7 -416 19 -628 97 -549 201 -944 674 -1043 1250 -17 97 -17 383 0 480 99 576 495 1050 1043 1250 105 38 177 58 303 81 143 26 467 21 610 -10z"/></g></svg>
  <svg x='489' y='539'><g transform="translate(0.150230433539,22.9376331902) scale(0.00987129082304,-0.00990834595228)"><path class="sym-fill" fill="white" d="M1336 1065 l149 -144 708 -1 707 0 0 145 0 145 -856 0 -857 0 149 -145z"/><path class="sym-line" fill="black" d="M1827 2237 c-37 -34 -67 -66 -67 -72 0 -5 100 -110 222 -232 l223 -223 -405 0 -404 0 -46 -44 -45 -44 -400 229 c-220 126 -402 229 -405 229 -10 -1 -101 -164 -96 -175 2 -6 163 -102 357 -213 195 -111 361 -207 369 -212 12 -8 1 -24 -60 -85 l-74 -75 -498 0 -498 0 0 -105 0 -105 498 0 498 0 74 -75 c49 -49 71 -78 63 -83 -6 -4 -173 -99 -372 -212 -198 -113 -360 -210 -361 -217 0 -13 92 -173 100 -172 3 0 185 102 405 228 l400 229 45 -44 46 -44 104 -1 105 0 -278 -272 c-152 -150 -277 -277 -277 -283 0 -6 32 -42 71 -78 l70 -67 227 220 c125 121 285 278 357 350 l130 131 597 0 598 0 0 495 0 495 -297 0 -296 0 -298 295 c-164 162 -301 295 -306 295 -4 0 -39 -29 -76 -63z m1073 -1167 l0 -150 -713 0 -712 0 -150 150 -150 150 863 0 862 0 0 -150z"/></g></svg>
  <svg x='479' y='589'><g transform="translate(0.197637623324,13.7002011211) scale(0.00987613215407,-0.0096798311579)"><path class="sym-line" fill="black" d="M600 1050 l0 -350 100 0 100 0 0 350 0 350 -100 0 -100 0 0 -350z M1900 1050 l0 -350 100 0 100 0 0 350 0 350 -100 0 -100 0 0 -350z M3200 1050 l0 -350 100 0 100 0 0 350 0 350 -100 0 -100 0 0 -350z M347 348 l353 -353 325 325 325 325 325 -325 325 -325 325 325 325 325 325 -325 325 -325 353 353 352 352 -145 0 -144 0 -202 -207 -202 -208 -209 208 -208 207 -240 0 -239 0 -202 -208 -202 -207 -209 208 -208 207 -240 0 -239 0 -202 -207 -202 -208 -209 208 -208 207 -150 0 -150 0 352 -352z"/></g></svg>
</svg>