<svg version='1.1' xmlns='http://www.w3.org/2000/svg' width='51' height='127' viewBox='474 482 51 127'>
  <text font-size='0'>M525x609S15a20477x529S15a20512x529S30a00482x482S20500483x515S20500506x516S2eb0c510x562S2eb1c474x561S2fc04495x598</text>
  <svg x='477' y='529'><g transform="translate(0.0,27.0) scale(0.01,-0.01)"><path class="sym-line" fill="black" d="M297 2402 l-297 -297 0 -1053 0 -1052 600 0 600 0 0 1053 0 1052 -298 298 c-163 163 -299 297 -302 297 -3 0 -139 -134 -303 -298z"/></g></svg>
  <svg x='512' y='529'><g transform="translate(0.0,27.0) scale(0.01,-0.01)"><path class="sym-line" fill="black" d="M297 2402 l-297 -297 0 -1053 0 -1052 600 0 600 0 0 1053 0 1052 -298 298 c-163 163 -299 297 -302 297 -3 0 -139 -134 -303 -298z"/></g></svg>
  <svg x='482' y='482'><g transform="translate(0.149874875465,34.7500790925) scale(0.00988906872676,-0.00988956850125)"><path class="sym-line" fill="black" d="M1528 3484 c-592 -92 -1088 -447 -1348 -963 -125 -249 -180 -485 -180 -771 0 -480 183 -911 529 -1242 350 -336 780 -508 1271 -508 451 0 864 150 1193 434 326 281 517 620 591 1051 21 121 21 409 0 530 -43 252 -114 444 -237 639 -282 453 -741 750 -1284 831 -127 19 -413 18 -535 -1z m607 -173 c583 -126 1038 -523 1224 -1069 59 -173 75 -277 75 -492 0 -165 -3 -211 -22 -300 -71 -327 -228 -611 -458 -829 -186 -177 -381 -295 -614 -374 -176 -60 -282 -78 -490 -84 -247 -7 -416 19 -628 97 -549 201 -944 674 -1043 1250 -17 97 -17 383 0 480 99 576 495 1050 1043 1250 105 38 177 58 303 81 143 26 467 21 610 -10z M1170 2747 c-85 -84 -247 -242 -359 -351 l-204 -199 42 -40 43 -39 141 139 c78 76 242 236 364 354 l222 216 -37 36 c-21 21 -42 37 -47 37 -6 0 -80 -69 -165 -153z M2222 2867 c-18 -18 -32 -36 -32 -39 0 -4 89 -94 198 -200 108 -106 270 -265 360 -353 l162 -159 42 41 42 42 -235 228 c-129 125 -290 283 -359 350 -69 68 -130 123 -136 123 -6 0 -24 -15 -42 -33z M1211 2330 c-198 -194 -361 -355 -361 -359 0 -13 68 -73 79 -70 13 5 721 690 721 699 0 3 -17 23 -39 44 l-38 37 -362 -351z M1987 2642 c-20 -21 -37 -40 -37 -43 0 -7 710 -693 722 -698 12 -4 78 59 77 73 -1 10 -703 698 -718 704 -4 1 -23 -15 -44 -36z"/></g></svg>
  <svg x='483' y='515'><g transform="translate(-0.221878406359,10.7500002304) scale(0.0103429235226,-0.00963778430032)"><path class="sym-line" fill="black" d="M430 895 l0 -205 -37 23 c-21 13 -95 61 -165 105 l-128 82 -36 -71 c-19 -40 -32 -75 -27 -79 4 -3 74 -48 156 -99 81 -51 147 -97 147 -101 0 -4 -66 -50 -147 -101 -82 -51 -152 -96 -156 -99 -5 -4 8 -39 27 -79 l36 -71 128 82 c70 44 144 92 165 105 l37 23 0 -205 0 -205 70 0 70 0 0 205 0 205 38 -23 c20 -13 94 -61 164 -105 l128 -82 36 71 c19 40 32 75 27 79 -4 3 -74 48 -155 99 -82 51 -148 97 -148 101 0 4 66 50 148 101 81 51 151 96 155 99 5 4 -8 39 -27 79 l-36 71 -128 -82 c-70 -44 -144 -92 -164 -105 l-38 -23 0 205 0 205 -70 0 -70 0 0 -205z"/></g></svg>
  <svg x='506' y='516'><g transform="translate(-0.221878406359,10.7500002304) scale(0.0103429235226,-0.00963778430032)"><path class="sym-line" fill="black" d="M430 895 l0 -205 -37 23 c-21 13 -95 61 -165 105 l-128 82 -36 -71 c-19 -40 -32 -75 -27 -79 4 -3 74 -48 156 -99 81 -51 147 -97 147 -101 0 -4 -66 -50 -147 -101 -82 -51 -152 -96 -156 -99 -5 -4 8 -39 27 -79 l36 -71 128 82 c70 44 144 92 165 105 l37 23 0 -205 0 -205 70 0 70 0 0 205 0 205 38 -23 c20 -13 94 -61 164 -105 l128 -82 36 71 c19 40 32 75 27 79 -4 3 -74 48 -155 99 -82 51 -148 97 -148 101 0 4 66 50 148 101 81 51 151 96 155 99 5 4 -8 39 -27 79 l-36 71 -128 -82 c-70 -44 -144 -92 -164 -105 l-38 -23 0 205 0 205 -70 0 -70 0 0 -205z"/></g></svg>
  <svg x='510' y='562'><g transform="translate(0.197879192411,31.7551292282) scale(0.00971073625276,-0.00987709116506)"><path class="sym-line" fill="black" d="M745 3181 c-182 -84 -337 -382 -404 -777 l-18 -104 258 0 258 0 6 48 c43 332 88 513 151 603 57 82 117 33 172 -141 41 -129 71 -308 104 -615 18 -165 18 -1025 0 -1190 -44 -412 -90 -626 -157 -741 -55 -94 -116 -62 -171 90 -32 89 -70 276 -91 449 l-17 147 -264 0 -263 0 6 -37 c73 -441 246 -748 490 -869 67 -33 88 -38 164 -42 78 -4 92 -2 137 21 163 83 290 338 365 737 21 110 22 147 26 819 5 753 1 821 -48 1046 -61 277 -180 495 -302 554 -38 19 -62 21 -203 21 -133 0 -165 -3 -199 -19z M273 1923 l277 -278 277 278 278 277 -555 0 -555 0 278 -277z M273 1323 l277 -278 277 278 278 277 -555 0 -555 0 278 -277z"/></g></svg>
  <svg x='474' y='561'><g transform="translate(0.197879192411,31.7551292282) scale(0.00971073625276,-0.00987709116506)"><path class="sym-fill" fill="white" d="M398 1948 l152 -153 152 153 153 152 -305 0 -305 0 153 -152z M398 1348 l152 -153 152 153 153 152 -305 0 -305 0 153 -152z"/><path class="sym-line" fill="black" d="M745 3181 c-182 -84 -337 -382 -404 -777 l-18 -104 258 0 258 0 6 48 c43 332 88 513 151 603 57 82 117 33 172 -141 41 -129 71 -308 104 -615 18 -165 18 -1025 0 -1190 -44 -412 -90 -626 -157 -741 -55 -94 -116 -62 -171 90 -32 89 -70 276 -91 449 l-17 147 -264 0 -263 0 6 -37 c73 -441 246 -748 490 -869 67 -33 88 -38 164 -42 78 -4 92 -2 137 21 163 83 290 338 365 737 21 110 22 147 26 819 5 753 1 821 -48 1046 -61 277 -180 495 -302 554 -38 19 -62 21 -203 21 -133 0 -165 -3 -199 -19z M273 1923 l277 -278 277 278 278 277 -555 0 -555 0 278 -277z m429 25 l-152 -153 -152 153 -153 152 305 0 305 0 -153 -152z M273 1323 l277 -278 277 278 278 277 -555 0 -555 0 278 -277z m429 25 l-152 -153 -152 153 -153 152 305 0 305 0 -153 -152z"/></g></svg>
  <svg x='495' y='598'><g transform="translate(0.178125321737,10.7500002304) scale(0.00969593203301,-0.00963778430032)"><path class="sym-line" fill="black" d="M4 1069 c22 -111 99 -242 206 -349 151 -151 320 -220 540 -220 220 0 389 69 540 220 107 107 184 238 206 349 l7 31 -61 0 -61 0 -42 -82 c-82 -158 -237 -284 -413 -335 -161 -47 -347 -24 -501 61 -101 56 -210 170 -264 274 l-42 82 -61 0 -61 0 7 -31z M4 569 c22 -111 99 -242 206 -349 151 -151 320 -220 540 -220 220 0 389 69 540 220 107 107 184 238 206 349 l7 31 -61 0 -61 0 -42 -82 c-54 -104 -163 -218 -264 -274 -154 -85 -340 -108 -501 -61 -176 51 -331 177 -413 335 l-42 82 -61 0 -61 0 7 -31z"/></g></svg>
</svg>