<svg version='1.1' xmlns='http://www.w3.org/2000/svg' width='49' height='108' viewBox='476 446 49 108'>
  <text font-size='0'>M525x554S1f759481x464S1f751499x446S25510476x532S15d28476x499S15d20505x499S25500512x532S22a04504x472S20b00480x449</text>
  <svg x='481' y='464'><g transform="translate(-0.0281220750666,20.9330711025) scale(0.00999856003278,-0.00993303595671)"><path class="sym-fill" fill="white" d="M703 1701 l-101 -99 535 -511 c295 -282 540 -510 544 -509 4 2 52 47 107 100 l101 98 -534 510 c-294 280 -537 510 -542 510 -4 -1 -54 -45 -110 -99z"/><path class="sym-line" fill="black" d="M959 1954 c-79 -75 -145 -138 -146 -139 -3 -1 955 -918 1033 -988 l54 -49 140 134 c77 73 139 138 138 143 -2 6 -210 208 -463 449 -253 242 -494 472 -536 513 l-76 75 -144 -138z M345 1368 c-138 -131 -267 -256 -288 -277 l-39 -38 444 -423 c243 -233 486 -466 539 -517 l96 -95 494 127 c272 70 495 127 496 128 1 2 -48 189 -52 194 0 1 -140 -33 -311 -77 -170 -44 -310 -80 -311 -80 -4 0 224 220 246 237 l23 19 -527 504 c-290 278 -535 512 -544 521 -15 14 -37 -5 -266 -223z"/></g></svg>
  <svg x='499' y='446'><g transform="translate(-0.0710762460728,20.9440633547) scale(0.0100093354278,-0.00995687112779)"><path class="sym-fill" fill="white" d="M842 1289 l-532 -510 17 -24 c10 -13 22 -25 28 -25 5 0 44 -35 87 -77 l78 -77 37 35 c102 96 944 898 988 940 l50 49 -100 100 c-55 55 -104 100 -110 100 -5 -1 -250 -230 -543 -511z"/><path class="sym-line" fill="black" d="M560 1578 c-294 -281 -536 -516 -538 -522 -1 -6 61 -71 138 -144 l140 -134 74 69 c41 37 285 270 543 516 l470 449 -111 108 c-61 59 -127 121 -146 138 l-35 30 -535 -510z M1593 1613 c5 -7 -190 -200 -533 -529 -298 -284 -538 -520 -533 -524 13 -11 261 -250 260 -250 -1 0 -141 36 -312 80 -170 43 -310 78 -311 77 -4 -4 -53 -191 -51 -193 1 -2 224 -59 495 -129 l492 -126 540 516 c297 284 540 518 540 519 0 1 -134 130 -297 287 -164 156 -294 279 -290 272z"/></g></svg>
  <svg x='476' y='532'><g transform="translate(0.149894744626,21.7542039329) scale(0.00969276276868,-0.00987656876754)"><path class="sym-fill" fill="white" d="M447 1832 c-108 -108 -197 -201 -197 -205 0 -4 180 -7 400 -7 220 0 400 3 400 8 0 8 -392 402 -400 402 -3 0 -94 -89 -203 -198z M500 1220 l0 -300 150 0 150 0 0 300 0 300 -150 0 -150 0 0 -300z M500 305 l0 -305 150 0 150 0 0 305 0 305 -150 0 -150 0 0 -305z"/><path class="sym-line" fill="black" d="M323 1861 c-178 -181 -323 -332 -323 -335 0 -3 68 -6 150 -6 l150 0 0 -300 0 -300 -150 0 -150 0 0 -160 0 -160 150 0 150 0 0 -300 0 -300 100 0 100 0 0 305 0 305 150 0 150 0 0 -305 0 -305 100 0 100 0 0 300 0 300 150 0 150 0 0 160 0 160 -150 0 -150 0 0 300 0 300 150 0 c83 0 150 3 150 6 0 7 -639 658 -649 661 -3 1 -151 -146 -328 -326z m523 -21 c109 -110 201 -205 202 -210 2 -6 -142 -10 -397 -10 -221 0 -401 3 -401 7 0 4 89 98 198 209 108 110 197 202 198 202 0 1 90 -88 200 -198z m-46 -620 l0 -310 -150 0 -150 0 0 310 0 310 150 0 150 0 0 -310z"/></g></svg>
  <svg x='476' y='499'><g transform="translate(0.151880478427,26.7522648112) scale(0.00978878857863,-0.00985915829359)"><path class="sym-line" fill="black" d="M313 2405 l-313 -296 0 -1055 0 -1054 635 0 635 0 0 148 0 147 315 298 c173 164 315 301 315 305 0 4 -33 40 -73 80 l-73 73 -240 -227 -239 -226 -3 754 -2 755 -311 294 c-171 162 -316 295 -322 297 -7 1 -153 -131 -324 -293z"/></g></svg>
  <svg x='505' y='499'><g transform="translate(0.0,27.0) scale(0.01,-0.01)"><path class="sym-line" fill="black" d="M945 2405 l-310 -295 -5 -755 -5 -756 -239 226 -240 226 -73 -73 c-40 -40 -73 -76 -73 -80 0 -4 142 -141 315 -305 l315 -298 0 -147 0 -148 635 0 635 0 0 1054 0 1055 -312 295 c-171 163 -316 296 -322 296 -6 -1 -150 -133 -321 -295z"/></g></svg>
  <svg x='512' y='532'><g transform="translate(0.149894744626,21.7542039329) scale(0.00969276276868,-0.00987656876754)"><path class="sym-fill" fill="white" d="M500 1220 l0 -300 150 0 150 0 0 300 0 300 -150 0 -150 0 0 -300z M500 305 l0 -305 150 0 150 0 0 305 0 305 -150 0 -150 0 0 -305z"/><path class="sym-line" fill="black" d="M323 1861 c-178 -181 -323 -332 -323 -335 0 -3 68 -6 150 -6 l150 0 0 -300 0 -300 -150 0 -150 0 0 -160 0 -160 150 0 150 0 0 -300 0 -300 100 0 100 0 0 305 0 305 150 0 150 0 0 -305 0 -305 100 0 100 0 0 300 0 300 150 0 150 0 0 160 0 160 -150 0 -150 0 0 300 0 300 150 0 c83 0 150 3 150 6 0 7 -639 658 -649 661 -3 1 -151 -146 -328 -326z m477 -641 l0 -310 -150 0 -150 0 0 310 0 310 150 0 150 0 0 -310z"/></g></svg>
  <svg x='504' y='472'><g transform="translate(0.043463926586,14.7505211307) scale(0.00985915292844,-0.00973472242044)"><path class="sym-fill" fill="white" d="M510 1100 l0 -400 140 0 140 0 0 400 0 400 -140 0 -140 0 0 -400z"/><path class="sym-line" fill="black" d="M330 1100 l0 -400 -159 -2 -160 -3 315 -347 c174 -192 319 -348 324 -348 5 0 150 156 324 348 l315 347 -160 3 -159 2 0 400 0 400 -90 0 -90 0 0 -400 0 -400 -140 0 -140 0 0 400 0 400 -90 0 -90 0 0 -400z"/></g></svg>
  <svg x='480' y='449'><g transform="translate(0.0,13.0) scale(0.01,-0.01)"><path class="sym-fill" fill="white" d="M500 650 l0 -150 150 0 150 0 0 150 0 150 -150 0 -150 0 0 -150z"/><path class="sym-line" fill="black" d="M300 1150 l0 -150 -150 0 -150 0 0 -100 0 -100 150 0 150 0 0 -150 0 -150 -150 0 -150 0 0 -100 0 -100 150 0 150 0 0 -150 0 -150 100 0 100 0 0 150 0 150 150 0 150 0 0 -150 0 -150 100 0 100 0 0 150 0 150 150 0 150 0 0 100 0 100 -150 0 -150 0 0 150 0 150 150 0 150 0 0 100 0 100 -150 0 -150 0 0 150 0 150 -100 0 -100 0 0 -150 0 -150 -150 0 -150 0 0 150 0 150 -100 0 -100 0 0 -150z m500 -500 l0 -150 -150 0 -150 0 0 150 0 150 150 0 150 0 0 -150z"/></g></svg>
</svg>