<svg version='1.1' xmlns='http://www.w3.org/2000/svg' width='52' height='149' viewBox='474 426 52 149'>
  <text font-size='0'>M526x575S15a11474x426S15a19501x428S3770b482x446S37703493x444S20e00497x463S22a05506x471S15a11477x518S37703496x536S15a19503x518S3770b485x537S20e00495x551S22a13485x561</text>
  <svg x='474' y='426'><g transform="translate(-0.0476493766782,22.899520137) scale(0.00991202148038,-0.00989177505957)"><path class="sym-fill" fill="white" d="M220 1820 l0 -275 623 -623 622 -622 138 138 137 137 -760 760 -760 760 0 -275z"/><path class="sym-line" fill="black" d="M20 1882 l0 -417 725 -725 725 -725 415 415 415 415 -727 727 -728 728 -412 0 -413 0 0 -418z m965 -552 l760 -760 -138 -137 -137 -138 -630 630 -630 630 0 267 c0 148 3 268 8 268 4 0 349 -342 767 -760z"/></g></svg>
  <svg x='501' y='428'><g transform="translate(0.149415820392,22.899520137) scale(0.00991202148038,-0.00989177505957)"><path class="sym-fill" fill="white" d="M1317 1332 l-757 -757 138 -138 137 -137 623 623 622 622 -2 273 -3 272 -758 -758z"/><path class="sym-line" fill="black" d="M727 1572 l-727 -727 415 -415 415 -415 725 725 725 725 0 417 0 418 -413 0 -412 0 -728 -728z m1363 250 l0 -267 -630 -630 -630 -630 -137 138 -138 137 760 760 c418 418 763 760 767 760 5 0 8 -120 8 -268z"/></g></svg>
  <svg x='482' y='446'><g transform="translate(-0.981442752515,22.333772324) scale(0.0107782670044,-0.0103182059236)"><path class="sym-line" fill="black" d="M1024 1185 c-505 -531 -919 -971 -919 -979 0 -7 31 -46 69 -86 51 -55 72 -71 83 -64 8 5 428 443 933 973 l919 965 -72 75 c-39 42 -76 77 -82 79 -6 1 -425 -432 -931 -963z"/></g></svg>
  <svg x='493' y='444'><g transform="translate(-0.946174107756,22.3050086955) scale(0.0107616505441,-0.0103087417234)"><path class="sym-line" fill="black" d="M167 2075 c-38 -41 -67 -79 -65 -85 7 -21 1842 -1941 1853 -1938 6 2 43 37 82 79 l72 75 -923 970 c-508 533 -930 970 -938 971 -7 1 -44 -32 -81 -72z"/></g></svg>
  <svg x='497' y='463'><g transform="translate(0.146427179928,11.7544805477) scale(0.00967082850362,-0.00967852689504)"><path class="sym-fill" fill="white" d="M503 985 c-159 -43 -265 -159 -295 -325 -22 -116 23 -252 112 -340 88 -89 224 -134 340 -112 178 33 299 154 332 332 22 115 -23 252 -110 339 -56 56 -107 85 -189 106 -70 18 -121 18 -190 0z m175 -200 c104 -44 151 -167 103 -270 -71 -153 -291 -153 -362 0 -33 72 -19 166 34 224 52 56 151 76 225 46z"/><path class="sym-line" fill="black" d="M435 1181 c-206 -60 -366 -224 -419 -428 -21 -78 -21 -228 0 -306 54 -208 223 -377 431 -431 78 -21 228 -21 306 0 208 54 377 223 431 431 21 78 21 228 0 306 -26 103 -80 195 -158 273 -78 78 -170 132 -273 158 -82 21 -240 20 -318 -3z m276 -197 c134 -40 234 -140 273 -273 62 -211 -60 -432 -273 -495 -210 -62 -433 61 -495 273 -61 207 56 426 264 492 70 23 161 24 231 3z M509 772 c-43 -22 -59 -38 -81 -81 -36 -68 -36 -114 0 -182 22 -43 38 -59 81 -81 68 -36 114 -36 182 0 43 22 59 38 81 81 36 68 36 114 0 182 -22 43 -38 59 -81 81 -68 36 -114 36 -182 0z"/></g></svg>
  <svg x='506' y='471'><g transform="translate(-0.13306451868,13.7638618061) scale(0.0100651361624,-0.0098696390724)"><path class="sym-fill" fill="white" d="M260 1124 c-52 -59 -95 -110 -95 -114 0 -11 525 -590 534 -590 5 0 52 48 104 106 l96 107 -37 43 c-81 94 -497 553 -502 553 -3 1 -48 -47 -100 -105z"/><path class="sym-line" fill="black" d="M427 1308 l-66 -73 23 -25 c230 -254 504 -558 510 -568 5 -8 -27 -50 -91 -121 -54 -60 -101 -108 -104 -107 -3 0 -127 135 -275 298 l-269 297 -60 -66 c-33 -36 -63 -71 -67 -78 -4 -7 98 -127 258 -304 146 -160 264 -296 262 -301 -2 -4 -50 -61 -108 -125 -58 -64 -106 -121 -108 -126 -2 -5 189 -9 472 -9 l476 0 0 525 c0 289 -3 525 -7 524 -5 0 -60 -58 -123 -129 -63 -71 -115 -128 -116 -127 -12 18 -529 583 -534 585 -4 2 -37 -30 -73 -70z"/></g></svg>
  <svg x='477' y='518'><g transform="translate(-0.0476493766782,22.899520137) scale(0.00991202148038,-0.00989177505957)"><path class="sym-fill" fill="white" d="M220 1820 l0 -275 623 -623 622 -622 138 138 137 137 -760 760 -760 760 0 -275z"/><path class="sym-line" fill="black" d="M20 1882 l0 -417 725 -725 725 -725 415 415 415 415 -727 727 -728 728 -412 0 -413 0 0 -418z m965 -552 l760 -760 -138 -137 -137 -138 -630 630 -630 630 0 267 c0 148 3 268 8 268 4 0 349 -342 767 -760z"/></g></svg>
  <svg x='496' y='536'><g transform="translate(-0.946174107756,22.3050086955) scale(0.0107616505441,-0.0103087417234)"><path class="sym-line" fill="black" d="M167 2075 c-38 -41 -67 -79 -65 -85 7 -21 1842 -1941 1853 -1938 6 2 43 37 82 79 l72 75 -923 970 c-508 533 -930 970 -938 971 -7 1 -44 -32 -81 -72z"/></g></svg>
  <svg x='503' y='518'><g transform="translate(0.149415820392,22.899520137) scale(0.00991202148038,-0.00989177505957)"><path class="sym-fill" fill="white" d="M1317 1332 l-757 -757 138 -138 137 -137 623 623 622 622 -2 273 -3 272 -758 -758z"/><path class="sym-line" fill="black" d="M727 1572 l-727 -727 415 -415 415 -415 725 725 725 725 0 417 0 418 -413 0 -412 0 -728 -728z m1363 250 l0 -267 -630 -630 -630 -630 -137 138 -138 137 760 760 c418 418 763 760 767 760 5 0 8 -120 8 -268z"/></g></svg>
  <svg x='485' y='537'><g transform="translate(-0.981442752515,22.333772324) scale(0.0107782670044,-0.0103182059236)"><path class="sym-line" fill="black" d="M1024 1185 c-505 -531 -919 -971 -919 -979 0 -7 31 -46 69 -86 51 -55 72 -71 83 -64 8 5 428 443 933 973 l919 965 -72 75 c-39 42 -76 77 -82 79 -6 1 -425 -432 -931 -963z"/></g></svg>
  <svg x='495' y='551'><g transform="translate(0.146427179928,11.7544805477) scale(0.00967082850362,-0.00967852689504)"><path class="sym-fill" fill="white" d="M503 985 c-159 -43 -265 -159 -295 -325 -22 -116 23 -252 112 -340 88 -89 224 -134 340 -112 178 33 299 154 332 332 22 115 -23 252 -110 339 -56 56 -107 85 -189 106 -70 18 -121 18 -190 0z m175 -200 c104 -44 151 -167 103 -270 -71 -153 -291 -153 -362 0 -33 72 -19 166 34 224 52 56 151 76 225 46z"/><path class="sym-line" fill="black" d="M435 1181 c-206 -60 -366 -224 -419 -428 -21 -78 -21 -228 0 -306 54 -208 223 -377 431 -431 78 -21 228 -21 306 0 208 54 377 223 431 431 21 78 21 228 0 306 -26 103 -80 195 -158 273 -78 78 -170 132 -273 158 -82 21 -240 20 -318 -3z m276 -197 c134 -40 234 -140 273 -273 62 -211 -60 -432 -273 -495 -210 -62 -433 61 -495 273 -61 207 56 426 264 492 70 23 161 24 231 3z M509 772 c-43 -22 -59 -38 -81 -81 -36 -68 -36 -114 0 -182 22 -43 38 -59 81 -81 68 -36 114 -36 182 0 43 22 59 38 81 81 36 68 36 114 0 182 -22 43 -38 59 -81 81 -68 36 -114 36 -182 0z"/></g></svg>
  <svg x='485' y='561'><g transform="translate(0.150473191431,14.0633483059) scale(0.00985915292844,-0.0100666588668)"><path class="sym-fill" fill="white" d="M665 944 c-148 -157 -270 -291 -270 -298 0 -8 44 -59 97 -114 l98 -101 276 290 276 289 -21 27 c-11 16 -57 65 -103 110 l-83 82 -270 -285z M100 465 l0 -325 311 0 311 0 -38 43 c-62 68 -576 607 -580 607 -2 0 -4 -146 -4 -325z"/><path class="sym-line" fill="black" d="M520 1091 l-275 -291 -122 128 -122 127 -1 -512 0 -513 486 0 c462 0 486 1 473 18 -7 9 -60 65 -117 124 -71 73 -101 111 -96 120 4 7 125 136 269 286 143 150 261 278 263 285 1 7 -28 43 -66 80 l-68 68 -273 -288 c-150 -159 -276 -289 -280 -291 -4 -1 -53 47 -109 107 l-101 109 274 288 c151 159 275 293 275 298 0 4 -30 40 -67 78 l-68 69 -275 -290z m-97 -628 c169 -177 307 -324 307 -327 0 -3 -142 -6 -315 -6 l-315 0 0 331 c0 182 3 329 8 327 4 -1 146 -148 315 -325z"/></g></svg>
</svg>