<svg version='1.1' xmlns='http://www.w3.org/2000/svg' width='44' height='156' viewBox='482 483 44 156'>
  <text font-size='0'>M526x639S10000486x512S33b00482x483S21600506x554S20e00503x522S22a04503x537S17700505x574S26904510x592S15700507x612</text>
  <svg x='486' y='512'><g transform="translate(0.0,30.0) scale(0.01,-0.01)"><path class="sym-fill" fill="white" d="M200 750 l0 -550 550 0 550 0 0 550 0 550 -550 0 -550 0 0 -550z"/><path class="sym-line" fill="black" d="M1300 2250 l0 -750 -650 0 -650 0 0 -750 0 -750 750 0 750 0 0 1500 0 1500 -100 0 -100 0 0 -750z m0 -1500 l0 -550 -550 0 -550 0 0 550 0 550 550 0 550 0 0 -550z"/></g></svg>
  <svg x='482' y='483'><g transform="translate(0.149874875465,34.7500790925) scale(0.00988906872676,-0.00988956850125)"><path class="sym-line" fill="black" d="M1528 3484 c-592 -92 -1088 -447 -1348 -963 -125 -249 -180 -485 -180 -771 0 -480 183 -911 529 -1242 350 -336 780 -508 1271 -508 451 0 864 150 1193 434 326 281 517 620 591 1051 21 121 21 409 0 530 -43 252 -114 444 -237 639 -282 453 -741 750 -1284 831 -127 19 -413 18 -535 -1z m607 -173 c583 -126 1038 -523 1224 -1069 59 -173 75 -277 75 -492 0 -165 -3 -211 -22 -300 -71 -327 -228 -611 -458 -829 -186 -177 -381 -295 -614 -374 -176 -60 -282 -78 -490 -84 -247 -7 -416 19 -628 97 -549 201 -944 674 -1043 1250 -17 97 -17 383 0 480 99 576 495 1050 1043 1250 105 38 177 58 303 81 143 26 467 21 610 -10z M1020 875 l0 -75 780 0 780 0 0 75 0 75 -780 0 -780 0 0 -75z"/></g></svg>
  <svg x='506' y='554'><g transform="translate(0.149834234299,7.75047623956) scale(0.00950047578505,-0.00951302738823)"><path class="sym-line" fill="black" d="M280 782 c-174 -65 -280 -209 -280 -382 0 -218 182 -400 400 -400 218 0 400 182 400 400 0 173 -114 326 -284 383 -63 22 -177 21 -236 -1z"/></g></svg>
  <svg x='503' y='522'><g transform="translate(0.146427179928,11.7544805477) scale(0.00967082850362,-0.00967852689504)"><path class="sym-fill" fill="white" d="M503 985 c-159 -43 -265 -159 -295 -325 -22 -116 23 -252 112 -340 88 -89 224 -134 340 -112 178 33 299 154 332 332 22 115 -23 252 -110 339 -56 56 -107 85 -189 106 -70 18 -121 18 -190 0z m175 -200 c104 -44 151 -167 103 -270 -71 -153 -291 -153 -362 0 -33 72 -19 166 34 224 52 56 151 76 225 46z"/><path class="sym-line" fill="black" d="M435 1181 c-206 -60 -366 -224 -419 -428 -21 -78 -21 -228 0 -306 54 -208 223 -377 431 -431 78 -21 228 -21 306 0 208 54 377 223 431 431 21 78 21 228 0 306 -26 103 -80 195 -158 273 -78 78 -170 132 -273 158 -82 21 -240 20 -318 -3z m276 -197 c134 -40 234 -140 273 -273 62 -211 -60 -432 -273 -495 -210 -62 -433 61 -495 273 -61 207 56 426 264 492 70 23 161 24 231 3z M509 772 c-43 -22 -59 -38 -81 -81 -36 -68 -36 -114 0 -182 22 -43 38 -59 81 -81 68 -36 114 -36 182 0 43 22 59 38 81 81 36 68 36 114 0 182 -22 43 -38 59 -81 81 -68 36 -114 36 -182 0z"/></g></svg>
  <svg x='503' y='537'><g transform="translate(0.043463926586,14.7505211307) scale(0.00985915292844,-0.00973472242044)"><path class="sym-fill" fill="white" d="M510 1100 l0 -400 140 0 140 0 0 400 0 400 -140 0 -140 0 0 -400z"/><path class="sym-line" fill="black" d="M330 1100 l0 -400 -159 -2 -160 -3 315 -347 c174 -192 319 -348 324 -348 5 0 150 156 324 348 l315 347 -160 3 -159 2 0 400 0 400 -90 0 -90 0 0 -400 0 -400 -140 0 -140 0 0 400 0 400 -90 0 -90 0 0 -400z"/></g></svg>
  <svg x='505' y='574'><g transform="translate(0.0,15.0) scale(0.01,-0.01)"><path class="sym-fill" fill="white" d="M1300 750 l0 -650 300 0 300 0 0 650 0 650 -300 0 -300 0 0 -650z"/><path class="sym-line" fill="black" d="M893 1484 c-282 -41 -496 -133 -651 -279 -159 -150 -241 -327 -242 -521 0 -135 42 -242 136 -343 151 -164 405 -269 773 -321 119 -17 195 -20 614 -20 l477 0 0 750 0 750 -507 -1 c-366 -1 -534 -5 -600 -15z m1007 -734 l0 -650 -300 0 -300 0 0 650 0 650 300 0 300 0 0 -650z m-700 -101 l0 -442 -142 6 c-305 13 -512 78 -648 204 -77 71 -104 133 -98 223 11 151 140 285 349 361 133 48 330 86 462 88 l77 1 0 -441z"/></g></svg>
  <svg x='510' y='592'><g transform="translate(0.148756628656,17.7025952004) scale(0.00974966856719,-0.00975230983354)"><path class="sym-line" fill="black" d="M0 1700 l0 -100 800 0 800 0 0 100 0 100 -800 0 -800 0 0 -100z M700 1050 l0 -350 -302 0 -303 0 353 -352 352 -353 352 353 353 352 -303 0 -302 0 0 350 0 350 -100 0 -100 0 0 -350z"/></g></svg>
  <svg x='507' y='612'><g transform="translate(-0.0870667837699,26.7491898361) scale(0.00990908505602,-0.00985213049485)"><path class="sym-fill" fill="white" d="M900 900 l0 -700 350 0 350 0 0 700 0 700 -350 0 -350 0 0 -700z m478 85 c49 -21 81 -52 103 -100 35 -75 16 -179 -42 -232 -75 -69 -203 -69 -278 0 -76 70 -80 208 -8 286 52 56 151 76 225 46z"/><path class="sym-line" fill="black" d="M560 2665 l-34 -36 414 -414 415 -415 -71 0 -72 0 -476 275 c-262 151 -481 275 -486 275 -14 0 -60 -84 -51 -93 4 -4 183 -109 397 -232 l389 -225 -125 0 -125 0 -335 90 c-184 50 -340 90 -346 90 -10 0 -36 -89 -29 -100 2 -3 155 -46 339 -95 l336 -90 0 -847 0 -848 550 0 550 0 0 907 0 906 -246 426 c-136 234 -248 427 -249 429 -5 5 -83 -37 -90 -48 -3 -6 97 -190 224 -409 127 -219 231 -402 231 -405 0 -3 -37 -6 -83 -6 l-82 0 -450 450 c-247 248 -452 450 -455 450 -4 0 -21 -16 -40 -35z m1040 -1765 l0 -700 -350 0 -350 0 0 700 0 700 350 0 350 0 0 -700z M1235 985 c-83 -29 -145 -132 -130 -214 14 -77 73 -142 146 -161 161 -44 300 132 224 281 -31 58 -116 110 -180 109 -11 -1 -38 -7 -60 -15z"/></g></svg>
</svg>