<svg version='1.1' xmlns='http://www.w3.org/2000/svg' width='54' height='135' viewBox='473 433 54 135'>
  <text font-size='0'>M527x568S21810485x433S21a42473x433S21d10485x476S21a42473x475S22110485x528S22100514x528S21a42473x527S22114486x561S22104515x561S21a42474x559</text>
  <svg x='485' y='433'><g transform="translate(0.146515635154,7.7569354617) scale(0.00985896362564,-0.00959794917003)"><path class="sym-line" fill="black" d="M275 784 c-126 -44 -218 -136 -258 -258 -22 -64 -22 -188 0 -252 56 -169 203 -274 383 -274 180 0 327 105 383 274 22 64 22 188 0 252 -41 122 -134 216 -257 257 -61 21 -195 21 -251 1z M1275 784 c-90 -32 -160 -84 -208 -157 -48 -73 -67 -137 -67 -227 0 -230 170 -400 400 -400 180 0 327 105 383 274 22 64 22 188 0 252 -41 122 -134 216 -257 257 -61 21 -195 21 -251 1z M2275 784 c-126 -44 -218 -136 -258 -258 -22 -64 -22 -188 0 -252 56 -169 203 -274 383 -274 142 0 259 61 333 173 48 73 67 137 67 227 0 180 -104 326 -274 383 -61 21 -195 21 -251 1z"/></g></svg>
  <svg x='473' y='433'><g transform="translate(-0.0953130565521,8.84364280922) scale(0.00984363868958,-0.00975063411758)"><path class="sym-line" fill="black" d="M274 675 c-137 -119 -249 -220 -249 -225 0 -4 112 -106 248 -224 l249 -217 38 33 c21 18 38 35 39 38 0 3 -94 86 -209 185 -115 99 -208 183 -207 186 1 3 95 87 209 186 l207 180 -38 37 -38 37 -249 -216z M500 450 l0 -50 250 0 250 0 0 50 0 50 -250 0 -250 0 0 -50z"/></g></svg>
  <svg x='485' y='476'><g transform="translate(0.146515635154,7.7569354617) scale(0.00985896362564,-0.00959794917003)"><path class="sym-fill" fill="white" d="M309 572 c-43 -22 -59 -38 -81 -81 -16 -31 -28 -69 -28 -91 0 -22 12 -60 28 -91 22 -43 38 -59 81 -81 68 -36 114 -36 182 0 43 22 59 38 81 81 36 68 36 114 0 182 -22 43 -38 59 -81 81 -31 16 -69 28 -91 28 -22 0 -60 -12 -91 -28z M1309 572 c-43 -22 -59 -38 -81 -81 -36 -68 -36 -114 0 -182 22 -43 38 -59 81 -81 68 -36 114 -36 182 0 43 22 59 38 81 81 16 31 28 69 28 91 0 22 -12 60 -28 91 -22 43 -38 59 -81 81 -31 16 -69 28 -91 28 -22 0 -60 -12 -91 -28z M2309 572 c-43 -22 -59 -38 -81 -81 -36 -68 -36 -114 0 -182 22 -43 38 -59 81 -81 68 -36 114 -36 182 0 43 22 59 38 81 81 16 31 28 69 28 91 0 22 -12 60 -28 91 -22 43 -38 59 -81 81 -31 16 -69 28 -91 28 -22 0 -60 -12 -91 -28z"/><path class="sym-line" fill="black" d="M275 784 c-126 -44 -218 -136 -258 -258 -22 -64 -22 -188 0 -252 56 -169 203 -274 383 -274 180 0 327 105 383 274 22 64 22 188 0 252 -41 122 -134 216 -257 257 -61 21 -195 21 -251 1z m203 -199 c104 -44 151 -167 103 -270 -71 -153 -291 -153 -362 0 -33 72 -19 166 34 224 52 56 151 76 225 46z M1275 784 c-90 -32 -160 -84 -208 -157 -48 -73 -67 -137 -67 -227 0 -230 170 -400 400 -400 180 0 327 105 383 274 22 64 22 188 0 252 -41 122 -134 216 -257 257 -61 21 -195 21 -251 1z m203 -199 c49 -21 81 -52 103 -100 35 -75 16 -179 -42 -232 -75 -69 -203 -69 -278 0 -76 70 -80 208 -8 286 52 56 151 76 225 46z M2275 784 c-126 -44 -218 -136 -258 -258 -22 -64 -22 -188 0 -252 56 -169 203 -274 383 -274 142 0 259 61 333 173 48 73 67 137 67 227 0 180 -104 326 -274 383 -61 21 -195 21 -251 1z m203 -199 c49 -21 81 -52 103 -100 35 -75 16 -179 -42 -232 -75 -69 -203 -69 -278 0 -76 70 -80 208 -8 286 52 56 151 76 225 46z"/></g></svg>
  <svg x='473' y='475'><g transform="translate(-0.0953130565521,8.84364280922) scale(0.00984363868958,-0.00975063411758)"><path class="sym-line" fill="black" d="M274 675 c-137 -119 -249 -220 -249 -225 0 -4 112 -106 248 -224 l249 -217 38 33 c21 18 38 35 39 38 0 3 -94 86 -209 185 -115 99 -208 183 -207 186 1 3 95 87 209 186 l207 180 -38 37 -38 37 -249 -216z M500 450 l0 -50 250 0 250 0 0 50 0 50 -250 0 -250 0 0 -50z"/></g></svg>
  <svg x='485' y='528'><g transform="translate(0.150751748454,6.77070779296) scale(0.0098452250773,-0.0097032077862)"><path class="sym-line" fill="black" d="M296 409 c-163 -149 -296 -275 -296 -279 0 -11 127 -130 140 -130 6 0 110 90 231 200 121 110 224 200 229 200 5 0 108 -90 229 -200 121 -110 225 -200 231 -200 13 0 140 119 140 130 0 10 -589 550 -600 550 -5 0 -141 -122 -304 -271z M1696 409 c-163 -149 -296 -275 -296 -279 0 -11 127 -130 140 -130 6 0 110 90 231 200 121 110 224 200 229 200 5 0 108 -90 229 -200 121 -110 225 -200 231 -200 13 0 140 119 140 130 0 10 -589 550 -600 550 -5 0 -141 -122 -304 -271z"/></g></svg>
  <svg x='514' y='528'><g transform="translate(0.150398531432,6.77070779296) scale(0.00966757342839,-0.0097032077862)"><path class="sym-line" fill="black" d="M296 409 c-163 -149 -296 -275 -296 -279 0 -11 127 -130 140 -130 6 0 110 90 231 200 121 110 224 200 229 200 5 0 108 -90 229 -200 121 -110 225 -200 231 -200 13 0 140 119 140 130 0 10 -589 550 -600 550 -5 0 -141 -122 -304 -271z"/></g></svg>
  <svg x='473' y='527'><g transform="translate(-0.0953130565521,8.84364280922) scale(0.00984363868958,-0.00975063411758)"><path class="sym-line" fill="black" d="M274 675 c-137 -119 -249 -220 -249 -225 0 -4 112 -106 248 -224 l249 -217 38 33 c21 18 38 35 39 38 0 3 -94 86 -209 185 -115 99 -208 183 -207 186 1 3 95 87 209 186 l207 180 -38 37 -38 37 -249 -216z M500 450 l0 -50 250 0 250 0 0 50 0 50 -250 0 -250 0 0 -50z"/></g></svg>
  <svg x='486' y='561'><g transform="translate(0.150751748454,6.94494141144) scale(0.0098452250773,-0.00970929130205)"><path class="sym-line" fill="black" d="M64 638 c-35 -33 -64 -64 -64 -68 0 -10 589 -550 600 -550 11 0 600 540 600 550 0 11 -127 130 -140 130 -6 0 -110 -90 -231 -200 -121 -110 -224 -200 -229 -200 -5 0 -108 90 -229 200 -121 110 -225 200 -231 200 -7 0 -41 -28 -76 -62z M1464 638 c-35 -33 -64 -64 -64 -68 0 -10 589 -550 600 -550 11 0 600 540 600 550 0 11 -127 130 -140 130 -6 0 -110 -90 -231 -200 -121 -110 -224 -200 -229 -200 -5 0 -108 90 -229 200 -121 110 -225 200 -231 200 -7 0 -41 -28 -76 -62z"/></g></svg>
  <svg x='515' y='561'><g transform="translate(0.150398531432,6.94494141144) scale(0.00966757342839,-0.00970929130205)"><path class="sym-line" fill="black" d="M64 638 c-35 -33 -64 -64 -64 -68 0 -10 589 -550 600 -550 11 0 600 540 600 550 0 11 -127 130 -140 130 -6 0 -110 -90 -231 -200 -121 -110 -224 -200 -229 -200 -5 0 -108 90 -229 200 -121 110 -225 200 -231 200 -7 0 -41 -28 -76 -62z"/></g></svg>
  <svg x='474' y='559'><g transform="translate(-0.0953130565521,8.84364280922) scale(0.00984363868958,-0.00975063411758)"><path class="sym-line" fill="black" d="M274 675 c-137 -119 -249 -220 -249 -225 0 -4 112 -106 248 -224 l249 -217 38 33 c21 18 38 35 39 38 0 3 -94 86 -209 185 -115 99 -208 183 -207 186 1 3 95 87 209 186 l207 180 -38 37 -38 37 -249 -216z M500 450 l0 -50 250 0 250 0 0 50 0 50 -250 0 -250 0 0 -50z"/></g></svg>
</svg>