<svg version='1.1' xmlns='http://www.w3.org/2000/svg' width='55' height='136' viewBox='473 432 55 136'>
  <text font-size='0'>M528x568S11a20513x432S11a28489x432S11a50512x483S11a58488x482S22a04514x466S22a14490x466S15d0a473x546S16d20484x548S26506503x552</text>
  <svg x='513' y='432'><g transform="translate(0.0,30.0) scale(0.01,-0.01)"><path class="sym-line" fill="black" d="M600 2552 l0 -447 -300 -300 -300 -300 0 -752 0 -753 750 0 750 0 0 750 0 750 -350 0 -350 0 0 253 0 252 255 255 c140 140 255 257 255 260 0 3 -34 36 -76 74 l-76 69 -179 -179 -179 -179 0 348 0 347 -100 0 -100 0 0 -448z m0 -902 l0 -150 -152 0 -153 0 150 150 c82 83 151 150 152 150 2 0 3 -67 3 -150z"/></g></svg>
  <svg x='489' y='432'><g transform="translate(0.0,30.0) scale(0.01,-0.01)"><path class="sym-line" fill="black" d="M700 2653 l0 -348 -179 179 -179 179 -76 -69 c-42 -38 -76 -71 -76 -74 0 -3 115 -120 255 -260 l255 -255 0 -252 0 -253 -350 0 -350 0 0 -750 0 -750 750 0 750 0 0 753 0 752 -300 300 -300 300 0 447 0 448 -100 0 -100 0 0 -347z m355 -1003 l150 -150 -153 0 -152 0 0 150 c0 83 1 150 3 150 1 0 70 -67 152 -150z"/></g></svg>
  <svg x='512' y='483'><g transform="translate(0.198128695057,29.7519795905) scale(0.0097007872376,-0.00986784736349)"><path class="sym-line" fill="black" d="M600 2553 l0 -448 -302 -302 -303 -303 150 0 150 0 152 152 153 153 0 -153 0 -152 100 0 100 0 0 253 0 252 255 255 c140 140 255 257 255 260 0 3 -34 36 -76 74 l-76 69 -179 -179 -179 -179 0 348 0 347 -100 0 -100 0 0 -447z M0 650 l0 -650 750 0 750 0 0 650 0 650 -750 0 -750 0 0 -650z"/></g></svg>
  <svg x='488' y='482'><g transform="translate(0.149734255248,29.7519795905) scale(0.0097007872376,-0.00986784736349)"><path class="sym-line" fill="black" d="M700 2653 l0 -348 -179 179 -179 179 -76 -69 c-42 -38 -76 -71 -76 -74 0 -3 115 -120 255 -260 l255 -255 0 -252 0 -253 100 0 100 0 0 152 0 153 153 -153 152 -152 150 0 150 0 -303 303 -302 302 0 448 0 447 -100 0 -100 0 0 -347z M0 650 l0 -650 750 0 750 0 0 650 0 650 -750 0 -750 0 0 -650z"/></g></svg>
  <svg x='514' y='466'><g transform="translate(0.043463926586,14.7505211307) scale(0.00985915292844,-0.00973472242044)"><path class="sym-fill" fill="white" d="M510 1100 l0 -400 140 0 140 0 0 400 0 400 -140 0 -140 0 0 -400z"/><path class="sym-line" fill="black" d="M330 1100 l0 -400 -159 -2 -160 -3 315 -347 c174 -192 319 -348 324 -348 5 0 150 156 324 348 l315 347 -160 3 -159 2 0 400 0 400 -90 0 -90 0 0 -400 0 -400 -140 0 -140 0 0 400 0 400 -90 0 -90 0 0 -400z"/></g></svg>
  <svg x='490' y='466'><g transform="translate(0.043463926586,14.7505211307) scale(0.00985915292844,-0.00973472242044)"><path class="sym-fill" fill="white" d="M510 1100 l0 -400 140 0 140 0 0 400 0 400 -140 0 -140 0 0 -400z M277 557 c144 -163 368 -407 373 -407 5 0 229 244 373 407 l39 43 -412 0 -412 0 39 -43z"/><path class="sym-line" fill="black" d="M330 1100 l0 -400 -159 -2 -160 -3 315 -347 c174 -192 319 -348 324 -348 5 0 150 156 324 348 l315 347 -160 3 -159 2 0 400 0 400 -90 0 -90 0 0 -400 0 -400 -140 0 -140 0 0 400 0 400 -90 0 -90 0 0 -400z m714 -522 c-82 -96 -388 -428 -394 -428 -6 0 -312 332 -394 428 l-19 22 413 0 413 0 -19 -22z"/></g></svg>
  <svg x='473' y='546'><g transform="translate(0.150467407594,18.7501235081) scale(0.00985944212031,-0.00979036105688)"><path class="sym-fill" fill="white" d="M200 630 l0 -420 909 0 908 0 194 206 c107 113 195 209 197 215 2 5 -83 101 -190 213 l-193 205 -912 0 -913 1 0 -420z"/><path class="sym-line" fill="black" d="M593 1585 l-298 -315 -147 0 -148 0 0 -635 0 -635 1054 0 1055 0 296 312 c163 172 294 317 293 324 -2 6 -136 152 -297 323 l-295 311 -753 2 -754 3 226 239 226 240 -73 73 c-40 40 -76 73 -80 73 -4 0 -141 -142 -305 -315z m1621 -734 c109 -115 198 -213 199 -217 1 -5 -86 -102 -193 -215 l-195 -207 -912 -1 -913 -1 0 425 0 425 909 0 908 0 197 -209z"/></g></svg>
  <svg x='484' y='548'><g transform="translate(0.180759557901,19.7524059778) scale(0.00975093803673,-0.00984567638089)"><path class="sym-line" fill="black" d="M665 1984 c-138 -28 -274 -87 -370 -161 -102 -79 -200 -219 -246 -350 -26 -76 -49 -184 -49 -234 l0 -39 105 0 105 0 0 29 c0 71 53 160 130 216 102 75 283 130 467 142 l93 6 0 -691 0 -692 -78 0 c-239 0 -482 72 -603 179 -50 44 -109 144 -109 185 0 25 -2 26 -56 26 l-57 0 5 -69 c10 -135 103 -277 240 -364 161 -103 411 -166 660 -167 347 0 578 136 713 421 71 152 78 196 83 559 4 350 -1 411 -45 533 -82 229 -266 388 -528 458 -104 28 -354 35 -460 13z"/></g></svg>
  <svg x='503' y='552'><g transform="translate(0.149734255248,13.6974450331) scale(0.0097007872376,-0.00964308576999)"><path class="sym-line" fill="black" d="M800 1102 l0 -302 -400 0 -400 0 0 -100 0 -100 400 0 400 0 0 -302 0 -303 352 353 353 352 -353 352 -352 353 0 -303z"/></g></svg>
</svg>