<svg version='1.1' xmlns='http://www.w3.org/2000/svg' width='50' height='131' viewBox='479 482 50 131'>
  <text font-size='0'>M529x613S36d00479x522S32104482x482S11000509x533S11008489x554S20500497x531S2b705515x564S2b715492x589S2fb05505x589</text>
  <svg x='479' y='522'><g transform="translate(0.0,4.0) scale(0.01,-0.01)"><path class="sym-line" fill="black" d="M0 200 l0 -200 2100 0 2100 0 0 200 0 200 -2100 0 -2100 0 0 -200z"/></g></svg>
  <svg x='482' y='482'><g transform="translate(0.149874875465,34.7500790925) scale(0.00988906872676,-0.00988956850125)"><path class="sym-line" fill="black" d="M1528 3484 c-592 -92 -1088 -447 -1348 -963 -125 -249 -180 -485 -180 -771 0 -480 183 -911 529 -1242 350 -336 780 -508 1271 -508 451 0 864 150 1193 434 326 281 517 620 591 1051 21 121 21 409 0 530 -43 252 -114 444 -237 639 -282 453 -741 750 -1284 831 -127 19 -413 18 -535 -1z m607 -173 c583 -126 1038 -523 1224 -1069 59 -173 75 -277 75 -492 0 -165 -3 -211 -22 -300 -71 -327 -228 -611 -458 -829 -186 -177 -381 -295 -614 -374 -176 -60 -282 -78 -490 -84 -247 -7 -416 19 -628 97 -549 201 -944 674 -1043 1250 -17 97 -17 383 0 480 99 576 495 1050 1043 1250 105 38 177 58 303 81 143 26 467 21 610 -10z M1020 2350 l0 -250 60 0 60 0 0 250 0 250 -60 0 -60 0 0 -250z M1330 2350 l0 -250 60 0 60 0 0 250 0 250 -60 0 -60 0 0 -250z M2160 2350 l0 -250 55 0 55 0 0 250 0 250 -55 0 -55 0 0 -250z M2460 2350 l0 -250 60 0 60 0 0 250 0 250 -60 0 -60 0 0 -250z M854 2139 l-39 -41 205 -199 c113 -109 210 -198 215 -198 6 0 102 89 215 199 l205 199 -41 41 -40 41 -171 -165 -170 -165 -64 65 c-35 36 -112 110 -170 164 l-106 99 -39 -40z M1985 2140 l-40 -41 205 -199 c113 -109 210 -199 215 -199 6 -1 102 89 215 198 l205 199 -39 41 -39 40 -172 -164 -171 -164 -165 165 c-90 90 -166 164 -169 164 -3 0 -24 -18 -45 -40z"/></g></svg>
  <svg x='509' y='533'><g transform="translate(0.0,27.0) scale(0.01,-0.01)"><path class="sym-fill" fill="white" d="M200 750 l0 -550 550 0 550 0 0 550 0 550 -550 0 -550 0 0 -550z"/><path class="sym-line" fill="black" d="M100 2400 l0 -300 100 0 100 0 0 200 0 200 100 0 100 0 0 -500 0 -500 -250 0 -250 0 0 -750 0 -750 750 0 750 0 0 1250 0 1250 -300 0 -300 0 0 -300 0 -300 100 0 100 0 0 200 0 200 100 0 100 0 0 -400 0 -400 -300 0 -300 0 0 600 0 600 -300 0 -300 0 0 -300z m1200 -1650 l0 -550 -550 0 -550 0 0 550 0 550 550 0 550 0 0 -550z"/></g></svg>
  <svg x='489' y='554'><g transform="translate(0.0,27.0) scale(0.01,-0.01)"><path class="sym-fill" fill="white" d="M200 750 l0 -550 550 0 550 0 0 550 0 550 -550 0 -550 0 0 -550z"/><path class="sym-line" fill="black" d="M800 2100 l0 -600 -300 0 -300 0 0 400 0 400 100 0 100 0 0 -200 0 -200 100 0 100 0 0 300 0 300 -300 0 -300 0 0 -1250 0 -1250 750 0 750 0 0 750 0 750 -250 0 -250 0 0 500 0 500 100 0 100 0 0 -200 0 -200 100 0 100 0 0 300 0 300 -300 0 -300 0 0 -600z m500 -1350 l0 -550 -550 0 -550 0 0 550 0 550 550 0 550 0 0 -550z"/></g></svg>
  <svg x='497' y='531'><g transform="translate(-0.221878406359,10.7500002304) scale(0.0103429235226,-0.00963778430032)"><path class="sym-line" fill="black" d="M430 895 l0 -205 -37 23 c-21 13 -95 61 -165 105 l-128 82 -36 -71 c-19 -40 -32 -75 -27 -79 4 -3 74 -48 156 -99 81 -51 147 -97 147 -101 0 -4 -66 -50 -147 -101 -82 -51 -152 -96 -156 -99 -5 -4 8 -39 27 -79 l36 -71 128 82 c70 44 144 92 165 105 l37 23 0 -205 0 -205 70 0 70 0 0 205 0 205 38 -23 c20 -13 94 -61 164 -105 l128 -82 36 71 c19 40 32 75 27 79 -4 3 -74 48 -155 99 -82 51 -148 97 -148 101 0 4 66 50 148 101 81 51 151 96 155 99 5 4 -8 39 -27 79 l-36 71 -128 -82 c-70 -44 -144 -92 -164 -105 l-38 -23 0 205 0 205 -70 0 -70 0 0 -205z"/></g></svg>
  <svg x='515' y='564'><g transform="translate(0.199517282911,23.7071527048) scale(0.00964541675618,-0.00987060047319)"><path class="sym-line" fill="black" d="M274 2376 c-65 -30 -120 -85 -150 -150 -24 -51 -24 -54 -24 -388 l0 -338 100 0 100 0 0 289 c0 159 3 302 6 320 10 50 49 81 101 81 46 0 107 -26 134 -56 52 -60 54 -70 57 -388 4 -328 -3 -411 -45 -538 -30 -93 -120 -276 -203 -415 l-55 -93 -150 0 -150 0 353 -352 352 -353 352 353 353 352 -150 0 -150 0 -55 93 c-136 227 -220 425 -240 564 -5 37 -10 215 -10 394 0 362 -2 377 -67 476 -33 49 -74 88 -133 124 -87 54 -239 66 -326 25z"/></g></svg>
  <svg x='492' y='589'><g transform="translate(0.199517282911,23.7071527048) scale(0.00964541675618,-0.00987060047319)"><path class="sym-fill" fill="white" d="M473 373 l227 -228 227 228 228 227 -455 0 -455 0 228 -227z"/><path class="sym-line" fill="black" d="M274 2376 c-65 -30 -120 -85 -150 -150 -24 -51 -24 -54 -24 -388 l0 -338 100 0 100 0 0 289 c0 159 3 302 6 320 10 50 49 81 101 81 46 0 107 -26 134 -56 52 -60 54 -70 57 -388 4 -328 -3 -411 -45 -538 -30 -93 -120 -276 -203 -415 l-55 -93 -150 0 -150 0 353 -352 352 -353 352 353 353 352 -150 0 -150 0 -55 93 c-136 227 -220 425 -240 564 -5 37 -10 215 -10 394 0 362 -2 377 -67 476 -33 49 -74 88 -133 124 -87 54 -239 66 -326 25z m778 -1883 c-55 -60 -157 -164 -226 -233 l-126 -125 -126 125 c-69 69 -171 173 -226 233 l-100 107 452 0 452 0 -100 -107z"/></g></svg>
  <svg x='505' y='589'><g transform="translate(0.052162597991,11.85902777) scale(0.00978030750568,-0.00975882522503)"><path class="sym-line" fill="black" d="M1031 1156 l-43 -44 28 -78 c33 -96 44 -250 23 -347 -45 -216 -187 -390 -391 -480 -153 -68 -355 -70 -507 -5 l-44 19 -44 -43 c-24 -23 -43 -45 -43 -49 0 -8 113 -63 170 -82 127 -42 327 -48 455 -13 257 71 461 277 537 542 32 111 32 295 0 407 -18 64 -85 217 -95 217 -2 0 -22 -20 -46 -44z"/></g></svg>
</svg>