<svg version='1.1' xmlns='http://www.w3.org/2000/svg' width='55' height='106' viewBox='474 473 55 106'>
  <text font-size='0'>M529x579S15a10517x552S15a18476x552S20500498x560S22a02513x535S22a06474x536S2f800482x523S2ff00482x483S22104495x473</text>
  <svg x='517' y='552'><g transform="translate(0.0,27.0) scale(0.01,-0.01)"><path class="sym-fill" fill="white" d="M397 2212 l-197 -197 0 -908 0 -907 200 0 200 0 0 1105 c0 608 -1 1105 -3 1105 -1 0 -91 -89 -200 -198z"/><path class="sym-line" fill="black" d="M297 2402 l-297 -297 0 -1053 0 -1052 600 0 600 0 0 1053 0 1052 -298 298 c-163 163 -299 297 -302 297 -3 0 -139 -134 -303 -298z m303 -1092 l0 -1110 -200 0 -200 0 0 912 0 913 197 197 c109 109 199 198 200 198 2 0 3 -499 3 -1110z"/></g></svg>
  <svg x='476' y='552'><g transform="translate(0.0,27.0) scale(0.01,-0.01)"><path class="sym-fill" fill="white" d="M600 1307 l0 -1107 200 0 200 0 0 908 0 907 -200 200 -200 200 0 -1108z"/><path class="sym-line" fill="black" d="M297 2402 l-297 -297 0 -1053 0 -1052 600 0 600 0 0 1053 0 1052 -298 298 c-163 163 -299 297 -302 297 -3 0 -139 -134 -303 -298z m703 -1289 l0 -913 -200 0 -200 0 0 1112 0 1113 200 -200 200 -200 0 -912z"/></g></svg>
  <svg x='498' y='560'><g transform="translate(-0.221878406359,10.7500002304) scale(0.0103429235226,-0.00963778430032)"><path class="sym-line" fill="black" d="M430 895 l0 -205 -37 23 c-21 13 -95 61 -165 105 l-128 82 -36 -71 c-19 -40 -32 -75 -27 -79 4 -3 74 -48 156 -99 81 -51 147 -97 147 -101 0 -4 -66 -50 -147 -101 -82 -51 -152 -96 -156 -99 -5 -4 8 -39 27 -79 l36 -71 128 82 c70 44 144 92 165 105 l37 23 0 -205 0 -205 70 0 70 0 0 205 0 205 38 -23 c20 -13 94 -61 164 -105 l128 -82 36 71 c19 40 32 75 27 79 -4 3 -74 48 -155 99 -82 51 -148 97 -148 101 0 4 66 50 148 101 81 51 151 96 155 99 5 4 -8 39 -27 79 l-36 71 -128 -82 c-70 -44 -144 -92 -164 -105 l-38 -23 0 205 0 205 -70 0 -70 0 0 -205z"/></g></svg>
  <svg x='513' y='535'><g transform="translate(0.149086073535,12.8637027287) scale(0.00973319632325,-0.00985729409582)"><path class="sym-fill" fill="white" d="M700 650 l0 -140 400 0 400 0 0 140 0 140 -400 0 -400 0 0 -140z"/><path class="sym-line" fill="black" d="M348 974 c-192 -174 -348 -319 -348 -324 0 -5 156 -150 347 -324 l348 -315 3 160 2 159 400 0 400 0 0 90 0 90 -400 0 -400 0 0 140 0 140 400 0 400 0 0 90 0 90 -400 0 -400 0 -2 159 -3 160 -347 -315z"/></g></svg>
  <svg x='474' y='536'><g transform="translate(0.149086073535,12.8620963812) scale(0.00973319632325,-0.00982260446778)"><path class="sym-fill" fill="white" d="M0 650 l0 -140 400 0 400 0 0 140 0 140 -400 0 -400 0 0 -140z"/><path class="sym-line" fill="black" d="M800 1132 l0 -162 -400 0 -400 0 0 -90 0 -90 400 0 400 0 0 -140 0 -140 -400 0 -400 0 0 -90 0 -90 400 0 400 0 2 -159 3 -160 348 315 c191 174 347 319 347 324 0 4 -143 138 -317 296 -175 158 -333 301 -350 318 l-33 30 0 -162z"/></g></svg>
  <svg x='482' y='523'><g transform="translate(0.149758714638,10.7522867807) scale(0.00989487676809,-0.00965101211298)"><path class="sym-line" fill="black" d="M1630 1089 c-414 -53 -829 -232 -1140 -492 -94 -79 -489 -476 -490 -492 0 -14 92 -105 106 -105 6 0 85 75 175 168 194 198 287 284 390 363 268 204 611 346 948 393 146 21 416 21 562 0 337 -47 680 -189 948 -393 103 -79 196 -165 390 -364 90 -92 169 -167 176 -167 13 0 105 92 105 105 -1 16 -398 415 -490 492 -315 263 -730 441 -1150 493 -98 12 -435 11 -530 -1z"/></g></svg>
  <svg x='482' y='483'><g transform="translate(0.149874875465,34.7500790925) scale(0.00988906872676,-0.00988956850125)"><path class="sym-line" fill="black" d="M1528 3484 c-592 -92 -1088 -447 -1348 -963 -125 -249 -180 -485 -180 -771 0 -480 183 -911 529 -1242 350 -336 780 -508 1271 -508 451 0 864 150 1193 434 326 281 517 620 591 1051 21 121 21 409 0 530 -43 252 -114 444 -237 639 -282 453 -741 750 -1284 831 -127 19 -413 18 -535 -1z m607 -173 c583 -126 1038 -523 1224 -1069 59 -173 75 -277 75 -492 0 -165 -3 -211 -22 -300 -71 -327 -228 -611 -458 -829 -186 -177 -381 -295 -614 -374 -176 -60 -282 -78 -490 -84 -247 -7 -416 19 -628 97 -549 201 -944 674 -1043 1250 -17 97 -17 383 0 480 99 576 495 1050 1043 1250 105 38 177 58 303 81 143 26 467 21 610 -10z"/></g></svg>
  <svg x='495' y='473'><g transform="translate(0.150398531432,6.94494141144) scale(0.00966757342839,-0.00970929130205)"><path class="sym-line" fill="black" d="M64 638 c-35 -33 -64 -64 -64 -68 0 -10 589 -550 600 -550 11 0 600 540 600 550 0 11 -127 130 -140 130 -6 0 -110 -90 -231 -200 -121 -110 -224 -200 -229 -200 -5 0 -108 90 -229 200 -121 110 -225 200 -231 200 -7 0 -41 -28 -76 -62z"/></g></svg>
</svg>