<svg version='1.1' xmlns='http://www.w3.org/2000/svg' width='58' height='177' viewBox='471 412 58 177'>
  <text font-size='0'>M529x589S18d20493x412S1dc20490x443S14020485x477S37806471x582S37802507x545S15a1a502x577S10001491x520S28903472x549</text>
  <svg x='493' y='412'><g transform="translate(-0.059479313744,24.7539235506) scale(0.0099046274341,-0.00988018118416)"><path class="sym-line" fill="black" d="M411 2424 c-34 -37 -61 -71 -61 -75 0 -7 534 -573 724 -766 l81 -83 -155 1 -155 0 -340 359 c-187 198 -345 359 -351 360 -12 0 -134 -134 -133 -147 0 -4 123 -136 274 -293 l274 -285 1 -747 0 -748 715 0 715 0 0 754 0 754 -467 491 c-257 270 -472 491 -479 491 -7 0 -40 -32 -74 -71 l-63 -70 30 -32 c61 -66 639 -675 707 -744 l70 -73 -144 0 -145 1 -470 494 c-259 272 -475 495 -482 495 -6 0 -39 -30 -72 -66z"/></g></svg>
  <svg x='490' y='443'><g transform="translate(0.0,30.0) scale(0.01,-0.01)"><path class="sym-line" fill="black" d="M900 1900 l0 -1100 -450 0 -450 0 0 -100 0 -100 450 0 450 0 0 -300 0 -300 750 0 750 0 0 750 0 750 -650 0 -650 0 0 750 0 750 -100 0 -100 0 0 -1100z"/></g></svg>
  <svg x='485' y='477'><g transform="translate(0.0,30.0) scale(0.01,-0.01)"><path class="sym-line" fill="black" d="M1400 2250 l0 -750 -302 0 -303 0 -227 227 -228 228 -75 -75 -75 -75 152 -152 153 -153 -248 0 -247 0 0 -100 0 -100 348 0 347 0 353 -353 352 -352 0 -298 0 -297 750 0 750 0 0 750 0 750 -650 0 -650 0 0 750 0 750 -100 0 -100 0 0 -750z m0 -1150 c0 -110 -1 -200 -3 -200 -1 0 -92 90 -202 200 l-200 200 203 0 202 0 0 -200z"/></g></svg>
  <svg x='471' y='582'><g transform="translate(0.0,2.0) scale(0.01,-0.01)"><path class="sym-line" fill="black" d="M0 100 l0 -100 1600 0 1600 0 0 100 0 100 -1600 0 -1600 0 0 -100z"/></g></svg>
  <svg x='507' y='545'><g transform="translate(0.00758934082336,32.4653326659) scale(0.00990600575607,-0.0103109685146)"><path class="sym-line" fill="black" d="M92 3084 c-65 -43 -82 -59 -77 -72 9 -26 1496 -2936 1504 -2944 6 -7 171 97 171 108 0 7 -1501 2947 -1509 2956 -3 3 -44 -18 -89 -48z"/></g></svg>
  <svg x='502' y='577'><g transform="translate(0.150976194493,11.7516936221) scale(0.00983400277537,-0.00966938010173)"><path class="sym-fill" fill="white" d="M200 400 l0 -200 908 0 907 0 200 200 200 200 -1108 0 -1107 0 0 -200z"/><path class="sym-line" fill="black" d="M0 600 l0 -600 1053 0 1052 0 300 300 300 300 -300 300 -300 300 -1052 0 -1053 0 0 -600z m2225 -200 l-200 -200 -912 0 -913 0 0 200 0 200 1112 0 1113 0 -200 -200z"/></g></svg>
  <svg x='491' y='520'><g transform="translate(0.0827624000386,29.8972374025) scale(0.00988338120185,-0.00991626663417)"><path class="sym-fill" fill="white" d="M763 1370 l-353 -363 70 -76 c39 -42 197 -206 353 -365 l282 -289 353 363 352 362 -80 86 c-44 48 -203 212 -353 366 l-272 278 -352 -362z"/><path class="sym-line" fill="black" d="M76 2931 l-69 -69 486 -498 485 -498 -371 -381 c-204 -209 -393 -403 -419 -431 l-49 -51 481 -494 c264 -272 487 -494 495 -494 8 0 231 222 495 494 l481 494 -49 51 c-152 158 -1893 1946 -1895 1946 -2 0 -33 -31 -71 -69z m1394 -1560 c190 -194 345 -359 345 -366 0 -16 -684 -720 -700 -720 -16 0 -700 704 -700 720 0 16 687 724 700 722 6 -1 166 -161 355 -356z"/></g></svg>
  <svg x='472' y='549'><g transform="translate(0.0393366495508,26.8055192175) scale(0.00988354211854,-0.00994862606901)"><path class="sym-fill" fill="white" d="M1550 2495 c-410 -75 -742 -400 -851 -835 -29 -117 -38 -273 -32 -517 l6 -223 198 0 198 0 3 303 c4 297 4 303 31 382 38 113 90 198 177 286 55 55 96 86 150 113 141 69 137 69 628 73 l442 5 0 214 0 214 -437 -1 c-321 -1 -458 -4 -513 -14z"/><path class="sym-line" fill="black" d="M1589 2669 c-453 -48 -853 -387 -1008 -854 -59 -179 -63 -213 -68 -567 l-5 -328 -249 -2 -248 -3 421 -455 c232 -250 427 -455 435 -455 7 0 203 205 434 455 l421 455 -252 3 -252 2 5 278 c5 299 9 331 64 441 15 30 57 85 93 122 76 77 163 123 260 139 36 5 242 10 463 10 l397 0 0 80 0 80 -432 0 c-489 0 -507 -2 -641 -72 -132 -69 -239 -189 -304 -343 -44 -102 -53 -187 -53 -470 l0 -265 -200 0 -199 0 -7 35 c-12 67 3 574 20 655 50 236 153 428 319 595 139 139 282 223 472 278 65 19 105 21 548 24 l477 4 0 78 0 78 -242 6 c-299 9 -569 7 -669 -4z"/></g></svg>
</svg>