<svg version='1.1' xmlns='http://www.w3.org/2000/svg' width='61' height='150' viewBox='469 483 61 150'>
  <text font-size='0'>M530x633S1c542482x588S15a36482x621S20500506x611S33b00482x483S1c146490x522S21600512x516S21600522x516S21600480x517S21600469x517</text>
  <svg x='482' y='588'><g transform="translate(0.150504290662,29.7545164631) scale(0.00985759796689,-0.00993294038876)"><path class="sym-fill" fill="white" d="M1497 1833 c-4 -3 -7 -69 -7 -145 l0 -138 605 0 605 0 0 145 0 145 -598 0 c-329 0 -602 -3 -605 -7z"/><path class="sym-line" fill="black" d="M1531 2909 l-63 -69 250 -258 249 -257 138 -3 c75 -1 135 1 133 6 -6 18 -623 652 -633 652 -5 -1 -39 -32 -74 -71z M0 2130 l0 -100 610 0 610 0 0 100 0 100 -610 0 -610 0 0 -100z M1390 1840 l0 -390 705 0 705 0 0 390 0 390 -705 0 -705 0 0 -390z m1320 -145 l0 -145 -610 0 -610 0 0 145 0 145 610 0 610 0 0 -145z M280 1550 l0 -100 421 -2 421 -3 -227 -234 c-124 -128 -225 -237 -223 -241 2 -5 32 -39 68 -76 l65 -67 207 214 208 214 0 198 0 197 -470 0 -470 0 0 -100z M1390 630 l0 -630 100 0 100 0 0 630 0 630 -100 0 -100 0 0 -630z"/></g></svg>
  <svg x='482' y='621'><g transform="translate(0.150976194493,11.7516936221) scale(0.00983400277537,-0.00966938010173)"><path class="sym-fill" fill="white" d="M1400 1100 l0 -100 -600 0 -600 0 0 -400 0 -400 600 0 600 0 0 -100 0 -100 150 0 150 0 0 100 0 100 158 0 157 0 200 200 200 200 -200 200 -200 200 -157 0 -158 0 0 100 0 100 -150 0 -150 0 0 -100z"/><path class="sym-line" fill="black" d="M0 600 l0 -600 700 0 700 0 0 100 0 100 -600 0 -600 0 0 400 0 400 600 0 600 0 0 100 0 100 -700 0 -700 0 0 -600z M1700 1100 l0 -100 163 0 162 0 200 -200 200 -200 -200 -200 -200 -200 -162 0 -163 0 0 -100 0 -100 203 0 202 0 300 300 300 300 -300 300 -300 300 -202 0 -203 0 0 -100z"/></g></svg>
  <svg x='506' y='611'><g transform="translate(-0.221878406359,10.7500002304) scale(0.0103429235226,-0.00963778430032)"><path class="sym-line" fill="black" d="M430 895 l0 -205 -37 23 c-21 13 -95 61 -165 105 l-128 82 -36 -71 c-19 -40 -32 -75 -27 -79 4 -3 74 -48 156 -99 81 -51 147 -97 147 -101 0 -4 -66 -50 -147 -101 -82 -51 -152 -96 -156 -99 -5 -4 8 -39 27 -79 l36 -71 128 82 c70 44 144 92 165 105 l37 23 0 -205 0 -205 70 0 70 0 0 205 0 205 38 -23 c20 -13 94 -61 164 -105 l128 -82 36 71 c19 40 32 75 27 79 -4 3 -74 48 -155 99 -82 51 -148 97 -148 101 0 4 66 50 148 101 81 51 151 96 155 99 5 4 -8 39 -27 79 l-36 71 -128 -82 c-70 -44 -144 -92 -164 -105 l-38 -23 0 205 0 205 -70 0 -70 0 0 -205z"/></g></svg>
  <svg x='482' y='483'><g transform="translate(0.149874875465,34.7500790925) scale(0.00988906872676,-0.00988956850125)"><path class="sym-line" fill="black" d="M1528 3484 c-592 -92 -1088 -447 -1348 -963 -125 -249 -180 -485 -180 -771 0 -480 183 -911 529 -1242 350 -336 780 -508 1271 -508 451 0 864 150 1193 434 326 281 517 620 591 1051 21 121 21 409 0 530 -43 252 -114 444 -237 639 -282 453 -741 750 -1284 831 -127 19 -413 18 -535 -1z m607 -173 c583 -126 1038 -523 1224 -1069 59 -173 75 -277 75 -492 0 -165 -3 -211 -22 -300 -71 -327 -228 -611 -458 -829 -186 -177 -381 -295 -614 -374 -176 -60 -282 -78 -490 -84 -247 -7 -416 19 -628 97 -549 201 -944 674 -1043 1250 -17 97 -17 383 0 480 99 576 495 1050 1043 1250 105 38 177 58 303 81 143 26 467 21 610 -10z M1020 875 l0 -75 780 0 780 0 0 75 0 75 -780 0 -780 0 0 -75z"/></g></svg>
  <svg x='490' y='522'><g transform="translate(0.0,23.0) scale(0.01,-0.01)"><path class="sym-fill" fill="white" d="M100 550 l0 -150 600 0 600 0 0 150 0 150 -600 0 -600 0 0 -150z"/><path class="sym-line" fill="black" d="M1210 1650 l0 -650 95 0 95 0 0 650 0 650 -95 0 -95 0 0 -650z M461 1923 c-6 -21 -58 -229 -116 -463 -58 -234 -108 -433 -111 -442 -5 -16 4 -18 99 -18 l105 0 111 452 c61 248 108 455 104 458 -9 7 -155 50 -172 50 -6 0 -15 -17 -20 -37z M1783 1222 l-202 -217 -1 -202 0 -203 470 0 470 0 0 100 0 100 -420 0 c-231 0 -420 3 -420 6 0 3 102 113 226 244 256 271 240 235 145 335 -29 30 -55 55 -59 55 -4 -1 -98 -99 -209 -218z M0 400 l0 -400 700 0 700 0 0 400 0 400 -700 0 -700 0 0 -400z m1310 150 l0 -150 -610 0 -610 0 0 150 0 150 610 0 610 0 0 -150z M1580 100 l0 -100 610 0 610 0 0 100 0 100 -610 0 -610 0 0 -100z"/></g></svg>
  <svg x='512' y='516'><g transform="translate(0.149834234299,7.75047623956) scale(0.00950047578505,-0.00951302738823)"><path class="sym-line" fill="black" d="M280 782 c-174 -65 -280 -209 -280 -382 0 -218 182 -400 400 -400 218 0 400 182 400 400 0 173 -114 326 -284 383 -63 22 -177 21 -236 -1z"/></g></svg>
  <svg x='522' y='516'><g transform="translate(0.149834234299,7.75047623956) scale(0.00950047578505,-0.00951302738823)"><path class="sym-line" fill="black" d="M280 782 c-174 -65 -280 -209 -280 -382 0 -218 182 -400 400 -400 218 0 400 182 400 400 0 173 -114 326 -284 383 -63 22 -177 21 -236 -1z"/></g></svg>
  <svg x='480' y='517'><g transform="translate(0.149834234299,7.75047623956) scale(0.00950047578505,-0.00951302738823)"><path class="sym-line" fill="black" d="M280 782 c-174 -65 -280 -209 -280 -382 0 -218 182 -400 400 -400 218 0 400 182 400 400 0 173 -114 326 -284 383 -63 22 -177 21 -236 -1z"/></g></svg>
  <svg x='469' y='517'><g transform="translate(0.149834234299,7.75047623956) scale(0.00950047578505,-0.00951302738823)"><path class="sym-line" fill="black" d="M280 782 c-174 -65 -280 -209 -280 -382 0 -218 182 -400 400 -400 218 0 400 182 400 400 0 173 -114 326 -284 383 -63 22 -177 21 -236 -1z"/></g></svg>
</svg>