<svg version='1.1' xmlns='http://www.w3.org/2000/svg' width='60' height='95' viewBox='470 453 60 95'>
  <text font-size='0'>M530x548S20320474x533S20320513x533S14c20506x465S14c28474x465S2c100507x499S2c111470x498S2f900511x453S2f900479x456</text>
  <svg x='474' y='533'><g transform="translate(0.0,15.0) scale(0.01,-0.01)"><path class="sym-line" fill="black" d="M0 750 l0 -750 750 0 750 0 0 750 0 750 -750 0 -750 0 0 -750z"/></g></svg>
  <svg x='513' y='533'><g transform="translate(0.0,15.0) scale(0.01,-0.01)"><path class="sym-line" fill="black" d="M0 750 l0 -750 750 0 750 0 0 750 0 750 -750 0 -750 0 0 -750z"/></g></svg>
  <svg x='506' y='465'><g transform="translate(0.169377282955,30.7516384396) scale(0.00990025187962,-0.00987200030311)"><path class="sym-line" fill="black" d="M980 2602 l0 -498 -75 -74 c-61 -61 -77 -72 -85 -60 -5 8 -101 174 -212 369 -111 194 -207 355 -213 357 -11 5 -174 -86 -175 -96 0 -3 103 -185 229 -405 l229 -400 -44 -45 -44 -46 0 -404 0 -405 -223 223 c-122 122 -227 222 -234 222 -6 0 -39 -31 -73 -70 l-62 -70 60 -67 c34 -38 167 -174 296 -303 l236 -235 0 -297 0 -298 495 0 495 0 0 598 0 597 131 130 c72 72 229 232 350 357 l220 227 -67 70 c-36 39 -72 71 -78 71 -6 0 -133 -125 -283 -277 l-272 -278 0 105 -1 104 -44 46 -44 45 229 400 c126 220 228 402 228 405 1 8 -159 100 -172 100 -7 -1 -104 -163 -217 -361 -113 -199 -208 -366 -212 -372 -5 -8 -34 14 -83 63 l-75 74 0 498 0 498 -105 0 -105 0 0 -498z"/></g></svg>
  <svg x='474' y='465'><g transform="translate(-0.0594657001311,30.7516384396) scale(0.00991707416583,-0.00987200030311)"><path class="sym-line" fill="black" d="M1110 2603 l-1 -498 -74 -78 -74 -77 -213 375 c-117 206 -217 374 -222 375 -12 0 -176 -93 -176 -100 1 -3 104 -185 230 -405 l229 -400 -45 -45 -44 -46 0 -104 -1 -105 -272 278 c-150 152 -277 277 -284 277 -6 0 -41 -32 -77 -72 l-65 -71 269 -276 c148 -152 305 -312 349 -356 l81 -80 0 -597 0 -598 495 0 495 0 0 297 0 298 295 295 c162 163 295 302 295 309 0 16 -119 141 -134 141 -6 0 -111 -100 -233 -222 l-223 -223 0 406 0 405 -44 43 -43 43 223 392 c123 216 226 399 229 407 6 16 -151 113 -170 105 -6 -2 -102 -163 -213 -357 -111 -195 -207 -361 -212 -369 -8 -12 -24 -1 -85 60 l-75 74 0 498 0 498 -105 0 -105 0 0 -497z"/></g></svg>
  <svg x='507' y='499'><g transform="translate(0.199410345036,29.7519795905) scale(0.00980544418547,-0.00986784736349)"><path class="sym-line" fill="black" d="M345 2650 l-350 -350 302 0 302 0 3 -362 c3 -353 4 -365 26 -420 51 -126 166 -241 290 -289 41 -16 86 -24 158 -27 167 -7 258 30 403 163 72 66 86 75 120 75 52 0 88 -36 97 -98 4 -25 4 -131 1 -236 -5 -161 -10 -207 -31 -291 -48 -184 -161 -444 -299 -687 -37 -65 -67 -120 -67 -123 0 -3 225 -5 500 -5 275 0 500 2 500 5 0 3 -30 58 -67 123 -138 242 -251 502 -299 687 -24 91 -27 125 -33 365 -6 248 -8 268 -29 307 -55 105 -152 163 -272 163 -100 0 -160 -28 -254 -119 -100 -97 -140 -116 -246 -116 -99 0 -142 17 -205 80 -86 85 -95 136 -95 518 l0 287 302 0 303 0 -350 350 c-192 193 -352 350 -355 350 -3 0 -163 -157 -355 -350z"/></g></svg>
  <svg x='470' y='498'><g transform="translate(0.151581254123,29.7519795905) scale(0.00980374979387,-0.00986784736349)"><path class="sym-fill" fill="white" d="M1370 2625 l-225 -225 455 0 455 0 -225 225 c-124 124 -227 225 -230 225 -3 0 -106 -101 -230 -225z"/><path class="sym-line" fill="black" d="M1245 2650 l-350 -350 303 0 302 0 0 -287 c0 -382 -9 -433 -95 -518 -63 -63 -106 -80 -205 -80 -106 0 -146 19 -246 116 -94 91 -154 119 -254 119 -120 0 -217 -58 -272 -163 -21 -39 -23 -59 -29 -307 -6 -240 -9 -274 -33 -365 -48 -185 -161 -445 -299 -687 -37 -65 -67 -120 -67 -123 0 -3 225 -5 500 -5 275 0 500 2 500 5 0 3 -30 58 -67 123 -138 243 -251 503 -299 687 -21 84 -26 130 -31 291 -3 105 -3 211 1 236 9 62 45 98 97 98 34 0 48 -9 120 -75 145 -133 236 -170 403 -163 72 3 117 11 158 27 124 48 239 163 290 289 22 55 23 67 26 420 l3 362 302 0 302 0 -350 350 c-192 193 -352 350 -355 350 -3 0 -163 -157 -355 -350z m591 -25 l229 -224 -465 0 -465 0 229 224 c125 124 232 225 236 225 4 0 111 -101 236 -225z"/></g></svg>
  <svg x='511' y='453'><g transform="translate(0.180786096011,4.75000053092) scale(0.00958087152387,-0.00920312606184)"><path class="sym-line" fill="black" d="M245 488 c-55 -20 -116 -69 -150 -121 -45 -68 -84 -193 -92 -289 l-6 -78 107 0 106 0 0 40 c0 57 36 145 71 175 37 30 91 33 131 7 15 -10 53 -49 85 -87 82 -98 136 -129 231 -134 87 -4 139 9 200 51 86 59 157 215 169 371 l6 77 -107 0 -106 0 0 -40 c0 -57 -36 -145 -71 -175 -37 -30 -91 -33 -131 -7 -15 10 -53 49 -85 87 -32 38 -81 83 -107 100 -44 27 -59 30 -135 32 -47 1 -99 -3 -116 -9z"/></g></svg>
  <svg x='479' y='456'><g transform="translate(0.180786096011,4.75000053092) scale(0.00958087152387,-0.00920312606184)"><path class="sym-line" fill="black" d="M245 488 c-55 -20 -116 -69 -150 -121 -45 -68 -84 -193 -92 -289 l-6 -78 107 0 106 0 0 40 c0 57 36 145 71 175 37 30 91 33 131 7 15 -10 53 -49 85 -87 82 -98 136 -129 231 -134 87 -4 139 9 200 51 86 59 157 215 169 371 l6 77 -107 0 -106 0 0 -40 c0 -57 -36 -145 -71 -175 -37 -30 -91 -33 -131 -7 -15 10 -53 49 -85 87 -32 38 -81 83 -107 100 -44 27 -59 30 -135 32 -47 1 -99 -3 -116 -9z"/></g></svg>
</svg>