<svg version='1.1' xmlns='http://www.w3.org/2000/svg' width='57' height='133' viewBox='474 482 57 133'>
  <text font-size='0'>M531x615S34600482x482S30e30488x489S36e00477x514S15a1a480x585S10050503x538S26600515x565S26614474x552S2fa00520x556S2f804482x604S2f800481x530S2fc00495x570</text>
  <svg x='482' y='482'><g transform="translate(0.149874875465,34.7500790925) scale(0.00988906872676,-0.00988956850125)"><path class="sym-line" fill="black" d="M1528 3484 c-592 -92 -1088 -447 -1348 -963 -125 -249 -180 -485 -180 -771 0 -480 183 -911 529 -1242 350 -336 780 -508 1271 -508 451 0 864 150 1193 434 326 281 517 620 591 1051 21 121 21 409 0 530 -43 252 -114 444 -237 639 -282 453 -741 750 -1284 831 -127 19 -413 18 -535 -1z m607 -173 c583 -126 1038 -523 1224 -1069 59 -173 75 -277 75 -492 0 -165 -3 -211 -22 -300 -71 -327 -228 -611 -458 -829 -186 -177 -381 -295 -614 -374 -176 -60 -282 -78 -490 -84 -247 -7 -416 19 -628 97 -549 201 -944 674 -1043 1250 -17 97 -17 383 0 480 99 576 495 1050 1043 1250 105 38 177 58 303 81 143 26 467 21 610 -10z M1740 1602 l0 -198 -62 -19 -63 -20 -144 138 -144 138 -41 -41 -41 -42 137 -131 136 -132 -24 -30 c-13 -17 -31 -49 -40 -72 l-17 -43 -178 0 -179 0 0 -50 0 -50 179 0 178 0 17 -42 c9 -24 27 -56 40 -73 l24 -30 -136 -132 -137 -131 41 -42 41 -41 144 138 144 138 63 -20 62 -19 0 -198 0 -198 60 0 60 0 0 198 0 197 64 20 63 20 144 -137 144 -137 40 40 40 40 -136 134 c-129 128 -135 135 -118 151 10 9 28 40 40 70 l23 54 183 0 183 0 0 50 0 50 -183 0 -183 0 -23 54 c-12 30 -30 61 -40 70 -17 16 -11 23 118 151 l136 134 -40 40 -40 40 -144 -137 -144 -137 -63 20 -64 20 0 197 0 198 -60 0 -60 0 0 -198z m196 -340 c150 -77 150 -247 0 -324 -49 -25 -163 -35 -222 -19 -88 24 -164 108 -164 181 0 69 64 145 147 176 56 21 187 13 239 -14z"/></g></svg>
  <svg x='488' y='489'><g transform="translate(0.0,8.0) scale(0.01,-0.01)"><path class="sym-line" fill="black" d="M190 750 l0 -50 218 0 217 0 229 -241 229 -240 40 40 40 40 -239 249 -239 250 -247 1 -248 1 0 -50z M1476 548 l-239 -249 40 -40 40 -40 229 240 229 241 218 0 217 0 0 50 0 50 -247 -1 -248 -1 -239 -250z M0 450 l0 -50 238 -1 237 0 190 -200 c104 -109 194 -199 200 -199 6 0 26 16 45 35 l34 35 -94 98 c-52 53 -147 150 -210 215 l-115 117 -262 0 -263 0 0 -50z M1760 383 c-63 -65 -158 -162 -210 -215 l-94 -98 34 -35 c19 -19 39 -35 45 -35 6 0 96 90 200 199 l190 200 238 0 237 1 0 50 0 50 -263 0 -262 0 -115 -117z"/></g></svg>
  <svg x='477' y='514'><g transform="translate(0.0,12.0) scale(0.01,-0.01)"><path class="sym-line" fill="black" d="M0 1000 l0 -200 300 0 300 0 0 -400 0 -400 1700 0 1700 0 0 400 0 400 300 0 300 0 0 200 0 200 -450 0 -450 0 0 -400 0 -400 -1400 0 -1400 0 0 400 0 400 -450 0 -450 0 0 -200z"/></g></svg>
  <svg x='480' y='585'><g transform="translate(0.150976194493,11.7516936221) scale(0.00983400277537,-0.00966938010173)"><path class="sym-fill" fill="white" d="M200 400 l0 -200 908 0 907 0 200 200 200 200 -1108 0 -1107 0 0 -200z"/><path class="sym-line" fill="black" d="M0 600 l0 -600 1053 0 1052 0 300 300 300 300 -300 300 -300 300 -1052 0 -1053 0 0 -600z m2225 -200 l-200 -200 -912 0 -913 0 0 200 0 200 1112 0 1113 0 -200 -200z"/></g></svg>
  <svg x='503' y='538'><g transform="translate(0.0,30.0) scale(0.01,-0.01)"><path class="sym-line" fill="black" d="M0 2250 l0 -750 100 0 100 0 0 750 0 750 -100 0 -100 0 0 -750z M0 650 l0 -650 750 0 750 0 0 650 0 650 -750 0 -750 0 0 -650z"/></g></svg>
  <svg x='515' y='565'><g transform="translate(0.198426155669,29.7519795905) scale(0.00968892587986,-0.00986784736349)"><path class="sym-line" fill="black" d="M395 2600 l-400 -400 353 0 352 0 0 -1100 0 -1100 100 0 100 0 0 1100 0 1100 352 0 353 0 -400 400 c-220 220 -402 400 -405 400 -3 0 -185 -180 -405 -400z"/></g></svg>
  <svg x='474' y='552'><g transform="translate(0.198426155669,29.702611239) scale(0.00968892587986,-0.00985139124633)"><path class="sym-fill" fill="white" d="M523 423 l277 -278 277 278 278 277 -555 0 -555 0 278 -277z"/><path class="sym-line" fill="black" d="M700 1900 l0 -1100 -352 0 -353 0 403 -402 402 -403 402 403 403 402 -353 0 -352 0 0 1100 0 1100 -100 0 -100 0 0 -1100z m377 -1477 l-277 -278 -277 278 -278 277 555 0 555 0 -278 -277z"/></g></svg>
  <svg x='520' y='556'><g transform="translate(0.138663536926,6.72763084313) scale(0.0096549053957,-0.00937478173386)"><path class="sym-fill" fill="white" d="M234 560 c-33 -17 -78 -51 -101 -77 l-43 -47 0 -90 0 -90 52 51 c58 55 113 87 171 98 62 12 131 -30 190 -113 86 -124 169 -182 257 -182 64 0 152 46 208 107 l42 47 0 90 0 90 -52 -51 c-58 -55 -113 -87 -171 -98 -62 -12 -131 30 -190 113 -120 173 -232 219 -363 152z"/><path class="sym-line" fill="black" d="M225 681 c-66 -26 -112 -59 -153 -109 -73 -88 -73 -85 -70 -343 l3 -231 68 85 c106 134 208 211 274 205 35 -3 44 -11 110 -98 119 -156 171 -189 293 -190 116 0 210 44 282 132 69 85 69 83 66 339 l-3 231 -68 -85 c-106 -134 -208 -211 -274 -205 -35 3 -44 11 -110 98 -121 158 -171 190 -298 189 -50 -1 -95 -7 -120 -18z m159 -92 c68 -19 134 -72 205 -165 40 -54 80 -96 101 -106 79 -40 191 -7 274 82 l46 49 0 -93 0 -93 -41 -47 c-43 -48 -117 -93 -179 -107 -84 -20 -182 39 -279 167 -40 54 -80 96 -101 106 -79 40 -191 7 -274 -82 l-46 -49 0 93 0 93 41 47 c50 56 128 99 209 115 3 0 23 -4 44 -10z"/></g></svg>
  <svg x='482' y='604'><g transform="translate(0.0,11.0) scale(0.01,-0.01)"><path class="sym-line" fill="black" d="M47 1052 c-26 -26 -47 -52 -47 -57 1 -16 398 -415 490 -492 315 -263 730 -441 1150 -493 109 -13 411 -13 520 0 420 52 835 230 1150 493 94 79 489 476 490 492 0 14 -92 105 -106 105 -6 0 -85 -75 -175 -167 -194 -199 -287 -285 -390 -364 -268 -204 -611 -346 -948 -393 -146 -21 -416 -21 -562 0 -337 47 -680 189 -948 393 -103 79 -196 165 -390 364 -90 92 -169 167 -176 167 -6 0 -32 -22 -58 -48z"/></g></svg>
  <svg x='481' y='530'><g transform="translate(0.149758714638,10.7522867807) scale(0.00989487676809,-0.00965101211298)"><path class="sym-line" fill="black" d="M1630 1089 c-414 -53 -829 -232 -1140 -492 -94 -79 -489 -476 -490 -492 0 -14 92 -105 106 -105 6 0 85 75 175 168 194 198 287 284 390 363 268 204 611 346 948 393 146 21 416 21 562 0 337 -47 680 -189 948 -393 103 -79 196 -165 390 -364 90 -92 169 -167 176 -167 13 0 105 92 105 105 -1 16 -398 415 -490 492 -315 263 -730 441 -1150 493 -98 12 -435 11 -530 -1z"/></g></svg>
  <svg x='495' y='570'><g transform="translate(0.169849905175,10.7557410955) scale(0.0097007872376,-0.00973451571332)"><path class="sym-line" fill="black" d="M552 1080 c-226 -60 -429 -239 -518 -459 -13 -33 -27 -73 -30 -90 l-6 -31 60 0 61 0 42 83 c54 103 163 217 264 273 205 113 445 113 650 0 101 -56 210 -170 264 -273 l42 -83 61 0 61 0 -7 31 c-22 111 -99 242 -206 349 -99 99 -217 167 -346 200 -105 27 -289 27 -392 0z M552 580 c-226 -60 -429 -239 -518 -459 -13 -33 -27 -73 -30 -90 l-6 -31 60 0 61 0 42 83 c54 103 163 217 264 273 205 113 445 113 650 0 101 -56 210 -170 264 -273 l42 -83 61 0 61 0 -7 31 c-22 111 -99 242 -206 349 -99 99 -217 167 -346 200 -105 27 -289 27 -392 0z"/></g></svg>
</svg>