<svg version='1.1' xmlns='http://www.w3.org/2000/svg' width='62' height='72' viewBox='469 464 62 72'>
  <text font-size='0'>M531x536S18508473x480S26610469x506S21100496x491S22200521x484S22200521x478S22200519x464S22200521x471S2730f506x468</text>
  <svg x='473' y='480'><g transform="translate(0.0,15.0) scale(0.01,-0.01)"><path class="sym-fill" fill="white" d="M110 750 l0 -650 310 0 310 0 0 650 0 650 -310 0 -310 0 0 -650z"/><path class="sym-line" fill="black" d="M0 750 l0 -750 419 0 420 0 3 51 3 51 520 499 520 498 258 1 257 0 0 200 0 200 -1200 0 -1200 0 0 -750z m730 0 l0 -650 -315 0 -315 0 0 650 0 650 315 0 315 0 0 -650z m834 342 c-12 -11 -558 -536 -651 -626 l-73 -70 0 352 0 352 367 0 c202 0 363 -4 357 -8z"/></g></svg>
  <svg x='469' y='506'><g transform="translate(0.198426155669,29.7519795905) scale(0.00968892587986,-0.00986784736349)"><path class="sym-fill" fill="white" d="M520 2575 l-275 -275 555 0 555 0 -275 275 c-151 151 -277 275 -280 275 -3 0 -129 -124 -280 -275z"/><path class="sym-line" fill="black" d="M395 2600 l-400 -400 353 0 352 0 0 -1100 0 -1100 100 0 100 0 0 1100 0 1100 352 0 353 0 -400 400 c-220 220 -402 400 -405 400 -3 0 -185 -180 -405 -400z m685 -25 l275 -275 -555 0 -555 0 275 275 c151 151 277 275 280 275 3 0 129 -124 280 -275z"/></g></svg>
  <svg x='496' y='491'><g transform="translate(0.100900989662,13.8028761369) scale(0.00973019545717,-0.00980171001958)"><path class="sym-fill" fill="white" d="M583 1185 c-269 -75 -434 -344 -368 -598 49 -187 188 -325 378 -374 159 -40 396 23 545 145 l33 27 -68 74 -68 74 -32 -27 c-89 -75 -261 -121 -366 -97 -230 51 -313 335 -147 501 60 60 117 83 223 88 l87 4 0 -100 0 -100 -70 -4 c-60 -3 -74 -8 -97 -31 -38 -38 -38 -96 0 -135 24 -23 35 -27 85 -26 105 1 209 71 255 173 30 64 30 178 0 242 -27 60 -93 125 -152 152 -59 26 -168 32 -238 12z"/><path class="sym-line" fill="black" d="M535 1386 c-139 -36 -249 -101 -348 -205 -73 -78 -116 -148 -155 -253 -25 -68 -27 -84 -27 -228 0 -144 2 -160 27 -228 42 -114 85 -180 172 -268 88 -87 154 -130 268 -172 68 -25 84 -27 233 -27 185 0 237 11 380 79 97 46 215 128 215 148 -1 7 -29 44 -64 82 l-63 68 -54 -41 c-197 -149 -458 -183 -653 -84 -65 33 -176 144 -209 209 -75 147 -75 321 0 468 33 65 144 176 209 209 168 85 351 71 450 -35 60 -63 79 -113 79 -208 0 -73 -4 -92 -27 -135 -50 -95 -138 -154 -243 -163 -58 -4 -63 -3 -93 28 -44 44 -45 96 -1 139 28 29 36 31 100 31 l69 0 0 101 0 102 -86 -6 c-143 -10 -231 -65 -282 -176 -68 -147 -2 -321 148 -389 106 -49 278 -25 388 54 26 19 57 38 69 44 31 13 107 119 135 188 19 49 23 75 23 182 0 107 -4 133 -23 182 -50 125 -166 241 -290 289 -70 28 -266 36 -347 15z"/></g></svg>
  <svg x='521' y='484'><g transform="translate(0.114223192167,4.85165375092) scale(0.00965020941877,-0.00972970218059)"><path class="sym-line" fill="black" d="M265 289 c-298 -247 -274 -223 -245 -254 46 -49 47 -48 265 134 112 94 209 171 215 171 6 0 103 -77 215 -171 218 -182 219 -183 265 -134 24 25 24 26 4 44 -34 34 -478 401 -484 401 -3 0 -109 -86 -235 -191z"/></g></svg>
  <svg x='521' y='478'><g transform="translate(0.114223192167,4.85165375092) scale(0.00965020941877,-0.00972970218059)"><path class="sym-line" fill="black" d="M265 289 c-298 -247 -274 -223 -245 -254 46 -49 47 -48 265 134 112 94 209 171 215 171 6 0 103 -77 215 -171 218 -182 219 -183 265 -134 24 25 24 26 4 44 -34 34 -478 401 -484 401 -3 0 -109 -86 -235 -191z"/></g></svg>
  <svg x='519' y='464'><g transform="translate(0.114223192167,4.85165375092) scale(0.00965020941877,-0.00972970218059)"><path class="sym-line" fill="black" d="M265 289 c-298 -247 -274 -223 -245 -254 46 -49 47 -48 265 134 112 94 209 171 215 171 6 0 103 -77 215 -171 218 -182 219 -183 265 -134 24 25 24 26 4 44 -34 34 -478 401 -484 401 -3 0 -109 -86 -235 -191z"/></g></svg>
  <svg x='521' y='471'><g transform="translate(0.114223192167,4.85165375092) scale(0.00965020941877,-0.00972970218059)"><path class="sym-line" fill="black" d="M265 289 c-298 -247 -274 -223 -245 -254 46 -49 47 -48 265 134 112 94 209 171 215 171 6 0 103 -77 215 -171 218 -182 219 -183 265 -134 24 25 24 26 4 44 -34 34 -478 401 -484 401 -3 0 -109 -86 -235 -191z"/></g></svg>
  <svg x='506' y='468'><g transform="translate(0.150547039338,24.9547993149) scale(0.0098554605331,-0.00999911428402)"><path class="sym-line" fill="black" d="M0 1980 c0 -275 3 -500 7 -500 4 0 101 93 215 207 l208 208 370 -370 370 -370 0 -567 0 -568 105 0 105 0 0 612 0 613 -400 400 -400 400 210 210 c115 115 210 213 210 217 0 5 -225 8 -500 8 l-500 0 0 -500z"/></g></svg>
</svg>