<svg version='1.1' xmlns='http://www.w3.org/2000/svg' width='66' height='83' viewBox='465 483 66 83'>
  <text font-size='0'>M531x566S36100482x483S1ef06481x518S1ef0e502x518S22a04503x551S22a14481x551S22104519x555S22104465x554S20500503x508S20500486x507</text>
  <svg x='482' y='483'><g transform="translate(0.149874875465,34.7500790925) scale(0.00988906872676,-0.00988956850125)"><path class="sym-line" fill="black" d="M1528 3484 c-592 -92 -1088 -447 -1348 -963 -125 -249 -180 -485 -180 -771 0 -480 183 -911 529 -1242 350 -336 780 -508 1271 -508 451 0 864 150 1193 434 326 281 517 620 591 1051 21 121 21 409 0 530 -43 252 -114 444 -237 639 -282 453 -741 750 -1284 831 -127 19 -413 18 -535 -1z m607 -173 c583 -126 1038 -523 1224 -1069 59 -173 75 -277 75 -492 0 -165 -3 -211 -22 -300 -71 -327 -228 -611 -458 -829 -186 -177 -381 -295 -614 -374 -176 -60 -282 -78 -490 -84 -247 -7 -416 19 -628 97 -549 201 -944 674 -1043 1250 -17 97 -17 383 0 480 99 576 495 1050 1043 1250 105 38 177 58 303 81 143 26 467 21 610 -10z M1315 1286 c-133 -42 -235 -144 -272 -269 -57 -191 35 -394 217 -481 l65 -31 475 0 475 0 68 32 c309 146 309 580 0 726 l-68 32 -460 2 c-352 2 -469 -1 -500 -11z m425 -386 l0 -250 -95 0 -95 0 0 250 0 250 95 0 95 0 0 -250z m310 0 l0 -250 -95 0 -95 0 0 250 0 250 95 0 95 0 0 -250z m-610 0 l0 -240 -22 0 c-55 0 -103 23 -152 73 -103 104 -103 230 0 334 50 50 90 70 147 72 l27 1 0 -240z m818 225 c49 -21 110 -80 133 -130 24 -52 24 -138 0 -190 -35 -75 -130 -145 -196 -145 l-25 0 0 240 0 240 25 0 c14 0 42 -7 63 -15z"/></g></svg>
  <svg x='481' y='518'><g transform="translate(0.0,29.0) scale(0.01,-0.01)"><path class="sym-fill" fill="white" d="M200 750 l0 -550 550 0 550 0 0 550 0 550 -550 0 -550 0 0 -550z"/><path class="sym-line" fill="black" d="M1300 2200 l0 -700 -550 0 -550 0 0 550 0 550 -100 0 -100 0 0 -1300 0 -1300 750 0 750 0 0 1450 0 1450 -100 0 -100 0 0 -700z m0 -1450 l0 -550 -550 0 -550 0 0 550 0 550 550 0 550 0 0 -550z"/></g></svg>
  <svg x='502' y='518'><g transform="translate(0.0,29.0) scale(0.01,-0.01)"><path class="sym-fill" fill="white" d="M200 750 l0 -550 550 0 550 0 0 550 0 550 -550 0 -550 0 0 -550z"/><path class="sym-line" fill="black" d="M0 1450 l0 -1450 750 0 750 0 0 1300 0 1300 -100 0 -100 0 0 -550 0 -550 -550 0 -550 0 0 700 0 700 -100 0 -100 0 0 -1450z m1300 -700 l0 -550 -550 0 -550 0 0 550 0 550 550 0 550 0 0 -550z"/></g></svg>
  <svg x='503' y='551'><g transform="translate(0.043463926586,14.7505211307) scale(0.00985915292844,-0.00973472242044)"><path class="sym-fill" fill="white" d="M510 1100 l0 -400 140 0 140 0 0 400 0 400 -140 0 -140 0 0 -400z"/><path class="sym-line" fill="black" d="M330 1100 l0 -400 -159 -2 -160 -3 315 -347 c174 -192 319 -348 324 -348 5 0 150 156 324 348 l315 347 -160 3 -159 2 0 400 0 400 -90 0 -90 0 0 -400 0 -400 -140 0 -140 0 0 400 0 400 -90 0 -90 0 0 -400z"/></g></svg>
  <svg x='481' y='551'><g transform="translate(0.043463926586,14.7505211307) scale(0.00985915292844,-0.00973472242044)"><path class="sym-fill" fill="white" d="M510 1100 l0 -400 140 0 140 0 0 400 0 400 -140 0 -140 0 0 -400z M277 557 c144 -163 368 -407 373 -407 5 0 229 244 373 407 l39 43 -412 0 -412 0 39 -43z"/><path class="sym-line" fill="black" d="M330 1100 l0 -400 -159 -2 -160 -3 315 -347 c174 -192 319 -348 324 -348 5 0 150 156 324 348 l315 347 -160 3 -159 2 0 400 0 400 -90 0 -90 0 0 -400 0 -400 -140 0 -140 0 0 400 0 400 -90 0 -90 0 0 -400z m714 -522 c-82 -96 -388 -428 -394 -428 -6 0 -312 332 -394 428 l-19 22 413 0 413 0 -19 -22z"/></g></svg>
  <svg x='519' y='555'><g transform="translate(0.150398531432,6.94494141144) scale(0.00966757342839,-0.00970929130205)"><path class="sym-line" fill="black" d="M64 638 c-35 -33 -64 -64 -64 -68 0 -10 589 -550 600 -550 11 0 600 540 600 550 0 11 -127 130 -140 130 -6 0 -110 -90 -231 -200 -121 -110 -224 -200 -229 -200 -5 0 -108 90 -229 200 -121 110 -225 200 -231 200 -7 0 -41 -28 -76 -62z"/></g></svg>
  <svg x='465' y='554'><g transform="translate(0.150398531432,6.94494141144) scale(0.00966757342839,-0.00970929130205)"><path class="sym-line" fill="black" d="M64 638 c-35 -33 -64 -64 -64 -68 0 -10 589 -550 600 -550 11 0 600 540 600 550 0 11 -127 130 -140 130 -6 0 -110 -90 -231 -200 -121 -110 -224 -200 -229 -200 -5 0 -108 90 -229 200 -121 110 -225 200 -231 200 -7 0 -41 -28 -76 -62z"/></g></svg>
  <svg x='503' y='508'><g transform="translate(-0.221878406359,10.7500002304) scale(0.0103429235226,-0.00963778430032)"><path class="sym-line" fill="black" d="M430 895 l0 -205 -37 23 c-21 13 -95 61 -165 105 l-128 82 -36 -71 c-19 -40 -32 -75 -27 -79 4 -3 74 -48 156 -99 81 -51 147 -97 147 -101 0 -4 -66 -50 -147 -101 -82 -51 -152 -96 -156 -99 -5 -4 8 -39 27 -79 l36 -71 128 82 c70 44 144 92 165 105 l37 23 0 -205 0 -205 70 0 70 0 0 205 0 205 38 -23 c20 -13 94 -61 164 -105 l128 -82 36 71 c19 40 32 75 27 79 -4 3 -74 48 -155 99 -82 51 -148 97 -148 101 0 4 66 50 148 101 81 51 151 96 155 99 5 4 -8 39 -27 79 l-36 71 -128 -82 c-70 -44 -144 -92 -164 -105 l-38 -23 0 205 0 205 -70 0 -70 0 0 -205z"/></g></svg>
  <svg x='486' y='507'><g transform="translate(-0.221878406359,10.7500002304) scale(0.0103429235226,-0.00963778430032)"><path class="sym-line" fill="black" d="M430 895 l0 -205 -37 23 c-21 13 -95 61 -165 105 l-128 82 -36 -71 c-19 -40 -32 -75 -27 -79 4 -3 74 -48 156 -99 81 -51 147 -97 147 -101 0 -4 -66 -50 -147 -101 -82 -51 -152 -96 -156 -99 -5 -4 8 -39 27 -79 l36 -71 128 82 c70 44 144 92 165 105 l37 23 0 -205 0 -205 70 0 70 0 0 205 0 205 38 -23 c20 -13 94 -61 164 -105 l128 -82 36 71 c19 40 32 75 27 79 -4 3 -74 48 -155 99 -82 51 -148 97 -148 101 0 4 66 50 148 101 81 51 151 96 155 99 5 4 -8 39 -27 79 l-36 71 -128 -82 c-70 -44 -144 -92 -164 -105 l-38 -23 0 205 0 205 -70 0 -70 0 0 -205z"/></g></svg>
</svg>