<svg version='1.1' xmlns='http://www.w3.org/2000/svg' width='63' height='154' viewBox='469 423 63 154'>
  <text font-size='0'>M532x577S10019475x432S10011499x423S2e704505x458S2e748480x466S20358472x506S20350510x498S22a04512x519S22a14474x527S14c50508x539S14c58469x546S2fd04490x533</text>
  <svg x='475' y='432'><g transform="translate(0.0510391045243,29.9008597381) scale(0.00989444017531,-0.00992010945328)"><path class="sym-fill" fill="white" d="M1204 1296 c-54 -58 -213 -222 -351 -365 l-253 -259 193 -197 192 -198 353 363 352 362 -89 97 c-49 53 -136 142 -193 199 l-104 103 -100 -105z"/><path class="sym-line" fill="black" d="M1080 2109 c-476 -489 -911 -938 -968 -998 l-102 -108 480 -494 c264 -272 487 -494 495 -494 8 0 231 222 495 494 l481 495 -59 60 c-32 34 -221 228 -419 431 l-361 371 485 498 485 498 -68 69 c-38 38 -71 69 -74 68 -3 0 -394 -401 -870 -890z m424 -906 c103 -106 186 -197 184 -202 -7 -18 -692 -716 -703 -716 -7 0 -97 87 -200 193 l-187 192 48 53 c126 136 659 677 664 675 4 -2 91 -90 194 -195z"/></g></svg>
  <svg x='499' y='423'><g transform="translate(0.0827624000386,29.8972374025) scale(0.00988338120185,-0.00991626663417)"><path class="sym-fill" fill="white" d="M601 1204 l-191 -197 42 -46 c23 -25 182 -189 353 -365 l310 -318 193 197 193 198 -128 131 c-71 72 -230 236 -355 363 l-226 233 -191 -196z"/><path class="sym-line" fill="black" d="M76 2931 l-69 -69 486 -498 485 -498 -371 -381 c-204 -209 -393 -403 -419 -431 l-49 -51 481 -494 c264 -272 487 -494 495 -494 8 0 231 222 495 494 l481 494 -49 51 c-152 158 -1893 1946 -1895 1946 -2 0 -33 -31 -71 -69z m1020 -1838 c165 -170 324 -334 353 -365 l54 -58 -188 -192 c-104 -106 -194 -193 -200 -193 -12 0 -696 698 -703 716 -4 9 367 398 379 399 3 0 140 -138 305 -307z"/></g></svg>
  <svg x='505' y='458'><g transform="translate(0.149734255248,24.7534479855) scale(0.0097007872376,-0.00988628722284)"><path class="sym-line" fill="black" d="M345 2481 c-157 -72 -271 -271 -325 -565 -18 -101 -20 -153 -20 -666 0 -513 2 -565 20 -666 54 -294 168 -493 325 -565 34 -16 66 -19 205 -19 141 0 171 3 207 20 94 42 195 168 253 315 27 66 70 221 70 253 0 9 -47 12 -200 12 -110 0 -200 -2 -200 -4 0 -24 -44 -226 -59 -268 -118 -344 -294 -274 -381 151 -28 136 -40 372 -40 771 0 607 26 829 118 1018 39 80 84 122 132 122 86 0 162 -133 210 -369 20 -101 40 -355 40 -528 l0 -93 200 0 200 0 0 203 c0 160 -4 227 -20 313 -54 294 -168 493 -325 565 -59 27 -351 27 -410 0z M598 998 l302 -303 302 303 303 302 -605 0 -605 0 303 -302z"/></g></svg>
  <svg x='480' y='466'><g transform="translate(0.149365953647,24.738779916) scale(0.00971920231764,-0.00983613696638)"><path class="sym-fill" fill="white" d="M895 1350 l-150 -150 305 0 305 0 -150 150 c-82 83 -152 150 -155 150 -3 0 -73 -67 -155 -150z"/><path class="sym-line" fill="black" d="M345 2481 c-157 -72 -271 -271 -325 -565 -18 -101 -20 -153 -20 -666 0 -513 2 -565 20 -666 54 -294 168 -493 325 -565 59 -27 351 -27 410 0 208 96 345 425 345 828 l0 153 -100 0 -100 0 0 -42 c0 -24 -5 -119 -10 -211 -17 -297 -76 -508 -167 -602 -68 -70 -145 -37 -205 87 -92 189 -118 411 -118 1018 0 607 26 829 118 1018 132 271 314 70 364 -403 l12 -115 103 0 103 0 -6 58 c-34 316 -166 586 -326 666 -50 25 -60 26 -217 26 -140 0 -172 -3 -206 -19z M770 1375 l-275 -275 555 0 555 0 -275 275 c-151 151 -277 275 -280 275 -3 0 -129 -124 -280 -275z m435 -25 l150 -150 -305 0 -305 0 150 150 c82 83 152 150 155 150 3 0 73 -67 155 -150z"/></g></svg>
  <svg x='472' y='506'><g transform="translate(0.0,15.0) scale(0.01,-0.01)"><path class="sym-fill" fill="white" d="M0 950 l0 -150 750 0 750 0 0 150 0 150 -750 0 -750 0 0 -150z"/><path class="sym-line" fill="black" d="M0 1300 l0 -200 750 0 750 0 0 200 0 200 -750 0 -750 0 0 -200z M0 400 l0 -400 750 0 750 0 0 400 0 400 -750 0 -750 0 0 -400z"/></g></svg>
  <svg x='510' y='498'><g transform="translate(0.0,15.0) scale(0.01,-0.01)"><path class="sym-fill" fill="white" d="M0 950 l0 -150 750 0 750 0 0 150 0 150 -750 0 -750 0 0 -150z"/><path class="sym-line" fill="black" d="M0 1300 l0 -200 750 0 750 0 0 200 0 200 -750 0 -750 0 0 -200z M0 400 l0 -400 750 0 750 0 0 400 0 400 -750 0 -750 0 0 -400z"/></g></svg>
  <svg x='512' y='519'><g transform="translate(0.043463926586,14.7505211307) scale(0.00985915292844,-0.00973472242044)"><path class="sym-fill" fill="white" d="M510 1100 l0 -400 140 0 140 0 0 400 0 400 -140 0 -140 0 0 -400z"/><path class="sym-line" fill="black" d="M330 1100 l0 -400 -159 -2 -160 -3 315 -347 c174 -192 319 -348 324 -348 5 0 150 156 324 348 l315 347 -160 3 -159 2 0 400 0 400 -90 0 -90 0 0 -400 0 -400 -140 0 -140 0 0 400 0 400 -90 0 -90 0 0 -400z"/></g></svg>
  <svg x='474' y='527'><g transform="translate(0.043463926586,14.7505211307) scale(0.00985915292844,-0.00973472242044)"><path class="sym-fill" fill="white" d="M510 1100 l0 -400 140 0 140 0 0 400 0 400 -140 0 -140 0 0 -400z M277 557 c144 -163 368 -407 373 -407 5 0 229 244 373 407 l39 43 -412 0 -412 0 39 -43z"/><path class="sym-line" fill="black" d="M330 1100 l0 -400 -159 -2 -160 -3 315 -347 c174 -192 319 -348 324 -348 5 0 150 156 324 348 l315 347 -160 3 -159 2 0 400 0 400 -90 0 -90 0 0 -400 0 -400 -140 0 -140 0 0 400 0 400 -90 0 -90 0 0 -400z m714 -522 c-82 -96 -388 -428 -394 -428 -6 0 -312 332 -394 428 l-19 22 413 0 413 0 -19 -22z"/></g></svg>
  <svg x='508' y='539'><g transform="translate(0.201198550476,30.7516384396) scale(0.00988990203709,-0.00987200030311)"><path class="sym-line" fill="black" d="M1020 2670 c0 -236 3 -430 7 -430 4 0 29 21 55 47 l48 47 48 -47 c26 -26 51 -47 55 -47 4 0 7 194 7 430 l0 430 -110 0 -110 0 0 -430z M313 2652 c-52 -29 -81 -52 -78 -60 3 -7 102 -177 221 -378 l216 -365 71 64 c39 35 75 70 80 78 7 11 -44 105 -196 359 -113 190 -211 346 -219 347 -7 2 -50 -19 -95 -45z M1650 2373 c-107 -180 -196 -331 -198 -337 -4 -18 146 -162 157 -151 16 16 421 703 421 714 0 9 -160 101 -177 101 -5 0 -96 -147 -203 -327z M867 1953 l-256 -248 0 -852 -1 -853 520 0 520 0 0 853 0 853 -254 247 c-140 136 -259 247 -264 247 -5 0 -124 -111 -265 -247z M1978 1814 l-238 -235 0 -140 c0 -79 4 -139 9 -139 5 0 150 136 321 302 l311 302 -73 73 c-40 40 -77 73 -83 73 -5 0 -117 -106 -247 -236z M69 1273 l-74 -75 255 -249 c140 -137 258 -249 263 -249 4 0 7 65 7 144 l0 143 -188 181 -189 181 -74 -76z"/></g></svg>
  <svg x='469' y='546'><g transform="translate(-0.0476480274918,30.7516384396) scale(0.00989475189514,-0.00987200030311)"><path class="sym-line" fill="black" d="M1160 2670 c0 -236 3 -430 7 -430 4 0 29 21 55 47 l48 47 48 -47 c26 -26 51 -47 55 -47 4 0 7 194 7 430 l0 430 -110 0 -110 0 0 -430z M453 2653 c-46 -26 -83 -50 -83 -55 0 -9 407 -698 421 -713 9 -9 159 130 159 147 0 16 -395 668 -405 668 -5 0 -47 -21 -92 -47z M1779 2358 c-112 -188 -205 -346 -207 -352 -1 -6 33 -44 77 -84 l80 -72 132 222 c72 123 172 290 220 372 49 82 89 152 89 155 0 8 -164 101 -178 101 -5 0 -101 -154 -213 -342z M1003 1952 l-253 -248 0 -852 0 -852 520 0 520 0 0 853 -1 852 -255 248 c-141 136 -261 247 -267 246 -7 0 -126 -111 -264 -247z M92 1977 l-72 -73 311 -302 c172 -166 316 -302 321 -302 4 0 8 63 8 141 l0 141 -236 231 c-130 128 -242 233 -248 235 -6 1 -44 -30 -84 -71z M2067 1167 l-187 -182 0 -142 c0 -79 4 -143 8 -143 4 0 122 112 262 249 l255 249 -75 75 -75 75 -188 -181z"/></g></svg>
  <svg x='490' y='533'><g transform="translate(0.179499103211,5.7484375) scale(0.00980544418547,-0.00933333333333)"><path class="sym-line" fill="black" d="M4 569 c22 -111 99 -242 206 -349 151 -151 320 -220 539 -220 137 0 216 17 324 67 l77 36 78 -36 c107 -50 186 -67 323 -67 219 0 388 69 539 220 107 107 184 238 206 349 l6 31 -60 0 -61 0 -42 -82 c-54 -104 -163 -218 -264 -274 -151 -84 -336 -107 -495 -63 -40 11 -77 22 -82 25 -4 3 11 27 34 55 76 88 147 221 165 311 l6 28 -61 0 -61 0 -43 -82 c-46 -88 -158 -218 -188 -218 -30 0 -142 130 -188 218 l-43 82 -61 0 -60 0 5 -28 c18 -90 89 -223 165 -311 23 -28 38 -52 34 -55 -5 -3 -42 -14 -82 -25 -159 -44 -344 -21 -495 63 -101 56 -210 170 -264 274 l-42 82 -61 0 -61 0 7 -31z"/></g></svg>
</svg>