<svg version='1.1' xmlns='http://www.w3.org/2000/svg' width='63' height='86' viewBox='469 457 63 86'>
  <text font-size='0'>M532x543S14c09488x483S10050501x513S26500469x474S26500493x466S26500518x472S2f900470x464S2f900495x457S2f900520x463</text>
  <svg x='488' y='483'><g transform="translate(0.181461873816,26.8092542006) scale(0.00988948653769,-0.00997446889367)"><path class="sym-fill" fill="white" d="M727 1154 l-458 -476 52 -56 c85 -92 330 -342 334 -342 2 0 209 213 460 472 l455 473 0 202 0 203 -192 0 -193 0 -458 -476z"/><path class="sym-line" fill="black" d="M1440 2668 c0 -6 -48 -197 -107 -425 l-106 -413 -61 0 -61 -1 -260 -271 -260 -271 -3 302 -2 301 -95 0 -95 0 0 -402 0 -403 -196 -203 -197 -203 30 -32 c165 -178 620 -642 628 -642 5 0 185 181 399 403 l388 402 459 0 459 0 0 100 0 100 -361 0 -361 0 61 65 61 66 0 64 0 64 38 11 c319 87 784 218 787 221 5 6 -36 172 -45 182 -6 7 -568 -140 -762 -199 -16 -5 -18 4 -18 97 l0 101 262 272 c144 149 291 301 326 338 l65 66 -63 71 c-35 39 -66 71 -70 71 -5 0 -153 -151 -330 -335 l-323 -335 -99 0 c-90 0 -99 2 -94 18 15 49 196 770 196 779 0 5 -37 20 -82 32 -95 24 -108 26 -108 9z m140 -1238 l0 -200 -462 -480 -463 -480 -192 197 c-106 109 -191 203 -190 210 1 7 206 224 455 483 l453 470 200 0 199 0 0 -200z"/></g></svg>
  <svg x='501' y='513'><g transform="translate(0.0,30.0) scale(0.01,-0.01)"><path class="sym-line" fill="black" d="M0 2250 l0 -750 100 0 100 0 0 750 0 750 -100 0 -100 0 0 -750z M0 650 l0 -650 750 0 750 0 0 650 0 650 -750 0 -750 0 0 -650z"/></g></svg>
  <svg x='469' y='474'><g transform="translate(0.199517282911,14.7505211307) scale(0.00964541675618,-0.00973472242044)"><path class="sym-line" fill="black" d="M345 1150 l-350 -350 303 0 302 0 0 -400 0 -400 100 0 100 0 0 400 0 400 302 0 303 0 -350 350 c-192 193 -352 350 -355 350 -3 0 -163 -157 -355 -350z"/></g></svg>
  <svg x='493' y='466'><g transform="translate(0.199517282911,14.7505211307) scale(0.00964541675618,-0.00973472242044)"><path class="sym-line" fill="black" d="M345 1150 l-350 -350 303 0 302 0 0 -400 0 -400 100 0 100 0 0 400 0 400 302 0 303 0 -350 350 c-192 193 -352 350 -355 350 -3 0 -163 -157 -355 -350z"/></g></svg>
  <svg x='518' y='472'><g transform="translate(0.199517282911,14.7505211307) scale(0.00964541675618,-0.00973472242044)"><path class="sym-line" fill="black" d="M345 1150 l-350 -350 303 0 302 0 0 -400 0 -400 100 0 100 0 0 400 0 400 302 0 303 0 -350 350 c-192 193 -352 350 -355 350 -3 0 -163 -157 -355 -350z"/></g></svg>
  <svg x='470' y='464'><g transform="translate(0.180786096011,4.75000053092) scale(0.00958087152387,-0.00920312606184)"><path class="sym-line" fill="black" d="M245 488 c-55 -20 -116 -69 -150 -121 -45 -68 -84 -193 -92 -289 l-6 -78 107 0 106 0 0 40 c0 57 36 145 71 175 37 30 91 33 131 7 15 -10 53 -49 85 -87 82 -98 136 -129 231 -134 87 -4 139 9 200 51 86 59 157 215 169 371 l6 77 -107 0 -106 0 0 -40 c0 -57 -36 -145 -71 -175 -37 -30 -91 -33 -131 -7 -15 10 -53 49 -85 87 -32 38 -81 83 -107 100 -44 27 -59 30 -135 32 -47 1 -99 -3 -116 -9z"/></g></svg>
  <svg x='495' y='457'><g transform="translate(0.180786096011,4.75000053092) scale(0.00958087152387,-0.00920312606184)"><path class="sym-line" fill="black" d="M245 488 c-55 -20 -116 -69 -150 -121 -45 -68 -84 -193 -92 -289 l-6 -78 107 0 106 0 0 40 c0 57 36 145 71 175 37 30 91 33 131 7 15 -10 53 -49 85 -87 82 -98 136 -129 231 -134 87 -4 139 9 200 51 86 59 157 215 169 371 l6 77 -107 0 -106 0 0 -40 c0 -57 -36 -145 -71 -175 -37 -30 -91 -33 -131 -7 -15 10 -53 49 -85 87 -32 38 -81 83 -107 100 -44 27 -59 30 -135 32 -47 1 -99 -3 -116 -9z"/></g></svg>
  <svg x='520' y='463'><g transform="translate(0.180786096011,4.75000053092) scale(0.00958087152387,-0.00920312606184)"><path class="sym-line" fill="black" d="M245 488 c-55 -20 -116 -69 -150 -121 -45 -68 -84 -193 -92 -289 l-6 -78 107 0 106 0 0 40 c0 57 36 145 71 175 37 30 91 33 131 7 15 -10 53 -49 85 -87 82 -98 136 -129 231 -134 87 -4 139 9 200 51 86 59 157 215 169 371 l6 77 -107 0 -106 0 0 -40 c0 -57 -36 -145 -71 -175 -37 -30 -91 -33 -131 -7 -15 10 -53 49 -85 87 -32 38 -81 83 -107 100 -44 27 -59 30 -135 32 -47 1 -99 -3 -116 -9z"/></g></svg>
</svg>