<svg version='1.1' xmlns='http://www.w3.org/2000/svg' width='50' height='92' viewBox='482 471 50 92'>
  <text font-size='0'>M532x563S2ff10482x501S11200513x523S26504495x548S2f700513x548S35c14494x491S35c10494x512S2ff00482x471S30a30488x476</text>
  <svg x='482' y='501'><g transform="translate(0.161768798498,28.7483836208) scale(0.00988693497871,-0.00986205038648)"><path class="sym-line" fill="black" d="M389 2842 c-170 -211 -296 -471 -353 -727 -57 -258 -48 -567 23 -825 118 -427 407 -801 801 -1037 281 -168 596 -253 940 -253 451 0 864 150 1193 434 326 281 517 620 591 1051 20 114 21 396 2 520 -46 300 -166 571 -360 817 -33 43 -65 78 -70 78 -12 0 -116 -89 -116 -99 0 -4 23 -37 52 -72 183 -228 299 -501 339 -797 16 -125 6 -357 -21 -487 -81 -386 -300 -727 -617 -961 -190 -141 -417 -243 -658 -294 -142 -31 -430 -39 -575 -16 -419 67 -771 262 -1028 570 -449 539 -494 1272 -115 1855 30 47 75 109 99 138 24 28 44 56 44 61 0 13 -101 102 -115 101 -5 0 -31 -26 -56 -57z"/></g></svg>
  <svg x='513' y='523'><g transform="translate(0.0,23.0) scale(0.01,-0.01)"><path class="sym-fill" fill="white" d="M200 750 l0 -550 550 0 550 0 0 550 0 550 -550 0 -550 0 0 -550z"/><path class="sym-line" fill="black" d="M674 2276 c-112 -52 -174 -151 -174 -276 0 -89 27 -156 85 -215 43 -42 126 -85 167 -85 24 0 34 -12 83 -94 30 -52 55 -97 55 -100 0 -3 -200 -6 -445 -6 l-445 0 0 -750 0 -750 750 0 750 0 0 744 0 744 60 104 60 105 54 12 c136 30 225 145 226 291 0 175 -124 300 -300 300 -89 0 -156 -27 -215 -85 -112 -113 -116 -302 -7 -426 l31 -35 -73 -125 -72 -124 -61 -3 -61 -3 -71 124 c-39 69 -71 128 -71 132 0 4 12 21 27 39 76 90 97 230 49 332 -52 112 -151 174 -276 174 -58 0 -87 -6 -126 -24z m626 -1526 l0 -550 -550 0 -550 0 0 550 0 550 550 0 550 0 0 -550z"/></g></svg>
  <svg x='495' y='548'><g transform="translate(0.199517282911,14.7025292494) scale(0.00964541675618,-0.00970272783292)"><path class="sym-line" fill="black" d="M600 1100 l0 -400 -302 0 -303 0 353 -352 352 -353 352 353 353 352 -303 0 -302 0 0 400 0 400 -100 0 -100 0 0 -400z"/></g></svg>
  <svg x='513' y='548'><g transform="translate(0.0,7.0) scale(0.01,-0.01)"><path class="sym-line" fill="black" d="M463 432 l-463 -267 0 -82 0 -83 600 0 600 0 0 100 0 100 -355 2 -355 3 355 205 355 204 0 43 0 43 -137 0 -138 -1 -462 -267z"/></g></svg>
  <svg x='494' y='491'><g transform="translate(-0.333932286024,9.74310845703) scale(0.0105558884398,-0.00958637373875)"><path class="sym-line" fill="black" d="M352 975 c-188 -69 -306 -253 -306 -475 0 -173 67 -317 191 -411 202 -154 484 -105 630 109 118 174 118 430 0 604 -116 170 -331 242 -515 173z m-87 -345 c148 -118 164 -154 165 -362 l0 -158 -56 25 c-142 63 -226 196 -228 360 0 82 25 185 46 185 6 0 39 -23 73 -50z m571 -2 c26 -75 23 -196 -5 -270 -42 -109 -107 -179 -205 -223 l-56 -25 0 158 c0 148 2 161 25 208 13 27 44 68 67 91 56 54 130 112 145 112 6 1 19 -23 29 -51z"/></g></svg>
  <svg x='494' y='512'><g transform="translate(-0.333932286024,9.74310845703) scale(0.0105558884398,-0.00958637373875)"><path class="sym-line" fill="black" d="M352 975 c-188 -69 -306 -253 -306 -475 0 -173 67 -317 191 -411 202 -154 484 -105 630 109 118 174 118 430 0 604 -116 170 -331 242 -515 173z m60 -438 c-11 -24 -34 -60 -51 -80 -38 -43 -154 -137 -169 -137 -12 0 -38 77 -47 141 -15 102 39 253 116 329 24 23 71 55 104 70 l60 28 3 -154 c2 -134 0 -161 -16 -197z m307 272 c85 -74 133 -183 135 -304 0 -81 -25 -185 -46 -185 -15 0 -120 84 -162 130 -68 75 -76 104 -76 282 l0 158 56 -25 c31 -14 73 -39 93 -56z"/></g></svg>
  <svg x='482' y='471'><g transform="translate(0.149874875465,34.7500790925) scale(0.00988906872676,-0.00988956850125)"><path class="sym-line" fill="black" d="M1528 3484 c-592 -92 -1088 -447 -1348 -963 -125 -249 -180 -485 -180 -771 0 -480 183 -911 529 -1242 350 -336 780 -508 1271 -508 451 0 864 150 1193 434 326 281 517 620 591 1051 21 121 21 409 0 530 -43 252 -114 444 -237 639 -282 453 -741 750 -1284 831 -127 19 -413 18 -535 -1z m607 -173 c583 -126 1038 -523 1224 -1069 59 -173 75 -277 75 -492 0 -165 -3 -211 -22 -300 -71 -327 -228 -611 -458 -829 -186 -177 -381 -295 -614 -374 -176 -60 -282 -78 -490 -84 -247 -7 -416 19 -628 97 -549 201 -944 674 -1043 1250 -17 97 -17 383 0 480 99 576 495 1050 1043 1250 105 38 177 58 303 81 143 26 467 21 610 -10z"/></g></svg>
  <svg x='488' y='476'><g transform="translate(0.187779411272,9.70210126134) scale(0.00979223377686,-0.00955366376134)"><path class="sym-line" fill="black" d="M345 650 l-349 -350 39 -40 39 -40 353 352 353 353 -37 37 c-20 21 -40 38 -43 38 -3 0 -162 -157 -355 -350z M1557 962 l-37 -37 353 -353 353 -352 39 40 39 40 -349 350 c-193 193 -352 350 -355 350 -3 0 -23 -17 -43 -38z M572 427 l-352 -353 40 -39 40 -40 353 353 352 352 -40 40 -40 40 -353 -353z M1335 740 l-40 -40 353 -353 352 -352 40 40 40 40 -353 353 -353 352 -39 -40z"/></g></svg>
</svg>