<svg version='1.1' xmlns='http://www.w3.org/2000/svg' width='60' height='75' viewBox='472 482 60 75'>
  <text font-size='0'>M532x557S20303476x520S20305505x519S3770b489x534S37713491x535S20500522x536S20500472x537S30a00482x482S33e00482x482</text>
  <svg x='476' y='520'><g transform="translate(0.151481913954,20.7060077739) scale(0.00980871680229,-0.00983291001503)"><path class="sym-fill" fill="white" d="M667 1422 l-377 -377 380 -380 380 -380 380 380 380 380 -377 377 c-208 208 -380 378 -383 378 -3 0 -175 -170 -383 -378z"/><path class="sym-line" fill="black" d="M522 1567 l-522 -522 525 -525 525 -525 525 525 525 525 -522 522 c-288 288 -525 523 -528 523 -3 0 -240 -235 -528 -523z m910 -134 c208 -208 378 -382 378 -388 0 -6 -171 -181 -380 -390 l-380 -380 -385 385 -385 385 382 382 c211 211 385 383 388 383 3 0 175 -170 382 -377z"/></g></svg>
  <svg x='505' y='519'><g transform="translate(0.0997015518904,20.7485491077) scale(0.00981057662724,-0.00980957695607)"><path class="sym-fill" fill="white" d="M675 1430 l-380 -380 380 -380 380 -380 380 380 380 380 -380 380 -380 380 -380 -380z"/><path class="sym-line" fill="black" d="M530 1575 l-525 -525 525 -525 525 -525 525 525 525 525 -525 525 -525 525 -525 -525z m915 -905 c-209 -209 -384 -380 -390 -380 -6 0 -181 171 -390 380 l-380 380 385 385 385 385 385 -385 385 -385 -380 -380z"/></g></svg>
  <svg x='489' y='534'><g transform="translate(-0.981442752515,22.333772324) scale(0.0107782670044,-0.0103182059236)"><path class="sym-line" fill="black" d="M1024 1185 c-505 -531 -919 -971 -919 -979 0 -7 31 -46 69 -86 51 -55 72 -71 83 -64 8 5 428 443 933 973 l919 965 -72 75 c-39 42 -76 77 -82 79 -6 1 -425 -432 -931 -963z"/></g></svg>
  <svg x='491' y='535'><g transform="translate(-0.661073667604,22.5761143013) scale(0.0105463059735,-0.0105677089589)"><path class="sym-line" fill="black" d="M251 1948 l-174 -170 851 -851 852 -852 172 173 173 172 -850 849 -850 850 -174 -171z"/></g></svg>
  <svg x='522' y='536'><g transform="translate(-0.221878406359,10.7500002304) scale(0.0103429235226,-0.00963778430032)"><path class="sym-line" fill="black" d="M430 895 l0 -205 -37 23 c-21 13 -95 61 -165 105 l-128 82 -36 -71 c-19 -40 -32 -75 -27 -79 4 -3 74 -48 156 -99 81 -51 147 -97 147 -101 0 -4 -66 -50 -147 -101 -82 -51 -152 -96 -156 -99 -5 -4 8 -39 27 -79 l36 -71 128 82 c70 44 144 92 165 105 l37 23 0 -205 0 -205 70 0 70 0 0 205 0 205 38 -23 c20 -13 94 -61 164 -105 l128 -82 36 71 c19 40 32 75 27 79 -4 3 -74 48 -155 99 -82 51 -148 97 -148 101 0 4 66 50 148 101 81 51 151 96 155 99 5 4 -8 39 -27 79 l-36 71 -128 -82 c-70 -44 -144 -92 -164 -105 l-38 -23 0 205 0 205 -70 0 -70 0 0 -205z"/></g></svg>
  <svg x='472' y='537'><g transform="translate(-0.221878406359,10.7500002304) scale(0.0103429235226,-0.00963778430032)"><path class="sym-line" fill="black" d="M430 895 l0 -205 -37 23 c-21 13 -95 61 -165 105 l-128 82 -36 -71 c-19 -40 -32 -75 -27 -79 4 -3 74 -48 156 -99 81 -51 147 -97 147 -101 0 -4 -66 -50 -147 -101 -82 -51 -152 -96 -156 -99 -5 -4 8 -39 27 -79 l36 -71 128 82 c70 44 144 92 165 105 l37 23 0 -205 0 -205 70 0 70 0 0 205 0 205 38 -23 c20 -13 94 -61 164 -105 l128 -82 36 71 c19 40 32 75 27 79 -4 3 -74 48 -155 99 -82 51 -148 97 -148 101 0 4 66 50 148 101 81 51 151 96 155 99 5 4 -8 39 -27 79 l-36 71 -128 -82 c-70 -44 -144 -92 -164 -105 l-38 -23 0 205 0 205 -70 0 -70 0 0 -205z"/></g></svg>
  <svg x='482' y='482'><g transform="translate(0.149874875465,34.7500790925) scale(0.00988906872676,-0.00988956850125)"><path class="sym-line" fill="black" d="M1528 3484 c-592 -92 -1088 -447 -1348 -963 -125 -249 -180 -485 -180 -771 0 -480 183 -911 529 -1242 350 -336 780 -508 1271 -508 451 0 864 150 1193 434 326 281 517 620 591 1051 21 121 21 409 0 530 -43 252 -114 444 -237 639 -282 453 -741 750 -1284 831 -127 19 -413 18 -535 -1z m607 -173 c583 -126 1038 -523 1224 -1069 59 -173 75 -277 75 -492 0 -165 -3 -211 -22 -300 -71 -327 -228 -611 -458 -829 -186 -177 -381 -295 -614 -374 -176 -60 -282 -78 -490 -84 -247 -7 -416 19 -628 97 -549 201 -944 674 -1043 1250 -17 97 -17 383 0 480 99 576 495 1050 1043 1250 105 38 177 58 303 81 143 26 467 21 610 -10z M1170 2747 c-85 -84 -247 -242 -359 -351 l-204 -199 42 -40 43 -39 141 139 c78 76 242 236 364 354 l222 216 -37 36 c-21 21 -42 37 -47 37 -6 0 -80 -69 -165 -153z M2222 2867 c-18 -18 -32 -36 -32 -39 0 -4 89 -94 198 -200 108 -106 270 -265 360 -353 l162 -159 42 41 42 42 -235 228 c-129 125 -290 283 -359 350 -69 68 -130 123 -136 123 -6 0 -24 -15 -42 -33z M1211 2330 c-198 -194 -361 -355 -361 -359 0 -13 68 -73 79 -70 13 5 721 690 721 699 0 3 -17 23 -39 44 l-38 37 -362 -351z M1987 2642 c-20 -21 -37 -40 -37 -43 0 -7 710 -693 722 -698 12 -4 78 59 77 73 -1 10 -703 698 -718 704 -4 1 -23 -15 -44 -36z"/></g></svg>
  <svg x='482' y='482'><g transform="translate(0.149874875465,34.7500790925) scale(0.00988906872676,-0.00988956850125)"><path class="sym-line" fill="black" d="M1528 3484 c-592 -92 -1088 -447 -1348 -963 -125 -249 -180 -485 -180 -771 0 -480 183 -911 529 -1242 350 -336 780 -508 1271 -508 451 0 864 150 1193 434 326 281 517 620 591 1051 21 121 21 409 0 530 -43 252 -114 444 -237 639 -282 453 -741 750 -1284 831 -127 19 -413 18 -535 -1z m607 -173 c583 -126 1038 -523 1224 -1069 59 -173 75 -277 75 -492 0 -165 -3 -211 -22 -300 -71 -327 -228 -611 -458 -829 -186 -177 -381 -295 -614 -374 -176 -60 -282 -78 -490 -84 -247 -7 -416 19 -628 97 -549 201 -944 674 -1043 1250 -17 97 -17 383 0 480 99 576 495 1050 1043 1250 105 38 177 58 303 81 143 26 467 21 610 -10z M1087 1105 l-67 -55 51 -65 c119 -151 277 -272 440 -335 131 -50 318 -65 459 -35 202 42 408 179 562 372 44 56 48 66 35 76 -8 7 -41 32 -73 57 -31 25 -59 40 -61 35 -12 -37 -94 -143 -156 -202 -133 -126 -264 -183 -440 -191 -117 -5 -193 6 -290 44 -128 50 -275 176 -348 298 -19 31 -36 56 -39 56 -4 0 -36 -25 -73 -55z"/></g></svg>
</svg>