<svg version='1.1' xmlns='http://www.w3.org/2000/svg' width='66' height='119' viewBox='467 441 66 119'>
  <text font-size='0'>M533x560S20500467x538S10000506x493S2fb04494x478S22a14477x467S37700513x522S15a1a498x548S19a30505x441S19a38470x441S22a04512x467S37806467x552S22b03477x514</text>
  <svg x='467' y='538'><g transform="translate(-0.221878406359,10.7500002304) scale(0.0103429235226,-0.00963778430032)"><path class="sym-line" fill="black" d="M430 895 l0 -205 -37 23 c-21 13 -95 61 -165 105 l-128 82 -36 -71 c-19 -40 -32 -75 -27 -79 4 -3 74 -48 156 -99 81 -51 147 -97 147 -101 0 -4 -66 -50 -147 -101 -82 -51 -152 -96 -156 -99 -5 -4 8 -39 27 -79 l36 -71 128 82 c70 44 144 92 165 105 l37 23 0 -205 0 -205 70 0 70 0 0 205 0 205 38 -23 c20 -13 94 -61 164 -105 l128 -82 36 71 c19 40 32 75 27 79 -4 3 -74 48 -155 99 -82 51 -148 97 -148 101 0 4 66 50 148 101 81 51 151 96 155 99 5 4 -8 39 -27 79 l-36 71 -128 -82 c-70 -44 -144 -92 -164 -105 l-38 -23 0 205 0 205 -70 0 -70 0 0 -205z"/></g></svg>
  <svg x='506' y='493'><g transform="translate(0.0,30.0) scale(0.01,-0.01)"><path class="sym-fill" fill="white" d="M200 750 l0 -550 550 0 550 0 0 550 0 550 -550 0 -550 0 0 -550z"/><path class="sym-line" fill="black" d="M1300 2250 l0 -750 -650 0 -650 0 0 -750 0 -750 750 0 750 0 0 1500 0 1500 -100 0 -100 0 0 -750z m0 -1500 l0 -550 -550 0 -550 0 0 550 0 550 550 0 550 0 0 -550z"/></g></svg>
  <svg x='494' y='478'><g transform="translate(0.178125321737,5.7484375) scale(0.00969593203301,-0.00933333333333)"><path class="sym-line" fill="black" d="M4 569 c22 -111 99 -242 206 -349 151 -151 320 -220 540 -220 220 0 389 69 540 220 107 107 184 238 206 349 l7 31 -61 0 -61 0 -42 -82 c-54 -104 -163 -218 -264 -274 -154 -85 -340 -108 -501 -61 -176 51 -331 177 -413 335 l-42 82 -61 0 -61 0 7 -31z"/></g></svg>
  <svg x='477' y='467'><g transform="translate(0.043463926586,14.7505211307) scale(0.00985915292844,-0.00973472242044)"><path class="sym-fill" fill="white" d="M510 1100 l0 -400 140 0 140 0 0 400 0 400 -140 0 -140 0 0 -400z M277 557 c144 -163 368 -407 373 -407 5 0 229 244 373 407 l39 43 -412 0 -412 0 39 -43z"/><path class="sym-line" fill="black" d="M330 1100 l0 -400 -159 -2 -160 -3 315 -347 c174 -192 319 -348 324 -348 5 0 150 156 324 348 l315 347 -160 3 -159 2 0 400 0 400 -90 0 -90 0 0 -400 0 -400 -140 0 -140 0 0 400 0 400 -90 0 -90 0 0 -400z m714 -522 c-82 -96 -388 -428 -394 -428 -6 0 -312 332 -394 428 l-19 22 413 0 413 0 -19 -22z"/></g></svg>
  <svg x='513' y='522'><g transform="translate(0.0,25.0) scale(0.01,-0.01)"><path class="sym-line" fill="black" d="M0 1250 l0 -1250 100 0 100 0 0 1250 0 1250 -100 0 -100 0 0 -1250z"/></g></svg>
  <svg x='498' y='548'><g transform="translate(0.150976194493,11.7516936221) scale(0.00983400277537,-0.00966938010173)"><path class="sym-fill" fill="white" d="M200 400 l0 -200 908 0 907 0 200 200 200 200 -1108 0 -1107 0 0 -200z"/><path class="sym-line" fill="black" d="M0 600 l0 -600 1053 0 1052 0 300 300 300 300 -300 300 -300 300 -1052 0 -1053 0 0 -600z m2225 -200 l-200 -200 -912 0 -913 0 0 200 0 200 1112 0 1113 0 -200 -200z"/></g></svg>
  <svg x='505' y='441'><g transform="translate(0.150450237572,19.7571138629) scale(0.00986030062142,-0.00989909330674)"><path class="sym-fill" fill="white" d="M760 630 l0 -430 590 0 590 0 0 430 0 430 -590 0 -590 0 0 -430z"/><path class="sym-line" fill="black" d="M72 1912 c-40 -37 -72 -70 -72 -74 0 -4 95 -93 212 -198 l211 -190 161 0 c99 0 156 4 151 9 -42 41 -581 521 -585 521 -3 -1 -38 -31 -78 -68z M530 630 l0 -630 815 0 815 0 0 630 0 630 -815 0 -815 0 0 -630z m1410 0 l0 -440 -595 0 -595 0 0 433 c0 239 3 437 7 440 3 4 271 7 595 7 l588 0 0 -440z M2453 937 l-193 -172 0 -144 0 -144 30 24 c79 64 509 455 509 465 1 9 -142 145 -151 144 -2 -1 -90 -78 -195 -173z"/></g></svg>
  <svg x='470' y='441'><g transform="translate(0.13854150352,19.7571138629) scale(0.00986169607862,-0.00989909330674)"><path class="sym-fill" fill="white" d="M860 630 l0 -430 590 0 590 0 0 430 0 430 -590 0 -590 0 0 -430z"/><path class="sym-line" fill="black" d="M2360 1724 c-157 -141 -289 -260 -294 -265 -6 -5 54 -9 151 -9 l161 0 211 190 c116 105 211 195 211 199 0 8 -143 141 -152 141 -2 0 -132 -115 -288 -256z M640 630 l0 -630 815 0 815 0 0 630 0 630 -815 0 -815 0 0 -630z m1408 -2 l2 -438 -595 0 -595 0 0 440 0 440 593 -2 592 -3 3 -437z M72 1042 c-40 -37 -72 -71 -71 -77 0 -9 434 -404 509 -464 l30 -24 0 144 0 144 -191 170 c-104 94 -193 171 -197 172 -4 1 -40 -28 -80 -65z"/></g></svg>
  <svg x='512' y='467'><g transform="translate(0.043463926586,14.7505211307) scale(0.00985915292844,-0.00973472242044)"><path class="sym-fill" fill="white" d="M510 1100 l0 -400 140 0 140 0 0 400 0 400 -140 0 -140 0 0 -400z"/><path class="sym-line" fill="black" d="M330 1100 l0 -400 -159 -2 -160 -3 315 -347 c174 -192 319 -348 324 -348 5 0 150 156 324 348 l315 347 -160 3 -159 2 0 400 0 400 -90 0 -90 0 0 -400 0 -400 -140 0 -140 0 0 400 0 400 -90 0 -90 0 0 -400z"/></g></svg>
  <svg x='467' y='552'><g transform="translate(0.0,2.0) scale(0.01,-0.01)"><path class="sym-line" fill="black" d="M0 100 l0 -100 1600 0 1600 0 0 100 0 100 -1600 0 -1600 0 0 -100z"/></g></svg>
  <svg x='477' y='514'><g transform="translate(0.148922017325,24.0580861241) scale(0.00993671163373,-0.0100433737655)"><path class="sym-fill" fill="white" d="M1183 1473 l-764 -756 23 -22 c13 -12 76 -72 140 -135 l118 -113 485 479 c267 263 613 604 768 756 l282 276 -135 136 c-74 75 -139 136 -143 136 -5 0 -353 -341 -774 -757z"/><path class="sym-line" fill="black" d="M1250 1824 c-311 -306 -656 -647 -767 -758 l-203 -201 -140 140 -140 140 0 -558 0 -557 562 0 563 0 -138 138 -138 138 763 755 c420 415 763 758 763 763 0 4 -31 37 -70 71 l-70 63 -770 -759 -769 -760 -140 140 -140 140 495 487 c272 268 618 611 769 761 l275 273 -70 70 -70 70 -565 -556z"/></g></svg>
</svg>