<svg version='1.1' xmlns='http://www.w3.org/2000/svg' width='69' height='102' viewBox='465 449 69 102'>
  <text font-size='0'>M534x551S2ef00497x513S15a56473x539S20b00469x524S1f752479x505S15a56507x470S15a52470x449S37906465x475S20600467x463S22f04499x451</text>
  <svg x='497' y='513'><g transform="translate(0.152030030356,19.8011400963) scale(0.00978131098218,-0.00983432558958)"><path class="sym-fill" fill="white" d="M1129 1236 c-110 -39 -205 -166 -251 -334 -29 -108 -29 -296 0 -404 50 -184 164 -321 285 -343 l37 -7 0 551 c0 616 7 565 -71 537z"/><path class="sym-line" fill="black" d="M910 1976 c-107 -33 -126 -42 -202 -93 -60 -39 -204 -187 -361 -368 l-26 -30 -160 160 -161 160 0 -403 0 -402 371 0 c326 0 370 -2 365 -15 -43 -114 -47 -406 -6 -545 52 -179 171 -340 298 -402 62 -31 73 -33 172 -33 99 0 110 2 172 33 128 63 247 224 300 408 20 69 23 101 23 254 0 153 -3 185 -23 254 -53 184 -172 345 -300 408 -62 31 -73 33 -172 33 -99 0 -110 -2 -172 -33 -84 -41 -179 -140 -232 -241 l-38 -73 -144 143 c-79 79 -143 147 -142 151 10 24 306 331 351 362 169 117 385 117 555 0 30 -21 104 -94 165 -161 60 -68 113 -123 116 -123 13 0 143 138 140 148 -2 6 -57 69 -121 140 -135 150 -216 210 -347 256 -76 27 -101 31 -216 33 -113 3 -140 0 -205 -21z m290 -1276 l0 -550 -22 0 c-44 0 -123 47 -172 101 -206 228 -206 670 0 898 49 54 128 101 172 101 l22 0 0 -550z"/></g></svg>
  <svg x='473' y='539'><g transform="translate(0.150976194493,11.7516936221) scale(0.00983400277537,-0.00966938010173)"><path class="sym-fill" fill="white" d="M1400 600 l0 -600 150 0 150 0 0 600 0 600 -150 0 -150 0 0 -600z"/><path class="sym-line" fill="black" d="M0 600 l0 -600 700 0 700 0 0 600 0 600 -700 0 -700 0 0 -600z M1700 600 l0 -600 203 0 202 0 300 300 300 300 -300 300 -300 300 -202 0 -203 0 0 -600z"/></g></svg>
  <svg x='469' y='524'><g transform="translate(0.0,13.0) scale(0.01,-0.01)"><path class="sym-fill" fill="white" d="M500 650 l0 -150 150 0 150 0 0 150 0 150 -150 0 -150 0 0 -150z"/><path class="sym-line" fill="black" d="M300 1150 l0 -150 -150 0 -150 0 0 -100 0 -100 150 0 150 0 0 -150 0 -150 -150 0 -150 0 0 -100 0 -100 150 0 150 0 0 -150 0 -150 100 0 100 0 0 150 0 150 150 0 150 0 0 -150 0 -150 100 0 100 0 0 150 0 150 150 0 150 0 0 100 0 100 -150 0 -150 0 0 150 0 150 150 0 150 0 0 100 0 100 -150 0 -150 0 0 150 0 150 -100 0 -100 0 0 -150 0 -150 -150 0 -150 0 0 150 0 150 -100 0 -100 0 0 -150z m500 -500 l0 -150 -150 0 -150 0 0 150 0 150 150 0 150 0 0 -150z"/></g></svg>
  <svg x='479' y='505'><g transform="translate(0.149086073535,19.7680810383) scale(0.00973319632325,-0.00980982176916)"><path class="sym-fill" fill="white" d="M400 1250 l0 -750 150 0 150 0 0 750 0 750 -150 0 -150 0 0 -750z"/><path class="sym-line" fill="black" d="M0 1250 l0 -750 200 0 200 0 0 750 0 750 -200 0 -200 0 0 -750z M700 1250 l0 -750 191 -2 192 -3 -277 -159 c-152 -87 -276 -161 -276 -164 0 -2 21 -42 47 -88 31 -55 53 -83 63 -82 9 2 206 113 438 247 l422 244 0 753 0 754 -400 0 -400 0 0 -750z"/></g></svg>
  <svg x='507' y='470'><g transform="translate(0.150976194493,11.7516936221) scale(0.00983400277537,-0.00966938010173)"><path class="sym-fill" fill="white" d="M1400 600 l0 -600 150 0 150 0 0 600 0 600 -150 0 -150 0 0 -600z"/><path class="sym-line" fill="black" d="M0 600 l0 -600 700 0 700 0 0 600 0 600 -700 0 -700 0 0 -600z M1700 600 l0 -600 203 0 202 0 300 300 300 300 -300 300 -300 300 -202 0 -203 0 0 -600z"/></g></svg>
  <svg x='470' y='449'><g transform="translate(0.198694149149,11.7516936221) scale(0.00983400277537,-0.00966938010173)"><path class="sym-fill" fill="white" d="M1000 600 l0 -600 150 0 150 0 0 600 0 600 -150 0 -150 0 0 -600z"/><path class="sym-line" fill="black" d="M295 900 l-300 -300 300 -300 300 -300 202 0 203 0 0 600 0 600 -203 0 -202 0 -300 -300z M1300 600 l0 -600 700 0 700 0 0 600 0 600 -700 0 -700 0 0 -600z"/></g></svg>
  <svg x='465' y='475'><g transform="translate(0.0,2.0) scale(0.01,-0.01)"><path class="sym-line" fill="black" d="M0 100 l0 -100 2000 0 2000 0 0 100 0 100 -2000 0 -2000 0 0 -100z"/></g></svg>
  <svg x='467' y='463'><g transform="translate(-0.213271809649,10.7500002304) scale(0.0101476511593,-0.00963778430032)"><path class="sym-line" fill="black" d="M450 895 l0 -205 -172 105 -172 105 -39 -71 c-32 -57 -37 -73 -26 -80 8 -5 83 -50 167 -100 83 -50 152 -95 152 -99 0 -4 -69 -49 -152 -99 -84 -50 -159 -95 -167 -100 -11 -7 -6 -23 26 -80 l39 -71 172 105 172 105 0 -205 0 -205 75 0 75 0 2 204 3 204 155 -95 c85 -52 163 -99 172 -104 14 -7 23 2 52 58 20 37 36 70 36 74 0 4 -74 51 -165 105 -91 54 -165 101 -165 104 0 3 74 50 165 104 91 54 165 101 165 105 0 4 -16 37 -36 74 -29 56 -38 65 -52 58 -9 -5 -87 -52 -172 -104 l-155 -95 -3 204 -2 204 -75 0 -75 0 0 -205z M1600 895 l0 -204 -167 100 c-93 56 -171 103 -174 105 -4 2 -23 -28 -44 -67 -30 -57 -35 -73 -24 -80 8 -5 83 -50 166 -101 84 -51 153 -95 153 -98 0 -3 -69 -47 -153 -98 -83 -51 -158 -96 -166 -101 -11 -7 -6 -23 24 -80 21 -39 40 -69 44 -67 3 2 81 49 174 105 l167 100 0 -204 0 -205 75 0 75 0 0 205 0 204 168 -100 c92 -56 170 -103 173 -105 3 -1 23 29 43 68 31 56 36 72 25 79 -8 5 -83 50 -166 101 -84 51 -153 95 -153 98 0 3 69 47 153 98 83 51 158 96 166 101 11 7 6 23 -25 79 -20 39 -40 69 -43 68 -3 -2 -81 -49 -173 -105 l-168 -100 0 204 0 205 -75 0 -75 0 0 -205z"/></g></svg>
  <svg x='499' y='451'><g transform="translate(0.0309481176548,13.7520098667) scale(0.00993924845563,-0.00971683740478)"><path class="sym-fill" fill="white" d="M540 1050 l0 -350 140 0 140 0 0 350 0 350 -140 0 -140 0 0 -350z M1680 1050 l0 -350 140 0 140 0 0 350 0 350 -140 0 -140 0 0 -350z"/><path class="sym-line" fill="black" d="M340 1050 l0 -350 -164 -2 -164 -3 330 -347 c181 -192 333 -348 337 -348 5 0 91 87 192 193 100 105 227 238 281 294 l98 102 281 -295 c155 -162 286 -293 292 -291 6 2 158 158 337 348 l327 344 -163 3 -164 2 0 350 0 350 -100 0 -100 0 0 -350 0 -350 -145 0 -145 0 0 350 0 350 -95 0 -95 0 0 -350 0 -350 -230 0 -230 0 0 350 0 350 -95 0 -95 0 0 -350 0 -350 -145 0 -145 0 0 350 0 350 -100 0 -100 0 0 -350z"/></g></svg>
</svg>