<svg version='1.1' xmlns='http://www.w3.org/2000/svg' width='67' height='135' viewBox='467 433 67 135'>
  <text font-size='0'>M534x568S10019476x443S10011502x433S2e704508x466S2e748482x476S20414512x509S2041c472x514S22a04514x524S22a14474x530S14d14504x543S14d1c467x550S2fd04489x536</text>
  <svg x='476' y='443'><g transform="translate(0.0510391045243,29.9008597381) scale(0.00989444017531,-0.00992010945328)"><path class="sym-fill" fill="white" d="M1204 1296 c-54 -58 -213 -222 -351 -365 l-253 -259 193 -197 192 -198 353 363 352 362 -89 97 c-49 53 -136 142 -193 199 l-104 103 -100 -105z"/><path class="sym-line" fill="black" d="M1080 2109 c-476 -489 -911 -938 -968 -998 l-102 -108 480 -494 c264 -272 487 -494 495 -494 8 0 231 222 495 494 l481 495 -59 60 c-32 34 -221 228 -419 431 l-361 371 485 498 485 498 -68 69 c-38 38 -71 69 -74 68 -3 0 -394 -401 -870 -890z m424 -906 c103 -106 186 -197 184 -202 -7 -18 -692 -716 -703 -716 -7 0 -97 87 -200 193 l-187 192 48 53 c126 136 659 677 664 675 4 -2 91 -90 194 -195z"/></g></svg>
  <svg x='502' y='433'><g transform="translate(0.0827624000386,29.8972374025) scale(0.00988338120185,-0.00991626663417)"><path class="sym-fill" fill="white" d="M601 1204 l-191 -197 42 -46 c23 -25 182 -189 353 -365 l310 -318 193 197 193 198 -128 131 c-71 72 -230 236 -355 363 l-226 233 -191 -196z"/><path class="sym-line" fill="black" d="M76 2931 l-69 -69 486 -498 485 -498 -371 -381 c-204 -209 -393 -403 -419 -431 l-49 -51 481 -494 c264 -272 487 -494 495 -494 8 0 231 222 495 494 l481 494 -49 51 c-152 158 -1893 1946 -1895 1946 -2 0 -33 -31 -71 -69z m1020 -1838 c165 -170 324 -334 353 -365 l54 -58 -188 -192 c-104 -106 -194 -193 -200 -193 -12 0 -696 698 -703 716 -4 9 367 398 379 399 3 0 140 -138 305 -307z"/></g></svg>
  <svg x='508' y='466'><g transform="translate(0.149734255248,24.7534479855) scale(0.0097007872376,-0.00988628722284)"><path class="sym-line" fill="black" d="M345 2481 c-157 -72 -271 -271 -325 -565 -18 -101 -20 -153 -20 -666 0 -513 2 -565 20 -666 54 -294 168 -493 325 -565 34 -16 66 -19 205 -19 141 0 171 3 207 20 94 42 195 168 253 315 27 66 70 221 70 253 0 9 -47 12 -200 12 -110 0 -200 -2 -200 -4 0 -24 -44 -226 -59 -268 -118 -344 -294 -274 -381 151 -28 136 -40 372 -40 771 0 607 26 829 118 1018 39 80 84 122 132 122 86 0 162 -133 210 -369 20 -101 40 -355 40 -528 l0 -93 200 0 200 0 0 203 c0 160 -4 227 -20 313 -54 294 -168 493 -325 565 -59 27 -351 27 -410 0z M598 998 l302 -303 302 303 303 302 -605 0 -605 0 303 -302z"/></g></svg>
  <svg x='482' y='476'><g transform="translate(0.149365953647,24.738779916) scale(0.00971920231764,-0.00983613696638)"><path class="sym-fill" fill="white" d="M895 1350 l-150 -150 305 0 305 0 -150 150 c-82 83 -152 150 -155 150 -3 0 -73 -67 -155 -150z"/><path class="sym-line" fill="black" d="M345 2481 c-157 -72 -271 -271 -325 -565 -18 -101 -20 -153 -20 -666 0 -513 2 -565 20 -666 54 -294 168 -493 325 -565 59 -27 351 -27 410 0 208 96 345 425 345 828 l0 153 -100 0 -100 0 0 -42 c0 -24 -5 -119 -10 -211 -17 -297 -76 -508 -167 -602 -68 -70 -145 -37 -205 87 -92 189 -118 411 -118 1018 0 607 26 829 118 1018 132 271 314 70 364 -403 l12 -115 103 0 103 0 -6 58 c-34 316 -166 586 -326 666 -50 25 -60 26 -217 26 -140 0 -172 -3 -206 -19z M770 1375 l-275 -275 555 0 555 0 -275 275 c-151 151 -277 275 -280 275 -3 0 -129 -124 -280 -275z m435 -25 l150 -150 -305 0 -305 0 150 150 c82 83 152 150 155 150 3 0 73 -67 155 -150z"/></g></svg>
  <svg x='512' y='509'><g transform="translate(0.0,11.0) scale(0.01,-0.01)"><path class="sym-fill" fill="white" d="M200 385 l0 -165 550 0 550 0 0 165 0 165 -550 0 -550 0 0 -165z"/><path class="sym-line" fill="black" d="M0 550 l0 -550 750 0 750 0 0 550 0 550 -750 0 -750 0 0 -550z m1300 -165 l0 -165 -550 0 -550 0 0 165 0 165 550 0 550 0 0 -165z"/></g></svg>
  <svg x='472' y='514'><g transform="translate(0.0,11.0) scale(0.01,-0.01)"><path class="sym-fill" fill="white" d="M200 385 l0 -165 550 0 550 0 0 165 0 165 -550 0 -550 0 0 -165z"/><path class="sym-line" fill="black" d="M0 550 l0 -550 750 0 750 0 0 550 0 550 -750 0 -750 0 0 -550z m1300 -165 l0 -165 -550 0 -550 0 0 165 0 165 550 0 550 0 0 -165z"/></g></svg>
  <svg x='514' y='524'><g transform="translate(0.043463926586,14.7505211307) scale(0.00985915292844,-0.00973472242044)"><path class="sym-fill" fill="white" d="M510 1100 l0 -400 140 0 140 0 0 400 0 400 -140 0 -140 0 0 -400z"/><path class="sym-line" fill="black" d="M330 1100 l0 -400 -159 -2 -160 -3 315 -347 c174 -192 319 -348 324 -348 5 0 150 156 324 348 l315 347 -160 3 -159 2 0 400 0 400 -90 0 -90 0 0 -400 0 -400 -140 0 -140 0 0 400 0 400 -90 0 -90 0 0 -400z"/></g></svg>
  <svg x='474' y='530'><g transform="translate(0.043463926586,14.7505211307) scale(0.00985915292844,-0.00973472242044)"><path class="sym-fill" fill="white" d="M510 1100 l0 -400 140 0 140 0 0 400 0 400 -140 0 -140 0 0 -400z M277 557 c144 -163 368 -407 373 -407 5 0 229 244 373 407 l39 43 -412 0 -412 0 39 -43z"/><path class="sym-line" fill="black" d="M330 1100 l0 -400 -159 -2 -160 -3 315 -347 c174 -192 319 -348 324 -348 5 0 150 156 324 348 l315 347 -160 3 -159 2 0 400 0 400 -90 0 -90 0 0 -400 0 -400 -140 0 -140 0 0 400 0 400 -90 0 -90 0 0 -400z m714 -522 c-82 -96 -388 -428 -394 -428 -6 0 -312 332 -394 428 l-19 22 413 0 413 0 -19 -22z"/></g></svg>
  <svg x='504' y='543'><g transform="translate(0.0,18.0) scale(0.01,-0.01)"><path class="sym-fill" fill="white" d="M880 1250 l0 -150 805 0 805 0 0 150 0 150 -805 0 -805 0 0 -150z"/><path class="sym-line" fill="black" d="M670 1350 l0 -450 1015 0 1015 0 0 450 0 450 -1015 0 -1015 0 0 -450z m1830 -100 l0 -150 -815 0 -815 0 0 150 0 150 815 0 815 0 0 -150z M282 1222 c-155 -152 -282 -282 -282 -287 0 -6 32 -42 70 -80 l70 -69 78 74 c42 41 141 138 220 215 l142 140 0 142 c0 79 -3 143 -7 142 -5 0 -135 -125 -291 -277z M943 728 c-94 -344 -146 -549 -141 -553 9 -10 190 -57 195 -51 7 7 183 646 183 664 0 9 -28 12 -109 12 l-109 0 -19 -72z M1480 400 l0 -400 105 0 105 0 0 400 0 400 -105 0 -105 0 0 -400z M1991 768 c5 -18 46 -168 90 -333 45 -165 84 -303 88 -307 6 -7 187 35 198 46 3 3 -32 145 -78 315 l-83 311 -112 0 -113 0 10 -32z M2667 618 l183 -183 75 75 75 75 -107 107 -108 108 -150 0 -150 0 182 -182z"/></g></svg>
  <svg x='467' y='550'><g transform="translate(0.170191227531,17.751042052) scale(0.00986317540074,-0.00977922475114)"><path class="sym-fill" fill="white" d="M510 1250 l0 -150 805 0 805 0 0 150 0 150 -805 0 -805 0 0 -150z"/><path class="sym-line" fill="black" d="M300 1350 l0 -450 1015 0 1015 0 0 450 0 450 -1015 0 -1015 0 0 -450z m1830 -100 l0 -150 -815 0 -815 0 0 150 0 150 815 0 815 0 0 -150z M2420 1356 l0 -143 215 -212 c118 -116 218 -211 222 -211 15 0 146 137 142 148 -5 13 -565 562 -573 562 -3 0 -6 -65 -6 -144z M106 693 l-108 -105 76 -77 76 -76 182 183 183 182 -150 0 -150 -1 -109 -106z M710 490 c-45 -171 -81 -313 -78 -316 10 -9 191 -54 197 -48 3 3 47 156 97 340 l91 334 -112 0 -112 0 -83 -310z M1310 400 l0 -400 105 0 105 0 0 400 0 400 -105 0 -105 0 0 -400z M1820 789 c0 -20 173 -653 180 -662 7 -8 186 36 198 48 5 5 2 17 -100 398 l-61 227 -108 0 c-75 0 -109 -4 -109 -11z"/></g></svg>
  <svg x='489' y='536'><g transform="translate(0.179499103211,5.7484375) scale(0.00980544418547,-0.00933333333333)"><path class="sym-line" fill="black" d="M4 569 c22 -111 99 -242 206 -349 151 -151 320 -220 539 -220 137 0 216 17 324 67 l77 36 78 -36 c107 -50 186 -67 323 -67 219 0 388 69 539 220 107 107 184 238 206 349 l6 31 -60 0 -61 0 -42 -82 c-54 -104 -163 -218 -264 -274 -151 -84 -336 -107 -495 -63 -40 11 -77 22 -82 25 -4 3 11 27 34 55 76 88 147 221 165 311 l6 28 -61 0 -61 0 -43 -82 c-46 -88 -158 -218 -188 -218 -30 0 -142 130 -188 218 l-43 82 -61 0 -60 0 5 -28 c18 -90 89 -223 165 -311 23 -28 38 -52 34 -55 -5 -3 -42 -14 -82 -25 -159 -44 -344 -21 -495 63 -101 56 -210 170 -264 274 l-42 82 -61 0 -61 0 7 -31z"/></g></svg>
</svg>