<svg version='1.1' xmlns='http://www.w3.org/2000/svg' width='68' height='117' viewBox='466 442 68 117'>
  <text font-size='0'>M534x559S15a37477x459S20500493x475S22a04504x472S15a41492x442S10c10505x501S10c18471x501S24402501x526S2441a466x526</text>
  <svg x='477' y='459'><g transform="translate(-0.000223836172357,22.7560476437) scale(0.00989189550009,-0.00991168243272)"><path class="sym-fill" fill="white" d="M1438 1973 l-108 -108 -68 68 -67 67 -103 -103 -102 -102 67 -68 68 -67 -413 -413 -412 -412 275 -275 275 -275 413 413 412 412 68 -67 67 -68 102 102 103 103 -68 68 -67 67 110 110 110 110 0 272 0 273 -278 0 -277 0 -107 -107z"/><path class="sym-line" fill="black" d="M1327 2142 l-137 -137 70 -70 70 -70 113 113 113 112 269 -2 270 -3 3 -275 2 -274 -110 -111 -110 -110 70 -70 70 -70 140 140 140 140 0 412 0 413 -418 0 -417 0 -138 -138z M495 1310 l-480 -480 415 -415 415 -415 482 482 483 483 -70 70 -70 70 -413 -413 -412 -412 -275 275 -275 275 413 413 412 412 -68 68 c-37 37 -70 67 -72 67 -3 0 -221 -216 -485 -480z"/></g></svg>
  <svg x='493' y='475'><g transform="translate(-0.221878406359,10.7500002304) scale(0.0103429235226,-0.00963778430032)"><path class="sym-line" fill="black" d="M430 895 l0 -205 -37 23 c-21 13 -95 61 -165 105 l-128 82 -36 -71 c-19 -40 -32 -75 -27 -79 4 -3 74 -48 156 -99 81 -51 147 -97 147 -101 0 -4 -66 -50 -147 -101 -82 -51 -152 -96 -156 -99 -5 -4 8 -39 27 -79 l36 -71 128 82 c70 44 144 92 165 105 l37 23 0 -205 0 -205 70 0 70 0 0 205 0 205 38 -23 c20 -13 94 -61 164 -105 l128 -82 36 71 c19 40 32 75 27 79 -4 3 -74 48 -155 99 -82 51 -148 97 -148 101 0 4 66 50 148 101 81 51 151 96 155 99 5 4 -8 39 -27 79 l-36 71 -128 -82 c-70 -44 -144 -92 -164 -105 l-38 -23 0 205 0 205 -70 0 -70 0 0 -205z"/></g></svg>
  <svg x='504' y='472'><g transform="translate(0.043463926586,14.7505211307) scale(0.00985915292844,-0.00973472242044)"><path class="sym-fill" fill="white" d="M510 1100 l0 -400 140 0 140 0 0 400 0 400 -140 0 -140 0 0 -400z"/><path class="sym-line" fill="black" d="M330 1100 l0 -400 -159 -2 -160 -3 315 -347 c174 -192 319 -348 324 -348 5 0 150 156 324 348 l315 347 -160 3 -159 2 0 400 0 400 -90 0 -90 0 0 -400 0 -400 -140 0 -140 0 0 400 0 400 -90 0 -90 0 0 -400z"/></g></svg>
  <svg x='492' y='442'><g transform="translate(-0.0476493766782,22.899520137) scale(0.00991202148038,-0.00989177505957)"><path class="sym-fill" fill="white" d="M220 1820 l0 -275 107 -107 108 -108 -68 -68 -67 -67 103 -103 102 -102 68 67 67 68 413 -413 412 -412 138 137 137 138 -412 412 -413 413 205 205 205 205 -103 102 -102 103 -205 -205 -205 -205 -245 245 -245 245 0 -275z"/><path class="sym-line" fill="black" d="M20 1882 l0 -417 138 -138 137 -137 70 70 70 70 -113 113 -112 112 0 268 c0 147 3 267 7 267 5 0 117 -109 250 -242 l243 -243 207 208 208 207 -140 140 -140 140 -412 0 -413 0 0 -418z M1127 1603 l-207 -208 412 -412 413 -413 -138 -137 -137 -138 -413 413 -412 412 -70 -70 -70 -70 483 -483 482 -482 415 415 415 415 -483 483 -482 482 -208 -207z"/></g></svg>
  <svg x='505' y='501'><g transform="translate(0.135424645393,21.751847129) scale(0.00981595143631,-0.00981973164957)"><path class="sym-fill" fill="white" d="M780 750 l0 -550 305 0 305 0 0 550 0 550 -305 0 -305 0 0 -550z"/><path class="sym-line" fill="black" d="M30 2124 c-17 -42 -30 -77 -28 -78 2 -1 353 -124 780 -272 l777 -269 -494 -3 -495 -2 0 -750 0 -750 765 0 765 0 0 753 0 753 -1007 347 c-555 191 -1013 347 -1020 347 -6 0 -25 -34 -43 -76z m1360 -1374 l0 -550 -305 0 -305 0 0 550 0 550 305 0 305 0 0 -550z"/></g></svg>
  <svg x='471' y='501'><g transform="translate(0.151337221274,21.7511553253) scale(0.00981595143631,-0.00982306257902)"><path class="sym-fill" fill="white" d="M710 750 l0 -550 305 0 305 0 0 550 0 550 -305 0 -305 0 0 -550z"/><path class="sym-line" fill="black" d="M1002 1852 l-1002 -346 0 -753 0 -753 765 0 765 0 0 750 0 750 -495 2 -495 3 778 269 c427 148 778 270 780 272 2 1 -11 36 -29 78 -21 51 -37 76 -48 75 -9 0 -467 -156 -1019 -347z m318 -1102 l0 -550 -305 0 -305 0 0 550 0 550 305 0 305 0 0 -550z"/></g></svg>
  <svg x='501' y='526'><g transform="translate(0.150075358497,32.7700942965) scale(0.00987904457514,-0.0098853505444)"><path class="sym-fill" fill="white" d="M770 2900 l0 -200 975 0 975 0 0 -850 0 -850 -970 0 -970 0 0 -200 0 -200 1165 0 1165 0 0 1250 0 1250 -1170 0 -1170 0 0 -200z"/><path class="sym-line" fill="black" d="M770 3200 l0 -100 1170 0 1170 0 0 -1250 0 -1250 -1170 0 -1170 0 0 200 0 200 975 0 975 0 0 850 0 850 -975 0 -975 0 0 -100 0 -100 875 0 875 0 0 -650 0 -650 -870 0 -870 0 0 201 c0 110 -4 199 -9 197 -15 -6 -771 -788 -771 -798 0 -10 756 -792 771 -798 5 -2 9 87 9 197 l0 201 1260 0 1260 0 0 1450 0 1450 -1265 0 -1265 0 0 -100z"/></g></svg>
  <svg x='466' y='526'><g transform="translate(0.150075358497,32.7700942965) scale(0.00987904457514,-0.0098853505444)"><path class="sym-fill" fill="white" d="M190 1850 l0 -1250 1165 0 1165 0 0 200 0 200 -970 0 -970 0 0 850 0 850 975 0 975 0 0 200 0 200 -1170 0 -1170 0 0 -1250z M2621 800 l0 -555 269 275 c148 151 269 277 269 280 0 3 -121 129 -269 280 l-269 275 0 -555z"/><path class="sym-line" fill="black" d="M0 1850 l0 -1450 1260 0 1260 0 0 -201 c0 -122 4 -199 9 -197 17 6 771 786 771 798 0 12 -754 792 -771 798 -5 2 -9 -75 -9 -197 l0 -201 -870 0 -870 0 0 650 0 650 875 0 875 0 0 100 0 100 -970 0 -970 0 0 -850 0 -850 970 0 970 0 0 -200 0 -200 -1170 0 -1170 0 0 1250 0 1250 1170 0 1170 0 0 100 0 100 -1265 0 -1265 0 0 -1450z m2895 -773 c143 -147 260 -272 260 -277 0 -9 -512 -542 -527 -548 -5 -2 -8 245 -8 548 0 303 3 550 8 548 4 -1 124 -123 267 -271z"/></g></svg>
</svg>