<svg version='1.1' xmlns='http://www.w3.org/2000/svg' width='68' height='88' viewBox='466 456 68 88'>
  <text font-size='0'>M534x544S37816469x459S15a56502x456S20500483x468S10050496x465S2f900475x514S1ed10508x525S1ed18466x525S2fb00493x511S2f900514x513</text>
  <svg x='469' y='459'><g transform="translate(0.0,5.0) scale(0.01,-0.01)"><path class="sym-line" fill="black" d="M0 250 l0 -250 1600 0 1600 0 0 250 0 250 -1600 0 -1600 0 0 -250z"/></g></svg>
  <svg x='502' y='456'><g transform="translate(0.150976194493,11.7516936221) scale(0.00983400277537,-0.00966938010173)"><path class="sym-fill" fill="white" d="M1400 600 l0 -600 150 0 150 0 0 600 0 600 -150 0 -150 0 0 -600z"/><path class="sym-line" fill="black" d="M0 600 l0 -600 700 0 700 0 0 600 0 600 -700 0 -700 0 0 -600z M1700 600 l0 -600 203 0 202 0 300 300 300 300 -300 300 -300 300 -202 0 -203 0 0 -600z"/></g></svg>
  <svg x='483' y='468'><g transform="translate(-0.221878406359,10.7500002304) scale(0.0103429235226,-0.00963778430032)"><path class="sym-line" fill="black" d="M430 895 l0 -205 -37 23 c-21 13 -95 61 -165 105 l-128 82 -36 -71 c-19 -40 -32 -75 -27 -79 4 -3 74 -48 156 -99 81 -51 147 -97 147 -101 0 -4 -66 -50 -147 -101 -82 -51 -152 -96 -156 -99 -5 -4 8 -39 27 -79 l36 -71 128 82 c70 44 144 92 165 105 l37 23 0 -205 0 -205 70 0 70 0 0 205 0 205 38 -23 c20 -13 94 -61 164 -105 l128 -82 36 71 c19 40 32 75 27 79 -4 3 -74 48 -155 99 -82 51 -148 97 -148 101 0 4 66 50 148 101 81 51 151 96 155 99 5 4 -8 39 -27 79 l-36 71 -128 -82 c-70 -44 -144 -92 -164 -105 l-38 -23 0 205 0 205 -70 0 -70 0 0 -205z"/></g></svg>
  <svg x='496' y='465'><g transform="translate(0.0,30.0) scale(0.01,-0.01)"><path class="sym-line" fill="black" d="M0 2250 l0 -750 100 0 100 0 0 750 0 750 -100 0 -100 0 0 -750z M0 650 l0 -650 750 0 750 0 0 650 0 650 -750 0 -750 0 0 -650z"/></g></svg>
  <svg x='475' y='514'><g transform="translate(0.180786096011,4.75000053092) scale(0.00958087152387,-0.00920312606184)"><path class="sym-line" fill="black" d="M245 488 c-55 -20 -116 -69 -150 -121 -45 -68 -84 -193 -92 -289 l-6 -78 107 0 106 0 0 40 c0 57 36 145 71 175 37 30 91 33 131 7 15 -10 53 -49 85 -87 82 -98 136 -129 231 -134 87 -4 139 9 200 51 86 59 157 215 169 371 l6 77 -107 0 -106 0 0 -40 c0 -57 -36 -145 -71 -175 -37 -30 -91 -33 -131 -7 -15 10 -53 49 -85 87 -32 38 -81 83 -107 100 -44 27 -59 30 -135 32 -47 1 -99 -3 -116 -9z"/></g></svg>
  <svg x='508' y='525'><g transform="translate(0.150751748454,18.749644341) scale(0.0098452250773,-0.0097943052842)"><path class="sym-fill" fill="white" d="M1300 750 l0 -550 300 0 300 0 0 550 0 550 -300 0 -300 0 0 -550z"/><path class="sym-line" fill="black" d="M328 1881 c-84 -27 -139 -63 -200 -130 -54 -60 -98 -147 -117 -231 -10 -45 -25 -36 125 -74 76 -20 74 -20 74 2 0 81 95 195 192 229 79 27 428 27 507 -1 71 -24 131 -85 162 -162 l24 -59 3 -628 3 -629 -333 4 c-366 5 -387 8 -461 69 -42 34 -81 104 -91 162 -4 20 -10 37 -13 37 -19 0 -203 -54 -203 -59 0 -22 33 -128 51 -163 34 -66 122 -152 192 -186 131 -65 73 -62 1269 -62 l1088 0 0 750 0 750 -652 2 -652 3 -12 48 c-42 164 -170 285 -350 332 -45 11 -116 15 -304 14 -209 0 -253 -3 -302 -18z m1572 -1131 l0 -550 -300 0 -300 0 0 550 0 550 300 0 300 0 0 -550z"/></g></svg>
  <svg x='466' y='525'><g transform="translate(0.150751748454,18.749322358) scale(0.0098452250773,-0.00979417818707)"><path class="sym-fill" fill="white" d="M700 750 l0 -550 300 0 300 0 0 550 0 550 -300 0 -300 0 0 -550z"/><path class="sym-line" fill="black" d="M1662 1884 c-177 -47 -305 -169 -346 -331 l-12 -48 -652 -3 -652 -2 0 -750 0 -750 1088 0 c1196 0 1138 -3 1269 62 70 34 158 120 192 186 18 35 51 141 51 163 0 5 -184 59 -203 59 -3 0 -9 -17 -13 -37 -10 -58 -49 -128 -91 -162 -74 -61 -95 -64 -461 -69 l-333 -4 3 629 3 628 24 59 c31 77 91 138 162 162 79 28 428 28 507 1 97 -34 192 -148 192 -229 0 -22 -2 -22 74 -2 150 38 135 29 125 74 -29 128 -118 259 -215 316 -97 57 -143 64 -412 63 -181 0 -261 -4 -300 -15z m-362 -1134 l0 -550 -300 0 -300 0 0 550 0 550 300 0 300 0 0 -550z"/></g></svg>
  <svg x='493' y='511'><g transform="translate(0.169849905175,5.76208528494) scale(0.0097007872376,-0.00950858679199)"><path class="sym-line" fill="black" d="M552 580 c-226 -60 -429 -239 -518 -459 -13 -33 -27 -73 -30 -90 l-6 -31 60 0 61 0 42 83 c54 103 163 217 264 273 205 113 445 113 650 0 101 -56 210 -170 264 -273 l42 -83 61 0 61 0 -7 31 c-22 111 -99 242 -206 349 -99 99 -217 167 -346 200 -105 27 -289 27 -392 0z"/></g></svg>
  <svg x='514' y='513'><g transform="translate(0.180786096011,4.75000053092) scale(0.00958087152387,-0.00920312606184)"><path class="sym-line" fill="black" d="M245 488 c-55 -20 -116 -69 -150 -121 -45 -68 -84 -193 -92 -289 l-6 -78 107 0 106 0 0 40 c0 57 36 145 71 175 37 30 91 33 131 7 15 -10 53 -49 85 -87 82 -98 136 -129 231 -134 87 -4 139 9 200 51 86 59 157 215 169 371 l6 77 -107 0 -106 0 0 -40 c0 -57 -36 -145 -71 -175 -37 -30 -91 -33 -131 -7 -15 10 -53 49 -85 87 -32 38 -81 83 -107 100 -44 27 -59 30 -135 32 -47 1 -99 -3 -116 -9z"/></g></svg>
</svg>