<svg version='1.1' xmlns='http://www.w3.org/2000/svg' width='68' height='247' viewBox='466 377 68 247'>
  <text font-size='0'>M534x624S11520474x377S2e30e493x387S20320474x417S2e30e493x416S14720475x453S19220475x479S1dc20466x537S1dc20466x502S15a36469x595S2d300495x579S15a41478x601</text>
  <svg x='474' y='377'><g transform="translate(0.0,30.0) scale(0.01,-0.01)"><path class="sym-line" fill="black" d="M500 2250 l0 -750 -150 0 -150 0 0 600 0 600 -100 0 -100 0 0 -1350 0 -1350 750 0 750 0 0 750 0 750 -400 0 -400 0 0 750 0 750 -100 0 -100 0 0 -750z"/></g></svg>
  <svg x='493' y='387'><g transform="translate(0.198126438193,22.8104252853) scale(0.00985664047082,-0.00986682868076)"><path class="sym-fill" fill="white" d="M1445 2193 c-230 -27 -414 -109 -586 -260 -72 -63 -139 -135 -139 -149 0 -5 46 -55 103 -112 l103 -102 37 50 c79 105 228 205 377 252 63 19 96 23 210 23 114 0 147 -4 210 -23 253 -79 432 -259 512 -512 19 -63 23 -96 23 -210 0 -114 -4 -147 -23 -210 -99 -317 -361 -522 -687 -537 -218 -10 -399 58 -555 207 -116 111 -194 259 -220 418 l-12 72 -148 0 -149 0 5 -37 c22 -171 55 -279 122 -406 137 -261 377 -448 670 -523 543 -139 1103 186 1260 731 175 606 -232 1230 -865 1324 -68 10 -182 12 -248 4z"/><path class="sym-line" fill="black" d="M1339 2286 c-162 -34 -360 -119 -461 -197 -87 -68 -147 -122 -193 -176 l-48 -55 37 -36 36 -37 65 72 c154 170 368 287 600 329 510 91 1028 -228 1179 -726 115 -382 12 -787 -271 -1061 -201 -195 -455 -299 -734 -299 -534 0 -984 405 -1044 943 l-7 58 154 -3 153 -3 7 -60 c31 -242 220 -482 455 -578 33 -13 84 -30 114 -38 70 -18 268 -18 339 0 274 69 492 287 561 561 18 71 18 269 0 340 -98 386 -479 639 -857 567 -196 -37 -350 -131 -474 -286 l-30 -39 42 -37 43 -36 20 28 c65 90 174 180 270 222 171 75 398 66 555 -21 216 -120 340 -327 340 -568 0 -241 -124 -448 -340 -568 -176 -98 -427 -96 -608 4 -167 94 -300 283 -327 467 l-7 47 198 0 199 0 -328 327 -327 328 -327 -328 -328 -327 200 0 201 0 12 -93 c59 -469 392 -850 849 -975 90 -24 113 -26 293 -26 180 0 203 2 293 26 198 54 377 158 522 303 145 145 249 324 303 522 24 90 26 113 26 293 0 180 -2 203 -26 293 -54 198 -158 377 -303 522 -145 146 -326 250 -522 302 -83 22 -124 26 -268 29 -116 2 -191 -1 -236 -10z"/></g></svg>
  <svg x='474' y='417'><g transform="translate(0.0,15.0) scale(0.01,-0.01)"><path class="sym-line" fill="black" d="M0 750 l0 -750 750 0 750 0 0 750 0 750 -750 0 -750 0 0 -750z"/></g></svg>
  <svg x='493' y='416'><g transform="translate(0.198126438193,22.8104252853) scale(0.00985664047082,-0.00986682868076)"><path class="sym-fill" fill="white" d="M1445 2193 c-230 -27 -414 -109 -586 -260 -72 -63 -139 -135 -139 -149 0 -5 46 -55 103 -112 l103 -102 37 50 c79 105 228 205 377 252 63 19 96 23 210 23 114 0 147 -4 210 -23 253 -79 432 -259 512 -512 19 -63 23 -96 23 -210 0 -114 -4 -147 -23 -210 -99 -317 -361 -522 -687 -537 -218 -10 -399 58 -555 207 -116 111 -194 259 -220 418 l-12 72 -148 0 -149 0 5 -37 c22 -171 55 -279 122 -406 137 -261 377 -448 670 -523 543 -139 1103 186 1260 731 175 606 -232 1230 -865 1324 -68 10 -182 12 -248 4z"/><path class="sym-line" fill="black" d="M1339 2286 c-162 -34 -360 -119 -461 -197 -87 -68 -147 -122 -193 -176 l-48 -55 37 -36 36 -37 65 72 c154 170 368 287 600 329 510 91 1028 -228 1179 -726 115 -382 12 -787 -271 -1061 -201 -195 -455 -299 -734 -299 -534 0 -984 405 -1044 943 l-7 58 154 -3 153 -3 7 -60 c31 -242 220 -482 455 -578 33 -13 84 -30 114 -38 70 -18 268 -18 339 0 274 69 492 287 561 561 18 71 18 269 0 340 -98 386 -479 639 -857 567 -196 -37 -350 -131 -474 -286 l-30 -39 42 -37 43 -36 20 28 c65 90 174 180 270 222 171 75 398 66 555 -21 216 -120 340 -327 340 -568 0 -241 -124 -448 -340 -568 -176 -98 -427 -96 -608 4 -167 94 -300 283 -327 467 l-7 47 198 0 199 0 -328 327 -327 328 -327 -328 -328 -327 200 0 201 0 12 -93 c59 -469 392 -850 849 -975 90 -24 113 -26 293 -26 180 0 203 2 293 26 198 54 377 158 522 303 145 145 249 324 303 522 24 90 26 113 26 293 0 180 -2 203 -26 293 -54 198 -158 377 -303 522 -145 146 -326 250 -522 302 -83 22 -124 26 -268 29 -116 2 -191 -1 -236 -10z"/></g></svg>
  <svg x='475' y='453'><g transform="translate(0.0,22.0) scale(0.01,-0.01)"><path class="sym-fill" fill="white" d="M0 850 l0 -150 400 0 400 0 0 150 0 150 -400 0 -400 0 0 -150z"/><path class="sym-line" fill="black" d="M347 1852 l-347 -347 0 -253 0 -252 400 0 400 0 0 -150 0 -150 -400 0 -400 0 0 -350 0 -350 700 0 700 0 0 753 0 752 -348 348 c-191 191 -349 347 -352 347 -3 0 -161 -156 -353 -348z"/></g></svg>
  <svg x='475' y='479'><g transform="translate(0.151301014747,18.749322358) scale(0.00981776176264,-0.00979417818707)"><path class="sym-line" fill="black" d="M1560 1665 l-245 -235 -657 0 -658 0 0 -715 0 -715 750 0 750 0 0 528 0 527 300 284 c166 157 299 290 298 296 -4 16 -270 265 -283 264 -5 0 -120 -105 -255 -234z"/></g></svg>
  <svg x='466' y='537'><g transform="translate(0.0,30.0) scale(0.01,-0.01)"><path class="sym-line" fill="black" d="M900 1900 l0 -1100 -450 0 -450 0 0 -100 0 -100 450 0 450 0 0 -300 0 -300 750 0 750 0 0 750 0 750 -650 0 -650 0 0 750 0 750 -100 0 -100 0 0 -1100z"/></g></svg>
  <svg x='466' y='502'><g transform="translate(0.0,30.0) scale(0.01,-0.01)"><path class="sym-line" fill="black" d="M900 1900 l0 -1100 -450 0 -450 0 0 -100 0 -100 450 0 450 0 0 -300 0 -300 750 0 750 0 0 750 0 750 -650 0 -650 0 0 750 0 750 -100 0 -100 0 0 -1100z"/></g></svg>
  <svg x='469' y='595'><g transform="translate(0.150976194493,11.7516936221) scale(0.00983400277537,-0.00966938010173)"><path class="sym-fill" fill="white" d="M1400 1100 l0 -100 -600 0 -600 0 0 -400 0 -400 600 0 600 0 0 -100 0 -100 150 0 150 0 0 100 0 100 158 0 157 0 200 200 200 200 -200 200 -200 200 -157 0 -158 0 0 100 0 100 -150 0 -150 0 0 -100z"/><path class="sym-line" fill="black" d="M0 600 l0 -600 700 0 700 0 0 100 0 100 -600 0 -600 0 0 400 0 400 600 0 600 0 0 100 0 100 -700 0 -700 0 0 -600z M1700 1100 l0 -100 163 0 162 0 200 -200 200 -200 -200 -200 -200 -200 -162 0 -163 0 0 -100 0 -100 203 0 202 0 300 300 300 300 -300 300 -300 300 -202 0 -203 0 0 -100z"/></g></svg>
  <svg x='495' y='579'><g transform="translate(0.149705079246,22.7351540532) scale(0.00989755853768,-0.00979948840445)"><path class="sym-line" fill="black" d="M645 1950 l-350 -350 303 0 302 0 0 -300 0 -300 -450 0 -450 0 0 -50 0 -50 450 0 450 0 0 -288 c0 -321 3 -342 67 -439 48 -73 119 -127 207 -156 77 -26 414 -24 522 3 197 50 369 178 448 335 33 65 56 146 56 203 l0 42 -355 0 -355 0 0 -50 c0 -113 -52 -254 -115 -309 -29 -25 -45 -31 -81 -31 -47 0 -108 25 -135 56 -52 59 -54 73 -57 362 l-4 272 651 0 651 0 0 -288 c0 -242 3 -296 17 -338 41 -123 135 -216 257 -257 77 -26 415 -24 522 3 197 50 369 178 448 335 33 65 56 146 56 203 l0 42 -355 0 -355 0 0 -50 c0 -113 -52 -254 -115 -309 -29 -25 -45 -31 -81 -31 -47 0 -108 25 -135 56 -52 59 -54 73 -57 362 l-4 272 651 0 651 0 0 50 0 50 -650 0 -650 0 0 300 0 300 302 0 303 0 -353 352 -352 353 -352 -353 -353 -352 303 0 302 0 0 -300 0 -300 -650 0 -650 0 0 300 0 300 302 0 303 0 -350 350 c-192 193 -352 350 -355 350 -3 0 -163 -157 -355 -350z"/></g></svg>
  <svg x='478' y='601'><g transform="translate(-0.0476493766782,22.899520137) scale(0.00991202148038,-0.00989177505957)"><path class="sym-fill" fill="white" d="M220 1820 l0 -275 107 -107 108 -108 -68 -68 -67 -67 103 -103 102 -102 68 67 67 68 413 -413 412 -412 138 137 137 138 -412 412 -413 413 205 205 205 205 -103 102 -102 103 -205 -205 -205 -205 -245 245 -245 245 0 -275z"/><path class="sym-line" fill="black" d="M20 1882 l0 -417 138 -138 137 -137 70 70 70 70 -113 113 -112 112 0 268 c0 147 3 267 7 267 5 0 117 -109 250 -242 l243 -243 207 208 208 207 -140 140 -140 140 -412 0 -413 0 0 -418z M1127 1603 l-207 -208 412 -412 413 -413 -138 -137 -137 -138 -413 413 -412 412 -70 -70 -70 -70 483 -483 482 -482 415 415 415 415 -483 483 -482 482 -208 -207z"/></g></svg>
</svg>