<svg version='1.1' xmlns='http://www.w3.org/2000/svg' width='74' height='76' viewBox='461 482 74 76'>
  <text font-size='0'>M535x558S37a06487x550S36d00478x517S15a1f476x503S33e00486x482S3780b461x524S3780a462x520S37802518x519S31600486x482S20300472x543</text>
  <svg x='487' y='550'><g transform="translate(0.0,2.0) scale(0.01,-0.01)"><path class="sym-line" fill="black" d="M0 100 l0 -100 2400 0 2400 0 0 100 0 100 -2400 0 -2400 0 0 -100z"/></g></svg>
  <svg x='478' y='517'><g transform="translate(0.0,4.0) scale(0.01,-0.01)"><path class="sym-line" fill="black" d="M0 200 l0 -200 2100 0 2100 0 0 200 0 200 -2100 0 -2100 0 0 -200z"/></g></svg>
  <svg x='476' y='503'><g transform="translate(0.149852532516,22.7560476437) scale(0.00989018587419,-0.00991168243272)"><path class="sym-fill" fill="white" d="M965 1320 l760 -760 137 137 138 138 -622 622 -623 623 -275 0 -275 0 760 -760z"/><path class="sym-line" fill="black" d="M0 1867 l0 -412 728 -728 727 -727 415 415 415 415 -725 725 -725 725 -417 0 -418 0 0 -413z m1375 -407 l630 -630 -138 -137 -137 -138 -760 760 c-418 418 -760 763 -760 767 0 5 120 8 268 8 l267 0 630 -630z"/></g></svg>
  <svg x='486' y='482'><g transform="translate(0.149874875465,34.7500790925) scale(0.00988906872676,-0.00988956850125)"><path class="sym-line" fill="black" d="M1528 3484 c-592 -92 -1088 -447 -1348 -963 -125 -249 -180 -485 -180 -771 0 -480 183 -911 529 -1242 350 -336 780 -508 1271 -508 451 0 864 150 1193 434 326 281 517 620 591 1051 21 121 21 409 0 530 -43 252 -114 444 -237 639 -282 453 -741 750 -1284 831 -127 19 -413 18 -535 -1z m607 -173 c583 -126 1038 -523 1224 -1069 59 -173 75 -277 75 -492 0 -165 -3 -211 -22 -300 -71 -327 -228 -611 -458 -829 -186 -177 -381 -295 -614 -374 -176 -60 -282 -78 -490 -84 -247 -7 -416 19 -628 97 -549 201 -944 674 -1043 1250 -17 97 -17 383 0 480 99 576 495 1050 1043 1250 105 38 177 58 303 81 143 26 467 21 610 -10z M1087 1105 l-67 -55 51 -65 c119 -151 277 -272 440 -335 131 -50 318 -65 459 -35 202 42 408 179 562 372 44 56 48 66 35 76 -8 7 -41 32 -73 57 -31 25 -59 40 -61 35 -12 -37 -94 -143 -156 -202 -133 -126 -264 -183 -440 -191 -117 -5 -193 6 -290 44 -128 50 -275 176 -348 298 -19 31 -36 56 -39 56 -4 0 -36 -25 -73 -55z"/></g></svg>
  <svg x='461' y='524'><g transform="translate(-1.02051218248,30.9549291903) scale(0.0106476984959,-0.0106474025028)"><path class="sym-line" fill="black" d="M1412 1587 c-716 -716 -1302 -1307 -1302 -1312 0 -13 152 -165 165 -165 13 0 2615 2602 2615 2615 0 13 -152 165 -165 165 -6 0 -596 -586 -1313 -1303z"/></g></svg>
  <svg x='462' y='520'><g transform="translate(0.00743966815015,32.4618200022) scale(0.00993121378524,-0.0102889625306)"><path class="sym-line" fill="black" d="M1402 2907 c-272 -528 -1381 -2703 -1387 -2719 -5 -13 13 -30 76 -72 46 -31 86 -52 90 -48 19 21 1509 2953 1505 2961 -3 5 -42 32 -85 59 l-80 51 -119 -232z"/></g></svg>
  <svg x='518' y='519'><g transform="translate(0.00758934082336,32.4653326659) scale(0.00990600575607,-0.0103109685146)"><path class="sym-line" fill="black" d="M92 3084 c-65 -43 -82 -59 -77 -72 9 -26 1496 -2936 1504 -2944 6 -7 171 97 171 108 0 7 -1501 2947 -1509 2956 -3 3 -44 -18 -89 -48z"/></g></svg>
  <svg x='486' y='482'><g transform="translate(0.149874875465,34.7500790925) scale(0.00988906872676,-0.00988956850125)"><path class="sym-line" fill="black" d="M1528 3484 c-592 -92 -1088 -447 -1348 -963 -125 -249 -180 -485 -180 -771 0 -480 183 -911 529 -1242 350 -336 780 -508 1271 -508 451 0 864 150 1193 434 326 281 517 620 591 1051 21 121 21 409 0 530 -43 252 -114 444 -237 639 -282 453 -741 750 -1284 831 -127 19 -413 18 -535 -1z m607 -173 c583 -126 1038 -523 1224 -1069 59 -173 75 -277 75 -492 0 -165 -3 -211 -22 -300 -71 -327 -228 -611 -458 -829 -186 -177 -381 -295 -614 -374 -176 -60 -282 -78 -490 -84 -247 -7 -416 19 -628 97 -549 201 -944 674 -1043 1250 -17 97 -17 383 0 480 99 576 495 1050 1043 1250 105 38 177 58 303 81 143 26 467 21 610 -10z M722 2450 c7 -73 59 -170 120 -225 96 -86 202 -125 341 -125 215 0 393 115 447 289 11 35 20 74 20 87 0 22 -4 24 -55 24 -51 0 -55 -2 -61 -27 -18 -79 -75 -138 -179 -185 -71 -32 -226 -37 -310 -11 -113 36 -196 111 -211 189 -6 34 -7 34 -61 34 l-56 0 5 -50z M1955 2453 c29 -205 222 -353 458 -353 51 0 115 6 142 14 171 45 304 182 324 333 l8 53 -59 0 c-52 0 -58 -2 -58 -20 0 -61 -75 -145 -169 -189 -51 -23 -68 -25 -181 -26 -120 0 -128 1 -190 31 -93 46 -146 100 -159 167 -7 31 -8 32 -65 35 l-58 3 7 -48z"/></g></svg>
  <svg x='472' y='543'><g transform="translate(0.0,15.0) scale(0.01,-0.01)"><path class="sym-fill" fill="white" d="M200 750 l0 -550 550 0 550 0 0 550 0 550 -550 0 -550 0 0 -550z"/><path class="sym-line" fill="black" d="M0 750 l0 -750 750 0 750 0 0 750 0 750 -750 0 -750 0 0 -750z m1300 0 l0 -550 -550 0 -550 0 0 550 0 550 550 0 550 0 0 -550z"/></g></svg>
</svg>