<svg version='1.1' xmlns='http://www.w3.org/2000/svg' width='74' height='89' viewBox='461 477 74 89'>
  <text font-size='0'>M535x566S32101485x488S36d00478x524S15a1f476x510S30100485x477S3780b461x531S3780a462x527S37802518x526S37a06487x557S20300473x551</text>
  <svg x='485' y='488'><g transform="translate(0.149874875465,34.7500790925) scale(0.00988906872676,-0.00988956850125)"><path class="sym-line" fill="black" d="M1528 3484 c-592 -92 -1088 -447 -1348 -963 -125 -249 -180 -485 -180 -771 0 -480 183 -911 529 -1242 350 -336 780 -508 1271 -508 451 0 864 150 1193 434 326 281 517 620 591 1051 21 121 21 409 0 530 -43 252 -114 444 -237 639 -282 453 -741 750 -1284 831 -127 19 -413 18 -535 -1z m607 -173 c583 -126 1038 -523 1224 -1069 59 -173 75 -277 75 -492 0 -165 -3 -211 -22 -300 -71 -327 -228 -611 -458 -829 -186 -177 -381 -295 -614 -374 -176 -60 -282 -78 -490 -84 -247 -7 -416 19 -628 97 -549 201 -944 674 -1043 1250 -17 97 -17 383 0 480 99 576 495 1050 1043 1250 105 38 177 58 303 81 143 26 467 21 610 -10z M820 2215 l0 -285 55 0 55 0 0 235 0 234 240 -6 240 -6 0 56 0 57 -295 0 -295 0 0 -285z M1950 2215 l0 -285 55 0 55 0 0 235 0 234 240 -6 240 -6 0 56 0 57 -295 0 -295 0 0 -285z M1217 2322 l-37 -38 186 -179 186 -178 40 40 39 40 -182 176 c-100 98 -185 177 -189 177 -3 0 -23 -17 -43 -38z M2348 2323 l-36 -38 185 -179 184 -179 40 39 40 40 -180 177 c-98 97 -183 177 -188 177 -5 0 -25 -17 -45 -37z M997 2112 l-38 -39 186 -178 186 -178 36 30 c20 16 38 34 40 40 4 10 -354 363 -367 363 -3 0 -23 -17 -43 -38z M2131 2116 c-18 -19 -32 -39 -30 -44 6 -16 356 -352 366 -352 5 0 25 16 44 36 l34 35 -182 180 c-99 98 -185 179 -190 179 -5 0 -24 -15 -42 -34z"/></g></svg>
  <svg x='478' y='524'><g transform="translate(0.0,4.0) scale(0.01,-0.01)"><path class="sym-line" fill="black" d="M0 200 l0 -200 2100 0 2100 0 0 200 0 200 -2100 0 -2100 0 0 -200z"/></g></svg>
  <svg x='476' y='510'><g transform="translate(0.149852532516,22.7560476437) scale(0.00989018587419,-0.00991168243272)"><path class="sym-fill" fill="white" d="M965 1320 l760 -760 137 137 138 138 -622 622 -623 623 -275 0 -275 0 760 -760z"/><path class="sym-line" fill="black" d="M0 1867 l0 -412 728 -728 727 -727 415 415 415 415 -725 725 -725 725 -417 0 -418 0 0 -413z m1375 -407 l630 -630 -138 -137 -137 -138 -760 760 c-418 418 -760 763 -760 767 0 5 120 8 268 8 l267 0 630 -630z"/></g></svg>
  <svg x='485' y='477'><g transform="translate(0.149874875465,45.7517550371) scale(0.00988906872676,-0.0099180454032)"><path class="sym-line" fill="black" d="M1539 4355 c-140 -136 -255 -250 -257 -254 -1 -4 16 -24 37 -45 l40 -39 217 212 c120 116 221 211 225 211 4 0 105 -95 224 -212 l217 -211 41 41 42 42 -254 248 c-140 136 -260 248 -266 250 -7 2 -127 -108 -266 -243z M1590 3900 l0 -300 55 0 55 0 0 300 0 300 -55 0 -55 0 0 -300z M1900 3900 l0 -300 55 0 55 0 0 300 0 300 -55 0 -55 0 0 -300z M1528 3484 c-592 -92 -1088 -447 -1348 -963 -125 -249 -180 -485 -180 -771 0 -480 183 -911 529 -1242 350 -336 780 -508 1271 -508 451 0 864 150 1193 434 326 281 517 620 591 1051 21 121 21 409 0 530 -43 252 -114 444 -237 639 -282 453 -741 750 -1284 831 -127 19 -413 18 -535 -1z m607 -173 c583 -126 1038 -523 1224 -1069 59 -173 75 -277 75 -492 0 -165 -3 -211 -22 -300 -71 -327 -228 -611 -458 -829 -186 -177 -381 -295 -614 -374 -176 -60 -282 -78 -490 -84 -247 -7 -416 19 -628 97 -549 201 -944 674 -1043 1250 -17 97 -17 383 0 480 99 576 495 1050 1043 1250 105 38 177 58 303 81 143 26 467 21 610 -10z"/></g></svg>
  <svg x='461' y='531'><g transform="translate(-1.02051218248,30.9549291903) scale(0.0106476984959,-0.0106474025028)"><path class="sym-line" fill="black" d="M1412 1587 c-716 -716 -1302 -1307 -1302 -1312 0 -13 152 -165 165 -165 13 0 2615 2602 2615 2615 0 13 -152 165 -165 165 -6 0 -596 -586 -1313 -1303z"/></g></svg>
  <svg x='462' y='527'><g transform="translate(0.00743966815015,32.4618200022) scale(0.00993121378524,-0.0102889625306)"><path class="sym-line" fill="black" d="M1402 2907 c-272 -528 -1381 -2703 -1387 -2719 -5 -13 13 -30 76 -72 46 -31 86 -52 90 -48 19 21 1509 2953 1505 2961 -3 5 -42 32 -85 59 l-80 51 -119 -232z"/></g></svg>
  <svg x='518' y='526'><g transform="translate(0.00758934082336,32.4653326659) scale(0.00990600575607,-0.0103109685146)"><path class="sym-line" fill="black" d="M92 3084 c-65 -43 -82 -59 -77 -72 9 -26 1496 -2936 1504 -2944 6 -7 171 97 171 108 0 7 -1501 2947 -1509 2956 -3 3 -44 -18 -89 -48z"/></g></svg>
  <svg x='487' y='557'><g transform="translate(0.0,2.0) scale(0.01,-0.01)"><path class="sym-line" fill="black" d="M0 100 l0 -100 2400 0 2400 0 0 100 0 100 -2400 0 -2400 0 0 -100z"/></g></svg>
  <svg x='473' y='551'><g transform="translate(0.0,15.0) scale(0.01,-0.01)"><path class="sym-fill" fill="white" d="M200 750 l0 -550 550 0 550 0 0 550 0 550 -550 0 -550 0 0 -550z"/><path class="sym-line" fill="black" d="M0 750 l0 -750 750 0 750 0 0 750 0 750 -750 0 -750 0 0 -750z m1300 0 l0 -550 -550 0 -550 0 0 550 0 550 550 0 550 0 0 -550z"/></g></svg>
</svg>