<svg version='1.1' xmlns='http://www.w3.org/2000/svg' width='76' height='129' viewBox='459 436 76 129'>
  <text font-size='0'>M535x565S1e651470x452S36d00479x436S37805459x474S3790a460x436S2a20b496x468S10001498x507S37703513x531S15a5a508x553S37706483x558S28903471x519S20500473x548</text>
  <svg x='470' y='452'><g transform="translate(0.0827423057199,19.7065883945) scale(0.00988493064329,-0.00982488657012)"><path class="sym-line" fill="black" d="M1411 1494 l-491 -497 329 -336 c181 -185 404 -410 495 -501 l166 -165 166 165 c91 91 314 316 495 501 l329 336 -491 497 c-270 273 -495 496 -499 496 -4 0 -229 -223 -499 -496z M285 1548 c-99 -101 -202 -206 -229 -235 l-49 -52 228 -235 c125 -130 224 -236 219 -236 -5 0 -49 11 -98 25 -49 14 -91 23 -93 21 -6 -6 -51 -181 -48 -185 9 -8 1249 -341 1254 -336 3 4 -55 66 -129 139 l-135 132 -368 99 -368 99 71 71 71 71 -162 167 -161 167 87 95 c48 52 89 95 91 95 2 0 77 -74 166 -165 l162 -166 70 70 71 71 -80 82 c-177 183 -380 388 -385 388 -3 0 -86 -82 -185 -182z"/></g></svg>
  <svg x='479' y='436'><g transform="translate(0.0,4.0) scale(0.01,-0.01)"><path class="sym-line" fill="black" d="M0 200 l0 -200 2100 0 2100 0 0 200 0 200 -2100 0 -2100 0 0 -200z"/></g></svg>
  <svg x='459' y='474'><g transform="translate(-0.0788492608218,9.52002526014) scale(0.0100187041405,-0.0111156791022)"><path class="sym-line" fill="black" d="M48 763 c-14 -43 -26 -78 -25 -79 1 -1 691 -139 1532 -308 842 -169 1539 -310 1550 -312 17 -4 24 6 47 73 14 43 26 78 25 79 -1 1 -690 139 -1532 308 -841 169 -1539 310 -1550 312 -17 4 -24 -6 -47 -73z"/></g></svg>
  <svg x='460' y='436'><g transform="translate(0.0193301162707,39.9524519768) scale(0.00991840122785,-0.00999983257803)"><path class="sym-line" fill="black" d="M965 2065 c-522 -1054 -951 -1921 -952 -1928 -3 -11 144 -117 163 -117 9 0 1914 3831 1914 3849 0 10 -151 111 -166 111 -5 0 -436 -862 -959 -1915z"/></g></svg>
  <svg x='496' y='468'><g transform="translate(0.0991362074846,20.7600552602) scale(0.00984846358219,-0.0098150560763)"><path class="sym-fill" fill="white" d="M1400 1783 c0 -232 -4 -336 -14 -383 -14 -66 -47 -146 -88 -212 l-23 -37 100 -103 c55 -56 105 -103 110 -103 19 0 113 153 145 236 59 153 62 182 67 567 l5 352 -151 0 -151 0 0 -317z M1176 1061 c-24 -26 -120 -76 -185 -95 -29 -8 -107 -19 -172 -22 l-119 -7 0 -155 0 -155 138 6 c84 4 165 14 211 26 95 25 220 86 299 146 l62 47 -69 76 c-38 43 -87 94 -108 115 -39 37 -40 37 -57 18z"/><path class="sym-line" fill="black" d="M331 2066 c-18 -19 -32 -39 -30 -45 2 -6 185 -201 406 -433 221 -233 403 -427 404 -433 3 -13 -74 -57 -135 -78 -28 -10 -101 -20 -163 -24 l-113 -6 -2 240 -3 240 -345 -363 c-190 -199 -345 -369 -345 -377 0 -7 155 -177 345 -377 l345 -362 3 236 2 236 116 0 c179 0 354 42 483 116 25 15 78 50 117 80 l71 52 364 -381 c199 -210 367 -384 372 -386 11 -4 77 59 77 73 0 6 -164 183 -365 394 -201 211 -365 386 -365 388 0 3 17 28 38 57 85 117 143 248 173 392 16 78 19 138 19 443 l0 352 -50 0 -50 0 0 -324 c0 -341 -8 -429 -49 -549 -27 -77 -74 -169 -124 -240 -47 -67 -31 -74 -167 73 l-88 95 39 65 c79 130 82 151 87 538 l4 342 -50 0 -50 0 -4 -327 c-4 -302 -6 -333 -26 -393 -12 -36 -32 -82 -45 -104 l-24 -38 -409 428 c-225 236 -413 430 -419 432 -6 1 -26 -13 -44 -32z m979 -1100 l105 -108 -40 -35 c-63 -54 -182 -121 -265 -147 -106 -35 -178 -46 -302 -46 l-108 0 0 159 0 159 133 4 c150 5 212 23 307 88 30 21 58 37 61 36 3 0 52 -50 109 -110z"/></g></svg>
  <svg x='498' y='507'><g transform="translate(0.0827624000386,29.8972374025) scale(0.00988338120185,-0.00991626663417)"><path class="sym-fill" fill="white" d="M763 1370 l-353 -363 70 -76 c39 -42 197 -206 353 -365 l282 -289 353 363 352 362 -80 86 c-44 48 -203 212 -353 366 l-272 278 -352 -362z"/><path class="sym-line" fill="black" d="M76 2931 l-69 -69 486 -498 485 -498 -371 -381 c-204 -209 -393 -403 -419 -431 l-49 -51 481 -494 c264 -272 487 -494 495 -494 8 0 231 222 495 494 l481 494 -49 51 c-152 158 -1893 1946 -1895 1946 -2 0 -33 -31 -71 -69z m1394 -1560 c190 -194 345 -359 345 -366 0 -16 -684 -720 -700 -720 -16 0 -700 704 -700 720 0 16 687 724 700 722 6 -1 166 -161 355 -356z"/></g></svg>
  <svg x='513' y='531'><g transform="translate(-0.946174107756,22.3050086955) scale(0.0107616505441,-0.0103087417234)"><path class="sym-line" fill="black" d="M167 2075 c-38 -41 -67 -79 -65 -85 7 -21 1842 -1941 1853 -1938 6 2 43 37 82 79 l72 75 -923 970 c-508 533 -930 970 -938 971 -7 1 -44 -32 -81 -72z"/></g></svg>
  <svg x='508' y='553'><g transform="translate(0.150976194493,11.7516936221) scale(0.00983400277537,-0.00966938010173)"><path class="sym-fill" fill="white" d="M1400 600 l0 -600 150 0 150 0 0 600 0 600 -150 0 -150 0 0 -600z"/><path class="sym-line" fill="black" d="M0 600 l0 -600 700 0 700 0 0 600 0 600 -700 0 -700 0 0 -600z M1700 600 l0 -600 203 0 202 0 300 300 300 300 -300 300 -300 300 -202 0 -203 0 0 -600z"/></g></svg>
  <svg x='483' y='558'><g transform="translate(0.0,2.0) scale(0.01,-0.01)"><path class="sym-line" fill="black" d="M0 100 l0 -100 1250 0 1250 0 0 100 0 100 -1250 0 -1250 0 0 -100z"/></g></svg>
  <svg x='471' y='519'><g transform="translate(0.0393366495508,26.8055192175) scale(0.00988354211854,-0.00994862606901)"><path class="sym-fill" fill="white" d="M1550 2495 c-410 -75 -742 -400 -851 -835 -29 -117 -38 -273 -32 -517 l6 -223 198 0 198 0 3 303 c4 297 4 303 31 382 38 113 90 198 177 286 55 55 96 86 150 113 141 69 137 69 628 73 l442 5 0 214 0 214 -437 -1 c-321 -1 -458 -4 -513 -14z"/><path class="sym-line" fill="black" d="M1589 2669 c-453 -48 -853 -387 -1008 -854 -59 -179 -63 -213 -68 -567 l-5 -328 -249 -2 -248 -3 421 -455 c232 -250 427 -455 435 -455 7 0 203 205 434 455 l421 455 -252 3 -252 2 5 278 c5 299 9 331 64 441 15 30 57 85 93 122 76 77 163 123 260 139 36 5 242 10 463 10 l397 0 0 80 0 80 -432 0 c-489 0 -507 -2 -641 -72 -132 -69 -239 -189 -304 -343 -44 -102 -53 -187 -53 -470 l0 -265 -200 0 -199 0 -7 35 c-12 67 3 574 20 655 50 236 153 428 319 595 139 139 282 223 472 278 65 19 105 21 548 24 l477 4 0 78 0 78 -242 6 c-299 9 -569 7 -669 -4z"/></g></svg>
  <svg x='473' y='548'><g transform="translate(-0.221878406359,10.7500002304) scale(0.0103429235226,-0.00963778430032)"><path class="sym-line" fill="black" d="M430 895 l0 -205 -37 23 c-21 13 -95 61 -165 105 l-128 82 -36 -71 c-19 -40 -32 -75 -27 -79 4 -3 74 -48 156 -99 81 -51 147 -97 147 -101 0 -4 -66 -50 -147 -101 -82 -51 -152 -96 -156 -99 -5 -4 8 -39 27 -79 l36 -71 128 82 c70 44 144 92 165 105 l37 23 0 -205 0 -205 70 0 70 0 0 205 0 205 38 -23 c20 -13 94 -61 164 -105 l128 -82 36 71 c19 40 32 75 27 79 -4 3 -74 48 -155 99 -82 51 -148 97 -148 101 0 4 66 50 148 101 81 51 151 96 155 99 5 4 -8 39 -27 79 l-36 71 -128 -82 c-70 -44 -144 -92 -164 -105 l-38 -23 0 205 0 205 -70 0 -70 0 0 -205z"/></g></svg>
</svg>