<svg version='1.1' xmlns='http://www.w3.org/2000/svg' width='53' height='103' viewBox='482 482 53 103'>
  <text font-size='0'>M535x585S11501507x510S26507522x557S20500520x501S15d39487x547S11541493x558S20e00484x535S2ff00482x482S22a04491x523S22104509x559</text>
  <svg x='507' y='510'><g transform="translate(-0.149263231777,26.8726902058) scale(0.00999558630429,-0.00993284619873)"><path class="sym-fill" fill="white" d="M1128 1317 c-197 -188 -357 -346 -356 -352 0 -5 136 -140 302 -299 165 -159 327 -313 358 -344 l57 -55 361 348 c354 341 360 348 343 368 -27 30 -695 672 -702 674 -3 2 -167 -151 -363 -340z"/><path class="sym-line" fill="black" d="M621 2626 c-35 -35 -62 -68 -60 -74 2 -5 178 -177 392 -382 213 -204 387 -375 387 -379 0 -4 -42 -46 -93 -93 l-92 -85 -494 473 c-271 261 -496 474 -500 474 -8 0 -131 -123 -131 -132 0 -4 221 -219 490 -478 269 -260 490 -475 489 -478 -1 -4 -117 -117 -259 -252 -142 -135 -258 -248 -259 -252 -2 -12 989 -960 1000 -956 6 2 233 217 505 478 l495 474 -53 52 c-145 144 -1743 1674 -1748 1674 -3 0 -34 -29 -69 -64z m1231 -1308 c197 -189 358 -347 359 -352 1 -9 -712 -696 -723 -696 -7 0 -728 689 -728 695 0 7 720 695 727 695 5 0 169 -154 365 -342z"/></g></svg>
  <svg x='522' y='557'><g transform="translate(-0.0990227783968,12.7676076804) scale(0.00988294432064,-0.00992219549537)"><path class="sym-line" fill="black" d="M420 1035 l235 -235 -315 -315 -315 -315 85 -85 85 -85 315 315 315 315 237 -237 238 -238 0 558 0 557 -557 0 -558 0 235 -235z"/></g></svg>
  <svg x='520' y='501'><g transform="translate(-0.221878406359,10.7500002304) scale(0.0103429235226,-0.00963778430032)"><path class="sym-line" fill="black" d="M430 895 l0 -205 -37 23 c-21 13 -95 61 -165 105 l-128 82 -36 -71 c-19 -40 -32 -75 -27 -79 4 -3 74 -48 156 -99 81 -51 147 -97 147 -101 0 -4 -66 -50 -147 -101 -82 -51 -152 -96 -156 -99 -5 -4 8 -39 27 -79 l36 -71 128 82 c70 44 144 92 165 105 l37 23 0 -205 0 -205 70 0 70 0 0 205 0 205 38 -23 c20 -13 94 -61 164 -105 l128 -82 36 71 c19 40 32 75 27 79 -4 3 -74 48 -155 99 -82 51 -148 97 -148 101 0 4 66 50 148 101 81 51 151 96 155 99 5 4 -8 39 -27 79 l-36 71 -128 -82 c-70 -44 -144 -92 -164 -105 l-38 -23 0 205 0 205 -70 0 -70 0 0 -205z"/></g></svg>
  <svg x='487' y='547'><g transform="translate(0.149415820392,22.899520137) scale(0.00991202148038,-0.00989177505957)"><path class="sym-fill" fill="white" d="M1425 1990 l-110 -110 -67 67 -68 68 -103 -103 -102 -102 68 -67 67 -68 -412 -412 -413 -413 275 -275 275 -275 412 412 413 413 67 -68 68 -67 102 102 103 103 -67 67 -68 68 108 108 107 107 0 278 0 277 -273 0 -272 0 -110 -110z"/><path class="sym-line" fill="black" d="M1315 2160 l-140 -140 70 -70 70 -70 110 110 111 110 274 -2 275 -3 3 -270 2 -269 -112 -113 -113 -113 70 -70 70 -70 137 137 138 138 0 417 0 418 -413 0 -412 0 -140 -140z M210 1468 l0 -413 -105 -105 -105 -105 415 -415 415 -415 482 482 483 483 -70 70 -70 70 -412 -412 -413 -413 -275 275 -275 275 412 412 413 413 -70 70 -70 70 -277 -277 -278 -278 0 313 0 312 -100 0 -100 0 0 -412z"/></g></svg>
  <svg x='493' y='558'><g transform="translate(-0.0476529550967,26.8032243438) scale(0.00995782523761,-0.00990721451717)"><path class="sym-fill" fill="white" d="M1047 1022 l-187 -187 285 -285 285 -285 190 190 190 190 -282 282 c-156 156 -285 283 -288 283 -3 0 -90 -84 -193 -188z"/><path class="sym-line" fill="black" d="M597 2622 l-67 -67 385 -385 385 -385 67 68 68 67 -385 385 -385 385 -68 -68z M87 2492 l-67 -67 480 -480 480 -480 70 70 70 70 -477 477 c-263 263 -480 478 -483 478 -3 0 -36 -30 -73 -68z M1075 1320 l-480 -480 418 -417 417 -418 480 480 480 480 -418 418 -417 417 -480 -480z m455 -385 l285 -285 -193 -192 -192 -193 -287 287 -288 288 190 190 c104 104 192 190 195 190 3 0 133 -128 290 -285z"/></g></svg>
  <svg x='484' y='535'><g transform="translate(0.146427179928,11.7544805477) scale(0.00967082850362,-0.00967852689504)"><path class="sym-fill" fill="white" d="M503 985 c-159 -43 -265 -159 -295 -325 -22 -116 23 -252 112 -340 88 -89 224 -134 340 -112 178 33 299 154 332 332 22 115 -23 252 -110 339 -56 56 -107 85 -189 106 -70 18 -121 18 -190 0z m175 -200 c104 -44 151 -167 103 -270 -71 -153 -291 -153 -362 0 -33 72 -19 166 34 224 52 56 151 76 225 46z"/><path class="sym-line" fill="black" d="M435 1181 c-206 -60 -366 -224 -419 -428 -21 -78 -21 -228 0 -306 54 -208 223 -377 431 -431 78 -21 228 -21 306 0 208 54 377 223 431 431 21 78 21 228 0 306 -26 103 -80 195 -158 273 -78 78 -170 132 -273 158 -82 21 -240 20 -318 -3z m276 -197 c134 -40 234 -140 273 -273 62 -211 -60 -432 -273 -495 -210 -62 -433 61 -495 273 -61 207 56 426 264 492 70 23 161 24 231 3z M509 772 c-43 -22 -59 -38 -81 -81 -36 -68 -36 -114 0 -182 22 -43 38 -59 81 -81 68 -36 114 -36 182 0 43 22 59 38 81 81 36 68 36 114 0 182 -22 43 -38 59 -81 81 -68 36 -114 36 -182 0z"/></g></svg>
  <svg x='482' y='482'><g transform="translate(0.149874875465,34.7500790925) scale(0.00988906872676,-0.00988956850125)"><path class="sym-line" fill="black" d="M1528 3484 c-592 -92 -1088 -447 -1348 -963 -125 -249 -180 -485 -180 -771 0 -480 183 -911 529 -1242 350 -336 780 -508 1271 -508 451 0 864 150 1193 434 326 281 517 620 591 1051 21 121 21 409 0 530 -43 252 -114 444 -237 639 -282 453 -741 750 -1284 831 -127 19 -413 18 -535 -1z m607 -173 c583 -126 1038 -523 1224 -1069 59 -173 75 -277 75 -492 0 -165 -3 -211 -22 -300 -71 -327 -228 -611 -458 -829 -186 -177 -381 -295 -614 -374 -176 -60 -282 -78 -490 -84 -247 -7 -416 19 -628 97 -549 201 -944 674 -1043 1250 -17 97 -17 383 0 480 99 576 495 1050 1043 1250 105 38 177 58 303 81 143 26 467 21 610 -10z"/></g></svg>
  <svg x='491' y='523'><g transform="translate(0.043463926586,14.7505211307) scale(0.00985915292844,-0.00973472242044)"><path class="sym-fill" fill="white" d="M510 1100 l0 -400 140 0 140 0 0 400 0 400 -140 0 -140 0 0 -400z"/><path class="sym-line" fill="black" d="M330 1100 l0 -400 -159 -2 -160 -3 315 -347 c174 -192 319 -348 324 -348 5 0 150 156 324 348 l315 347 -160 3 -159 2 0 400 0 400 -90 0 -90 0 0 -400 0 -400 -140 0 -140 0 0 400 0 400 -90 0 -90 0 0 -400z"/></g></svg>
  <svg x='509' y='559'><g transform="translate(0.150398531432,6.94494141144) scale(0.00966757342839,-0.00970929130205)"><path class="sym-line" fill="black" d="M64 638 c-35 -33 -64 -64 -64 -68 0 -10 589 -550 600 -550 11 0 600 540 600 550 0 11 -127 130 -140 130 -6 0 -110 -90 -231 -200 -121 -110 -224 -200 -229 -200 -5 0 -108 90 -229 200 -121 110 -225 200 -231 200 -7 0 -41 -28 -76 -62z"/></g></svg>
</svg>