<svg version='1.1' xmlns='http://www.w3.org/2000/svg' width='74' height='76' viewBox='461 482 74 76'>
  <text font-size='0'>M535x558S37a06487x550S36d00478x517S15a1f476x503S34200487x482S3780b461x524S3780a462x520S37802518x519S30e00487x482S20300473x543</text>
  <svg x='487' y='550'><g transform="translate(0.0,2.0) scale(0.01,-0.01)"><path class="sym-line" fill="black" d="M0 100 l0 -100 2400 0 2400 0 0 100 0 100 -2400 0 -2400 0 0 -100z"/></g></svg>
  <svg x='478' y='517'><g transform="translate(0.0,4.0) scale(0.01,-0.01)"><path class="sym-line" fill="black" d="M0 200 l0 -200 2100 0 2100 0 0 200 0 200 -2100 0 -2100 0 0 -200z"/></g></svg>
  <svg x='476' y='503'><g transform="translate(0.149852532516,22.7560476437) scale(0.00989018587419,-0.00991168243272)"><path class="sym-fill" fill="white" d="M965 1320 l760 -760 137 137 138 138 -622 622 -623 623 -275 0 -275 0 760 -760z"/><path class="sym-line" fill="black" d="M0 1867 l0 -412 728 -728 727 -727 415 415 415 415 -725 725 -725 725 -417 0 -418 0 0 -413z m1375 -407 l630 -630 -138 -137 -137 -138 -760 760 c-418 418 -760 763 -760 767 0 5 120 8 268 8 l267 0 630 -630z"/></g></svg>
  <svg x='487' y='482'><g transform="translate(0.149874875465,34.7500790925) scale(0.00988906872676,-0.00988956850125)"><path class="sym-line" fill="black" d="M1528 3484 c-592 -92 -1088 -447 -1348 -963 -125 -249 -180 -485 -180 -771 0 -480 183 -911 529 -1242 350 -336 780 -508 1271 -508 451 0 864 150 1193 434 326 281 517 620 591 1051 21 121 21 409 0 530 -43 252 -114 444 -237 639 -282 453 -741 750 -1284 831 -127 19 -413 18 -535 -1z m607 -173 c583 -126 1038 -523 1224 -1069 59 -173 75 -277 75 -492 0 -165 -3 -211 -22 -300 -71 -327 -228 -611 -458 -829 -186 -177 -381 -295 -614 -374 -176 -60 -282 -78 -490 -84 -247 -7 -416 19 -628 97 -549 201 -944 674 -1043 1250 -17 97 -17 383 0 480 99 576 495 1050 1043 1250 105 38 177 58 303 81 143 26 467 21 610 -10z M993 1281 c-105 -36 -188 -110 -237 -211 -29 -60 -31 -73 -31 -170 0 -97 2 -110 31 -170 65 -134 207 -230 342 -230 l43 0 -3 52 c-3 52 -4 53 -38 59 -54 9 -115 44 -149 88 -39 49 -71 139 -71 201 0 62 32 152 71 201 34 44 95 79 149 88 34 6 35 7 38 59 l3 52 -48 -1 c-26 0 -72 -8 -100 -18z M1605 1280 c-91 -24 -226 -88 -306 -147 -76 -56 -169 -143 -168 -157 0 -12 102 -96 116 -96 4 0 33 25 63 56 135 137 296 204 490 204 195 0 360 -69 495 -206 29 -30 56 -54 60 -54 13 0 115 85 115 96 0 6 -24 33 -52 61 -116 109 -238 183 -373 229 -112 37 -320 44 -440 14z M2462 1249 l3 -54 44 -7 c117 -20 211 -148 211 -288 0 -140 -94 -268 -211 -288 l-44 -7 -3 -54 -3 -54 65 5 c118 10 235 83 302 189 75 119 75 299 0 418 -67 106 -184 179 -302 189 l-65 5 3 -54z"/></g></svg>
  <svg x='461' y='524'><g transform="translate(-1.02051218248,30.9549291903) scale(0.0106476984959,-0.0106474025028)"><path class="sym-line" fill="black" d="M1412 1587 c-716 -716 -1302 -1307 -1302 -1312 0 -13 152 -165 165 -165 13 0 2615 2602 2615 2615 0 13 -152 165 -165 165 -6 0 -596 -586 -1313 -1303z"/></g></svg>
  <svg x='462' y='520'><g transform="translate(0.00743966815015,32.4618200022) scale(0.00993121378524,-0.0102889625306)"><path class="sym-line" fill="black" d="M1402 2907 c-272 -528 -1381 -2703 -1387 -2719 -5 -13 13 -30 76 -72 46 -31 86 -52 90 -48 19 21 1509 2953 1505 2961 -3 5 -42 32 -85 59 l-80 51 -119 -232z"/></g></svg>
  <svg x='518' y='519'><g transform="translate(0.00758934082336,32.4653326659) scale(0.00990600575607,-0.0103109685146)"><path class="sym-line" fill="black" d="M92 3084 c-65 -43 -82 -59 -77 -72 9 -26 1496 -2936 1504 -2944 6 -7 171 97 171 108 0 7 -1501 2947 -1509 2956 -3 3 -44 -18 -89 -48z"/></g></svg>
  <svg x='487' y='482'><g transform="translate(0.149874875465,34.7500790925) scale(0.00988906872676,-0.00988956850125)"><path class="sym-line" fill="black" d="M1528 3484 c-592 -92 -1088 -447 -1348 -963 -125 -249 -180 -485 -180 -771 0 -480 183 -911 529 -1242 350 -336 780 -508 1271 -508 451 0 864 150 1193 434 326 281 517 620 591 1051 21 121 21 409 0 530 -43 252 -114 444 -237 639 -282 453 -741 750 -1284 831 -127 19 -413 18 -535 -1z m607 -173 c583 -126 1038 -523 1224 -1069 59 -173 75 -277 75 -492 0 -165 -3 -211 -22 -300 -71 -327 -228 -611 -458 -829 -186 -177 -381 -295 -614 -374 -176 -60 -282 -78 -490 -84 -247 -7 -416 19 -628 97 -549 201 -944 674 -1043 1250 -17 97 -17 383 0 480 99 576 495 1050 1043 1250 105 38 177 58 303 81 143 26 467 21 610 -10z M720 2650 l0 -50 233 0 232 -1 245 -239 245 -239 40 40 40 41 -255 249 -255 249 -262 0 -263 0 0 -50z M2100 2450 l-255 -249 40 -41 41 -41 246 241 246 240 236 0 236 0 0 50 0 50 -267 0 -268 -1 -255 -249z M510 2350 l0 -50 256 0 256 0 204 -200 c112 -110 210 -200 217 -200 7 0 29 16 47 35 l35 36 -220 214 -220 214 -287 0 -288 1 0 -50z M2343 2229 c-98 -94 -198 -191 -222 -214 l-43 -43 38 -36 c22 -19 43 -36 48 -36 5 0 100 90 212 200 l204 200 255 0 255 0 0 50 0 50 -285 0 -284 0 -178 -171z"/></g></svg>
  <svg x='473' y='543'><g transform="translate(0.0,15.0) scale(0.01,-0.01)"><path class="sym-fill" fill="white" d="M200 750 l0 -550 550 0 550 0 0 550 0 550 -550 0 -550 0 0 -550z"/><path class="sym-line" fill="black" d="M0 750 l0 -750 750 0 750 0 0 750 0 750 -750 0 -750 0 0 -750z m1300 0 l0 -550 -550 0 -550 0 0 550 0 550 550 0 550 0 0 -550z"/></g></svg>
</svg>