<svg version='1.1' xmlns='http://www.w3.org/2000/svg' width='74' height='82' viewBox='462 482 74 82'>
  <text font-size='0'>M536x564S32105485x482S36d00479x520S15a1f477x506S15a12464x552S3780b462x527S3780a463x523S37802519x522S37a06488x553</text>
  <svg x='485' y='482'><g transform="translate(0.149874875465,34.7500790925) scale(0.00988906872676,-0.00988956850125)"><path class="sym-line" fill="black" d="M1528 3484 c-592 -92 -1088 -447 -1348 -963 -125 -249 -180 -485 -180 -771 0 -480 183 -911 529 -1242 350 -336 780 -508 1271 -508 451 0 864 150 1193 434 326 281 517 620 591 1051 21 121 21 409 0 530 -43 252 -114 444 -237 639 -282 453 -741 750 -1284 831 -127 19 -413 18 -535 -1z m607 -173 c583 -126 1038 -523 1224 -1069 59 -173 75 -277 75 -492 0 -165 -3 -211 -22 -300 -71 -327 -228 -611 -458 -829 -186 -177 -381 -295 -614 -374 -176 -60 -282 -78 -490 -84 -247 -7 -416 19 -628 97 -549 201 -944 674 -1043 1250 -17 97 -17 383 0 480 99 576 495 1050 1043 1250 105 38 177 58 303 81 143 26 467 21 610 -10z M1092 2546 l-37 -35 90 -91 c50 -50 134 -132 188 -182 l98 -91 40 39 40 40 -185 177 c-101 97 -187 177 -190 177 -4 0 -23 -16 -44 -34z M2227 2542 l-38 -39 181 -174 c100 -96 185 -175 189 -177 3 -1 24 15 44 36 l38 39 -181 174 c-100 96 -184 175 -188 177 -4 1 -25 -15 -45 -36z M877 2332 l-38 -39 181 -176 c100 -98 185 -177 189 -177 4 0 24 17 44 38 l37 38 -184 177 c-101 97 -186 177 -188 177 -2 0 -21 -17 -41 -38z M1540 2135 l0 -234 -240 6 -240 6 0 -56 0 -57 295 0 295 0 0 285 0 285 -55 0 -55 0 0 -235z M2006 2331 l-37 -38 181 -174 c100 -96 184 -175 189 -177 4 -1 25 13 47 33 l39 35 -185 180 c-102 99 -187 180 -190 180 -3 0 -23 -17 -44 -39z M2670 2135 l0 -234 -240 6 -240 6 0 -56 0 -57 295 0 295 0 0 285 0 285 -55 0 -55 0 0 -235z"/></g></svg>
  <svg x='479' y='520'><g transform="translate(0.0,4.0) scale(0.01,-0.01)"><path class="sym-line" fill="black" d="M0 200 l0 -200 2100 0 2100 0 0 200 0 200 -2100 0 -2100 0 0 -200z"/></g></svg>
  <svg x='477' y='506'><g transform="translate(0.149852532516,22.7560476437) scale(0.00989018587419,-0.00991168243272)"><path class="sym-fill" fill="white" d="M965 1320 l760 -760 137 137 138 138 -622 622 -623 623 -275 0 -275 0 760 -760z"/><path class="sym-line" fill="black" d="M0 1867 l0 -412 728 -728 727 -727 415 415 415 415 -725 725 -725 725 -417 0 -418 0 0 -413z m1375 -407 l630 -630 -138 -137 -137 -138 -760 760 c-418 418 -760 763 -760 767 0 5 120 8 268 8 l267 0 630 -630z"/></g></svg>
  <svg x='464' y='552'><g transform="translate(0.198694149149,11.7516936221) scale(0.00983400277537,-0.00966938010173)"><path class="sym-fill" fill="white" d="M485 400 l200 -200 907 0 908 0 0 200 0 200 -1107 0 -1108 0 200 -200z"/><path class="sym-line" fill="black" d="M295 900 l-300 -300 300 -300 300 -300 1052 0 1053 0 0 600 0 600 -1053 0 -1052 0 -300 -300z m2205 -500 l0 -200 -913 0 -912 0 -200 200 -200 200 1113 0 1112 0 0 -200z"/></g></svg>
  <svg x='462' y='527'><g transform="translate(-1.02051218248,30.9549291903) scale(0.0106476984959,-0.0106474025028)"><path class="sym-line" fill="black" d="M1412 1587 c-716 -716 -1302 -1307 -1302 -1312 0 -13 152 -165 165 -165 13 0 2615 2602 2615 2615 0 13 -152 165 -165 165 -6 0 -596 -586 -1313 -1303z"/></g></svg>
  <svg x='463' y='523'><g transform="translate(0.00743966815015,32.4618200022) scale(0.00993121378524,-0.0102889625306)"><path class="sym-line" fill="black" d="M1402 2907 c-272 -528 -1381 -2703 -1387 -2719 -5 -13 13 -30 76 -72 46 -31 86 -52 90 -48 19 21 1509 2953 1505 2961 -3 5 -42 32 -85 59 l-80 51 -119 -232z"/></g></svg>
  <svg x='519' y='522'><g transform="translate(0.00758934082336,32.4653326659) scale(0.00990600575607,-0.0103109685146)"><path class="sym-line" fill="black" d="M92 3084 c-65 -43 -82 -59 -77 -72 9 -26 1496 -2936 1504 -2944 6 -7 171 97 171 108 0 7 -1501 2947 -1509 2956 -3 3 -44 -18 -89 -48z"/></g></svg>
  <svg x='488' y='553'><g transform="translate(0.0,2.0) scale(0.01,-0.01)"><path class="sym-line" fill="black" d="M0 100 l0 -100 2400 0 2400 0 0 100 0 100 -2400 0 -2400 0 0 -100z"/></g></svg>
</svg>