<svg version='1.1' xmlns='http://www.w3.org/2000/svg' width='73' height='127' viewBox='464 437 73 127'>
  <text font-size='0'>M537x564S37607484x443S11551488x446S20600464x437S14040508x500S14048476x500S2d512486x539S2d50a516x538S20500506x553</text>
  <svg x='484' y='443'><g transform="translate(0.0,49.0) scale(0.01,-0.01)"><path class="sym-fill" fill="white" d="M852 4047 l-853 -853 3 -72 3 -72 925 925 925 925 -75 0 -75 0 -853 -853z M1097 3853 l-897 -898 0 -1478 0 -1477 50 0 50 0 0 1452 0 1453 850 850 851 851 -3 72 -3 72 -898 -897z"/><path class="sym-line" fill="black" d="M932 3967 l-932 -932 0 -1518 0 -1517 100 0 100 0 0 1482 0 1483 900 900 900 900 -68 68 -67 67 -933 -933z"/></g></svg>
  <svg x='488' y='446'><g transform="translate(0.038751580183,24.8488904604) scale(0.00994810149705,-0.00988018118416)"><path class="sym-line" fill="black" d="M196 2431 l-69 -69 468 -494 c257 -271 474 -500 481 -508 12 -12 23 -6 79 50 36 35 65 70 65 77 0 9 -944 1013 -953 1013 -1 0 -33 -31 -71 -69z M71 1896 c-35 -35 -62 -69 -60 -74 2 -6 175 -192 384 -412 l380 -402 67 72 67 73 -67 72 c-246 263 -697 735 -702 735 -3 0 -34 -29 -69 -64z M1380 1398 c-261 -275 -475 -507 -475 -513 0 -13 812 -875 824 -875 10 0 956 1000 956 1009 0 6 -824 881 -829 881 0 0 -215 -226 -476 -502z"/></g></svg>
  <svg x='464' y='437'><g transform="translate(-0.213271809649,10.7500002304) scale(0.0101476511593,-0.00963778430032)"><path class="sym-line" fill="black" d="M450 895 l0 -205 -172 105 -172 105 -39 -71 c-32 -57 -37 -73 -26 -80 8 -5 83 -50 167 -100 83 -50 152 -95 152 -99 0 -4 -69 -49 -152 -99 -84 -50 -159 -95 -167 -100 -11 -7 -6 -23 26 -80 l39 -71 172 105 172 105 0 -205 0 -205 75 0 75 0 2 204 3 204 155 -95 c85 -52 163 -99 172 -104 14 -7 23 2 52 58 20 37 36 70 36 74 0 4 -74 51 -165 105 -91 54 -165 101 -165 104 0 3 74 50 165 104 91 54 165 101 165 105 0 4 -16 37 -36 74 -29 56 -38 65 -52 58 -9 -5 -87 -52 -172 -104 l-155 -95 -3 204 -2 204 -75 0 -75 0 0 -205z M1600 895 l0 -204 -167 100 c-93 56 -171 103 -174 105 -4 2 -23 -28 -44 -67 -30 -57 -35 -73 -24 -80 8 -5 83 -50 166 -101 84 -51 153 -95 153 -98 0 -3 -69 -47 -153 -98 -83 -51 -158 -96 -166 -101 -11 -7 -6 -23 24 -80 21 -39 40 -69 44 -67 3 2 81 49 174 105 l167 100 0 -204 0 -205 75 0 75 0 0 205 0 204 168 -100 c92 -56 170 -103 173 -105 3 -1 23 29 43 68 31 56 36 72 25 79 -8 5 -83 50 -166 101 -84 51 -153 95 -153 98 0 3 69 47 153 98 83 51 158 96 166 101 11 7 6 23 -25 79 -20 39 -40 69 -43 68 -3 -2 -81 -49 -173 -105 l-168 -100 0 204 0 205 -75 0 -75 0 0 -205z"/></g></svg>
  <svg x='508' y='500'><g transform="translate(0.0,30.0) scale(0.01,-0.01)"><path class="sym-fill" fill="white" d="M1600 650 l0 -450 300 0 300 0 0 450 0 450 -300 0 -300 0 0 -450z"/><path class="sym-line" fill="black" d="M1400 2250 l0 -750 100 0 100 0 0 750 0 750 -100 0 -100 0 0 -750z M262 1878 l-72 -73 152 -152 153 -153 -248 0 -247 0 0 -100 0 -100 347 0 348 0 302 -302 303 -303 0 150 0 150 -152 152 -153 153 153 0 152 0 0 100 0 100 -253 0 -252 0 -225 225 c-124 124 -227 225 -230 225 -3 0 -38 -33 -78 -72z M1400 650 l0 -650 750 0 750 0 0 650 0 650 -750 0 -750 0 0 -650z m800 0 l0 -450 -300 0 -300 0 0 450 0 450 300 0 300 0 0 -450z"/></g></svg>
  <svg x='476' y='500'><g transform="translate(0.0,30.0) scale(0.01,-0.01)"><path class="sym-fill" fill="white" d="M700 650 l0 -450 300 0 300 0 0 450 0 450 -300 0 -300 0 0 -450z"/><path class="sym-line" fill="black" d="M1300 2250 l0 -750 100 0 100 0 0 750 0 750 -100 0 -100 0 0 -750z M2330 1725 l-225 -225 -252 0 -253 0 0 -100 0 -100 152 0 153 0 -153 -153 -152 -152 0 -150 0 -150 303 303 302 302 348 0 347 0 0 100 0 100 -247 0 -248 0 153 153 152 152 -73 73 c-40 39 -75 72 -77 72 -3 0 -106 -101 -230 -225z M0 650 l0 -650 750 0 750 0 0 650 0 650 -750 0 -750 0 0 -650z m1300 0 l0 -450 -300 0 -300 0 0 450 0 450 300 0 300 0 0 -450z"/></g></svg>
  <svg x='486' y='539'><g transform="translate(0.143140916467,15.7010613696) scale(0.0100316921513,-0.00972038991848)"><path class="sym-fill" fill="white" d="M1400 550 l0 -305 152 153 153 152 -153 152 -152 153 0 -305z"/><path class="sym-line" fill="black" d="M348 1581 c-157 -50 -282 -176 -329 -332 -18 -61 -20 -88 -17 -271 3 -183 6 -209 26 -260 50 -125 165 -239 290 -290 56 -23 63 -23 520 -26 l462 -3 0 -202 0 -202 277 278 278 277 -278 277 -277 278 0 -203 0 -203 -427 3 c-331 3 -436 7 -463 18 -89 34 -161 107 -191 195 -19 55 -19 315 0 370 30 88 101 160 191 196 28 11 157 14 663 17 l627 3 0 49 0 50 -647 -1 c-599 0 -652 -1 -705 -18z m1204 -1183 l-152 -153 0 305 0 305 152 -153 153 -152 -153 -152z"/></g></svg>
  <svg x='516' y='538'><g transform="translate(-0.304104453927,15.7020448372) scale(0.0100547429145,-0.00971347050652)"><path class="sym-line" fill="black" d="M200 1551 l0 -50 628 -3 c505 -3 634 -6 662 -17 90 -36 161 -108 191 -196 19 -55 19 -315 0 -370 -30 -88 -102 -161 -191 -195 -27 -11 -132 -15 -462 -18 l-428 -3 0 203 0 203 -277 -278 -278 -277 278 -277 277 -278 0 202 0 202 463 3 c456 3 463 3 519 26 125 51 239 165 290 290 22 54 23 70 23 282 0 212 -1 228 -23 282 -51 125 -165 239 -290 290 l-57 23 -662 3 -663 3 0 -50z"/></g></svg>
  <svg x='506' y='553'><g transform="translate(-0.221878406359,10.7500002304) scale(0.0103429235226,-0.00963778430032)"><path class="sym-line" fill="black" d="M430 895 l0 -205 -37 23 c-21 13 -95 61 -165 105 l-128 82 -36 -71 c-19 -40 -32 -75 -27 -79 4 -3 74 -48 156 -99 81 -51 147 -97 147 -101 0 -4 -66 -50 -147 -101 -82 -51 -152 -96 -156 -99 -5 -4 8 -39 27 -79 l36 -71 128 82 c70 44 144 92 165 105 l37 23 0 -205 0 -205 70 0 70 0 0 205 0 205 38 -23 c20 -13 94 -61 164 -105 l128 -82 36 71 c19 40 32 75 27 79 -4 3 -74 48 -155 99 -82 51 -148 97 -148 101 0 4 66 50 148 101 81 51 151 96 155 99 5 4 -8 39 -27 79 l-36 71 -128 -82 c-70 -44 -144 -92 -164 -105 l-38 -23 0 205 0 205 -70 0 -70 0 0 -205z"/></g></svg>
</svg>