<svg version='1.1' xmlns='http://www.w3.org/2000/svg' width='73' height='97' viewBox='464 452 73 97'>
  <text font-size='0'>M537x549S11002504x469S1100a470x470S20600490x452S15d40518x494S15d48464x495S22a14471x532S22a04519x530S2fb04493x543</text>
  <svg x='504' y='469'><g transform="translate(0.0,15.0) scale(0.01,-0.01)"><path class="sym-fill" fill="white" d="M1400 750 l0 -550 550 0 550 0 0 550 0 550 -550 0 -550 0 0 -550z"/><path class="sym-line" fill="black" d="M200 1200 l0 -300 300 0 300 0 0 100 0 100 -200 0 -200 0 0 100 0 100 400 0 400 0 0 -300 0 -300 -600 0 -600 0 0 -300 0 -300 300 0 300 0 0 100 0 100 -200 0 -200 0 0 100 0 100 500 0 500 0 0 -250 0 -250 750 0 750 0 0 750 0 750 -1250 0 -1250 0 0 -300z m2300 -450 l0 -550 -550 0 -550 0 0 550 0 550 550 0 550 0 0 -550z"/></g></svg>
  <svg x='470' y='470'><g transform="translate(0.0,15.0) scale(0.01,-0.01)"><path class="sym-fill" fill="white" d="M200 750 l0 -550 550 0 550 0 0 550 0 550 -550 0 -550 0 0 -550z"/><path class="sym-line" fill="black" d="M0 750 l0 -750 750 0 750 0 0 250 0 250 500 0 500 0 0 -100 0 -100 -200 0 -200 0 0 -100 0 -100 300 0 300 0 0 300 0 300 -600 0 -600 0 0 300 0 300 400 0 400 0 0 -100 0 -100 -200 0 -200 0 0 -100 0 -100 300 0 300 0 0 300 0 300 -1250 0 -1250 0 0 -750z m1300 0 l0 -550 -550 0 -550 0 0 550 0 550 550 0 550 0 0 -550z"/></g></svg>
  <svg x='490' y='452'><g transform="translate(-0.213271809649,10.7500002304) scale(0.0101476511593,-0.00963778430032)"><path class="sym-line" fill="black" d="M450 895 l0 -205 -172 105 -172 105 -39 -71 c-32 -57 -37 -73 -26 -80 8 -5 83 -50 167 -100 83 -50 152 -95 152 -99 0 -4 -69 -49 -152 -99 -84 -50 -159 -95 -167 -100 -11 -7 -6 -23 26 -80 l39 -71 172 105 172 105 0 -205 0 -205 75 0 75 0 2 204 3 204 155 -95 c85 -52 163 -99 172 -104 14 -7 23 2 52 58 20 37 36 70 36 74 0 4 -74 51 -165 105 -91 54 -165 101 -165 104 0 3 74 50 165 104 91 54 165 101 165 105 0 4 -16 37 -36 74 -29 56 -38 65 -52 58 -9 -5 -87 -52 -172 -104 l-155 -95 -3 204 -2 204 -75 0 -75 0 0 -205z M1600 895 l0 -204 -167 100 c-93 56 -171 103 -174 105 -4 2 -23 -28 -44 -67 -30 -57 -35 -73 -24 -80 8 -5 83 -50 166 -101 84 -51 153 -95 153 -98 0 -3 -69 -47 -153 -98 -83 -51 -158 -96 -166 -101 -11 -7 -6 -23 24 -80 21 -39 40 -69 44 -67 3 2 81 49 174 105 l167 100 0 -204 0 -205 75 0 75 0 0 205 0 204 168 -100 c92 -56 170 -103 173 -105 3 -1 23 29 43 68 31 56 36 72 25 79 -8 5 -83 50 -166 101 -84 51 -153 95 -153 98 0 3 69 47 153 98 83 51 158 96 166 101 11 7 6 23 -25 79 -20 39 -40 69 -43 68 -3 -2 -81 -49 -173 -105 l-168 -100 0 204 0 205 -75 0 -75 0 0 -205z"/></g></svg>
  <svg x='518' y='494'><g transform="translate(0.151880478427,26.7522648112) scale(0.00978878857863,-0.00985915829359)"><path class="sym-fill" fill="white" d="M418 2212 l-208 -196 0 -158 0 -158 -105 0 -105 0 0 -150 0 -150 105 0 105 0 0 -600 0 -600 210 0 210 0 0 600 0 600 320 0 320 0 0 150 0 150 -320 0 -320 0 -2 354 -3 354 -207 -196z"/><path class="sym-line" fill="black" d="M313 2405 l-313 -296 0 -205 0 -204 105 0 105 0 0 159 0 160 206 195 c113 108 210 196 215 196 5 0 9 -147 9 -355 l0 -355 315 0 315 0 0 203 0 204 -311 294 c-171 162 -316 295 -322 297 -7 1 -153 -131 -324 -293z M0 700 l0 -700 635 0 635 0 0 148 0 147 315 298 c173 164 315 301 315 305 0 4 -33 40 -73 80 l-73 73 -240 -227 -239 -226 -3 401 -2 401 -315 0 -315 0 0 -600 0 -600 -215 0 -215 0 0 600 0 600 -105 0 -105 0 0 -700z"/></g></svg>
  <svg x='464' y='495'><g transform="translate(0.0,27.0) scale(0.01,-0.01)"><path class="sym-fill" fill="white" d="M1270 2057 l0 -357 -320 0 -320 0 0 -150 0 -150 320 0 320 0 0 -600 0 -600 210 0 210 0 0 600 0 600 105 0 105 0 0 150 0 150 -105 0 -105 0 0 158 0 158 -152 145 c-84 79 -179 168 -210 198 l-58 54 0 -356z"/><path class="sym-line" fill="black" d="M943 2402 l-313 -296 0 -203 0 -203 320 0 320 0 2 357 3 358 207 -195 206 -195 1 -162 1 -163 105 0 105 0 0 204 0 205 -312 295 c-171 163 -316 296 -322 296 -6 -1 -152 -134 -323 -298z M628 1000 l-3 -401 -239 226 -240 226 -73 -73 c-40 -40 -73 -76 -73 -80 0 -4 142 -141 315 -305 l315 -298 0 -147 0 -148 635 0 635 0 0 700 0 700 -105 0 -105 0 0 -600 0 -600 -210 0 -210 0 0 600 0 600 -320 0 -320 0 -2 -400z"/></g></svg>
  <svg x='471' y='532'><g transform="translate(0.043463926586,14.7505211307) scale(0.00985915292844,-0.00973472242044)"><path class="sym-fill" fill="white" d="M510 1100 l0 -400 140 0 140 0 0 400 0 400 -140 0 -140 0 0 -400z M277 557 c144 -163 368 -407 373 -407 5 0 229 244 373 407 l39 43 -412 0 -412 0 39 -43z"/><path class="sym-line" fill="black" d="M330 1100 l0 -400 -159 -2 -160 -3 315 -347 c174 -192 319 -348 324 -348 5 0 150 156 324 348 l315 347 -160 3 -159 2 0 400 0 400 -90 0 -90 0 0 -400 0 -400 -140 0 -140 0 0 400 0 400 -90 0 -90 0 0 -400z m714 -522 c-82 -96 -388 -428 -394 -428 -6 0 -312 332 -394 428 l-19 22 413 0 413 0 -19 -22z"/></g></svg>
  <svg x='519' y='530'><g transform="translate(0.043463926586,14.7505211307) scale(0.00985915292844,-0.00973472242044)"><path class="sym-fill" fill="white" d="M510 1100 l0 -400 140 0 140 0 0 400 0 400 -140 0 -140 0 0 -400z"/><path class="sym-line" fill="black" d="M330 1100 l0 -400 -159 -2 -160 -3 315 -347 c174 -192 319 -348 324 -348 5 0 150 156 324 348 l315 347 -160 3 -159 2 0 400 0 400 -90 0 -90 0 0 -400 0 -400 -140 0 -140 0 0 400 0 400 -90 0 -90 0 0 -400z"/></g></svg>
  <svg x='493' y='543'><g transform="translate(0.178125321737,5.7484375) scale(0.00969593203301,-0.00933333333333)"><path class="sym-line" fill="black" d="M4 569 c22 -111 99 -242 206 -349 151 -151 320 -220 540 -220 220 0 389 69 540 220 107 107 184 238 206 349 l7 31 -61 0 -61 0 -42 -82 c-54 -104 -163 -218 -264 -274 -154 -85 -340 -108 -501 -61 -176 51 -331 177 -413 335 l-42 82 -61 0 -61 0 7 -31z"/></g></svg>
</svg>