<svg version='1.1' xmlns='http://www.w3.org/2000/svg' width='73' height='109' viewBox='464 446 73 109'>
  <text font-size='0'>M537x555S20b00488x474S22104464x516S20b00471x474S15a09475x447S2e108505x453S15a40514x509S15a48475x517S18048488x540S18040486x502S22104525x508S15a01478x446</text>
  <svg x='488' y='474'><g transform="translate(0.0,13.0) scale(0.01,-0.01)"><path class="sym-fill" fill="white" d="M500 650 l0 -150 150 0 150 0 0 150 0 150 -150 0 -150 0 0 -150z"/><path class="sym-line" fill="black" d="M300 1150 l0 -150 -150 0 -150 0 0 -100 0 -100 150 0 150 0 0 -150 0 -150 -150 0 -150 0 0 -100 0 -100 150 0 150 0 0 -150 0 -150 100 0 100 0 0 150 0 150 150 0 150 0 0 -150 0 -150 100 0 100 0 0 150 0 150 150 0 150 0 0 100 0 100 -150 0 -150 0 0 150 0 150 150 0 150 0 0 100 0 100 -150 0 -150 0 0 150 0 150 -100 0 -100 0 0 -150 0 -150 -150 0 -150 0 0 150 0 150 -100 0 -100 0 0 -150z m500 -500 l0 -150 -150 0 -150 0 0 150 0 150 150 0 150 0 0 -150z"/></g></svg>
  <svg x='464' y='516'><g transform="translate(0.150398531432,6.94494141144) scale(0.00966757342839,-0.00970929130205)"><path class="sym-line" fill="black" d="M64 638 c-35 -33 -64 -64 -64 -68 0 -10 589 -550 600 -550 11 0 600 540 600 550 0 11 -127 130 -140 130 -6 0 -110 -90 -231 -200 -121 -110 -224 -200 -229 -200 -5 0 -108 90 -229 200 -121 110 -225 200 -231 200 -7 0 -41 -28 -76 -62z"/></g></svg>
  <svg x='471' y='474'><g transform="translate(0.0,13.0) scale(0.01,-0.01)"><path class="sym-fill" fill="white" d="M500 650 l0 -150 150 0 150 0 0 150 0 150 -150 0 -150 0 0 -150z"/><path class="sym-line" fill="black" d="M300 1150 l0 -150 -150 0 -150 0 0 -100 0 -100 150 0 150 0 0 -150 0 -150 -150 0 -150 0 0 -100 0 -100 150 0 150 0 0 -150 0 -150 100 0 100 0 0 150 0 150 150 0 150 0 0 -150 0 -150 100 0 100 0 0 150 0 150 150 0 150 0 0 100 0 100 -150 0 -150 0 0 150 0 150 150 0 150 0 0 100 0 100 -150 0 -150 0 0 150 0 150 -100 0 -100 0 0 -150 0 -150 -150 0 -150 0 0 150 0 150 -100 0 -100 0 0 -150z m500 -500 l0 -150 -150 0 -150 0 0 150 0 150 150 0 150 0 0 -150z"/></g></svg>
  <svg x='475' y='447'><g transform="translate(0.149415820392,22.899520137) scale(0.00991202148038,-0.00989177505957)"><path class="sym-fill" fill="white" d="M910 1475 l-625 -625 275 -275 275 -275 622 622 623 623 0 277 0 278 -273 0 -272 0 -625 -625z"/><path class="sym-line" fill="black" d="M727 1572 l-727 -727 415 -415 415 -415 725 725 725 725 0 417 0 418 -413 0 -412 0 -728 -728z m1361 253 l2 -270 -630 -630 -630 -630 -275 275 -275 275 627 628 628 627 275 -2 275 -3 3 -270z"/></g></svg>
  <svg x='505' y='453'><g transform="translate(0.0,29.0) scale(0.01,-0.01)"><path class="sym-fill" fill="white" d="M1000 1450 l0 -1450 150 0 150 0 0 1450 0 1450 -150 0 -150 0 0 -1450z"/><path class="sym-line" fill="black" d="M900 2535 l0 -365 -27 -6 c-59 -15 -181 -72 -252 -119 -72 -47 -360 -318 -403 -378 l-21 -29 71 -71 71 -71 168 165 c93 91 188 179 213 196 42 29 163 93 175 93 3 0 5 -198 5 -440 l0 -440 -27 -6 c-59 -15 -181 -72 -253 -119 -41 -28 -124 -99 -183 -159 l-108 -110 -165 165 -164 164 0 -403 0 -402 402 0 403 0 -165 165 -165 165 80 81 c98 98 179 160 267 205 37 19 70 34 73 34 3 0 5 -191 5 -425 l0 -425 50 0 50 0 0 1450 0 1450 -50 0 -50 0 0 -365z M1300 1450 l0 -1450 50 0 50 0 0 425 c0 234 2 425 5 425 12 0 133 -64 175 -93 25 -17 120 -105 213 -196 l168 -165 71 71 71 71 -21 29 c-43 60 -331 331 -403 378 -71 47 -193 104 -251 119 l-28 6 0 440 c0 242 2 440 5 440 3 0 36 -15 73 -34 88 -45 169 -107 267 -205 l80 -81 -165 -165 -165 -165 403 0 402 0 0 402 0 403 -164 -164 -165 -165 -108 110 c-59 60 -142 131 -183 159 -72 47 -194 104 -252 119 l-28 6 0 365 0 365 -50 0 -50 0 0 -1450z"/></g></svg>
  <svg x='514' y='509'><g transform="translate(0.0,27.0) scale(0.01,-0.01)"><path class="sym-fill" fill="white" d="M398 2213 l-198 -198 0 -158 0 -157 -100 0 -100 0 0 -150 0 -150 100 0 100 0 0 -600 0 -600 200 0 200 0 0 600 0 600 300 0 300 0 0 150 0 150 -300 0 -300 0 -2 355 -3 355 -197 -197z"/><path class="sym-line" fill="black" d="M297 2402 l-297 -297 0 -203 0 -202 100 0 100 0 0 163 0 162 200 200 200 200 0 -363 0 -362 300 0 300 0 0 203 0 202 -298 298 c-163 163 -299 297 -302 297 -3 0 -139 -134 -303 -298z M0 700 l0 -700 600 0 600 0 0 700 0 700 -300 0 -300 0 0 -600 0 -600 -200 0 -200 0 0 600 0 600 -100 0 -100 0 0 -700z"/></g></svg>
  <svg x='475' y='517'><g transform="translate(0.0,27.0) scale(0.01,-0.01)"><path class="sym-fill" fill="white" d="M600 2057 l0 -357 -300 0 -300 0 0 -150 0 -150 300 0 300 0 0 -600 0 -600 200 0 200 0 0 600 0 600 100 0 100 0 0 150 0 150 -100 0 -100 0 0 158 0 157 -200 200 -200 200 0 -358z"/><path class="sym-line" fill="black" d="M297 2402 l-297 -297 0 -203 0 -202 300 0 300 0 0 362 0 363 200 -200 200 -200 0 -162 0 -163 100 0 100 0 0 203 0 202 -298 298 c-163 163 -299 297 -302 297 -3 0 -139 -134 -303 -298z M0 700 l0 -700 600 0 600 0 0 700 0 700 -100 0 -100 0 0 -600 0 -600 -200 0 -200 0 0 600 0 600 -300 0 -300 0 0 -700z"/></g></svg>
  <svg x='488' y='540'><g transform="translate(-0.169066603257,14.7505211307) scale(0.00997368492407,-0.00973472242044)"><path class="sym-fill" fill="white" d="M1120 750 l0 -650 155 0 155 0 0 650 0 650 -155 0 -155 0 0 -650z"/><path class="sym-line" fill="black" d="M690 750 l0 -750 425 0 425 0 0 750 0 750 -425 0 -425 0 0 -750z m740 0 l0 -650 -160 0 -160 0 0 650 0 650 160 0 160 0 0 -650z M1740 1300 l0 -200 680 0 680 0 0 200 0 200 -680 0 -680 0 0 -200z M102 1014 c-40 -37 -72 -72 -70 -78 4 -15 548 -536 559 -536 5 0 9 64 9 143 l-1 142 -202 194 c-111 107 -207 196 -212 198 -6 1 -43 -27 -83 -63z"/></g></svg>
  <svg x='486' y='502'><g transform="translate(0.148157085707,14.7505211307) scale(0.00997495821463,-0.00973472242044)"><path class="sym-fill" fill="white" d="M1670 750 l0 -650 155 0 155 0 0 650 0 650 -155 0 -155 0 0 -650z"/><path class="sym-line" fill="black" d="M0 1300 l0 -200 680 0 680 0 0 200 0 200 -680 0 -680 0 0 -200z M1560 750 l0 -750 425 0 425 0 0 750 0 750 -425 0 -425 0 0 -750z m430 0 l0 -650 -160 0 -160 0 0 650 0 650 160 0 160 0 0 -650z M2707 883 l-206 -198 -1 -142 c0 -79 4 -143 9 -143 11 0 555 521 559 536 3 10 -126 134 -147 142 -4 1 -100 -86 -214 -195z"/></g></svg>
  <svg x='525' y='508'><g transform="translate(0.150398531432,6.94494141144) scale(0.00966757342839,-0.00970929130205)"><path class="sym-line" fill="black" d="M64 638 c-35 -33 -64 -64 -64 -68 0 -10 589 -550 600 -550 11 0 600 540 600 550 0 11 -127 130 -140 130 -6 0 -110 -90 -231 -200 -121 -110 -224 -200 -229 -200 -5 0 -108 90 -229 200 -121 110 -225 200 -231 200 -7 0 -41 -28 -76 -62z"/></g></svg>
  <svg x='478' y='446'><g transform="translate(-0.0476493766782,22.899520137) scale(0.00991202148038,-0.00989177505957)"><path class="sym-fill" fill="white" d="M220 1822 l0 -277 623 -623 622 -622 275 275 275 275 -625 625 -625 625 -272 0 -273 0 0 -278z"/><path class="sym-line" fill="black" d="M20 1882 l0 -417 725 -725 725 -725 415 415 415 415 -727 727 -728 728 -412 0 -413 0 0 -418z m1373 -410 l627 -627 -275 -275 -275 -275 -630 630 -630 630 0 266 c0 146 3 269 7 272 3 4 128 7 277 7 l271 0 628 -628z"/></g></svg>
</svg>