<svg version='1.1' xmlns='http://www.w3.org/2000/svg' width='74' height='144' viewBox='463 428 74 144'>
  <text font-size='0'>M537x572S15a1a506x476S15a11478x428S37806475x480S37803497x447S28903463x449S15a50525x505S15a1a496x530S37806464x534S2890e498x557S20500466x539</text>
  <svg x='506' y='476'><g transform="translate(0.150976194493,11.7516936221) scale(0.00983400277537,-0.00966938010173)"><path class="sym-fill" fill="white" d="M200 400 l0 -200 908 0 907 0 200 200 200 200 -1108 0 -1107 0 0 -200z"/><path class="sym-line" fill="black" d="M0 600 l0 -600 1053 0 1052 0 300 300 300 300 -300 300 -300 300 -1052 0 -1053 0 0 -600z m2225 -200 l-200 -200 -912 0 -913 0 0 200 0 200 1112 0 1113 0 -200 -200z"/></g></svg>
  <svg x='478' y='428'><g transform="translate(-0.0476493766782,22.899520137) scale(0.00991202148038,-0.00989177505957)"><path class="sym-fill" fill="white" d="M220 1820 l0 -275 623 -623 622 -622 138 138 137 137 -760 760 -760 760 0 -275z"/><path class="sym-line" fill="black" d="M20 1882 l0 -417 725 -725 725 -725 415 415 415 415 -727 727 -728 728 -412 0 -413 0 0 -418z m965 -552 l760 -760 -138 -137 -137 -138 -630 630 -630 630 0 267 c0 148 3 268 8 268 4 0 349 -342 767 -760z"/></g></svg>
  <svg x='475' y='480'><g transform="translate(0.0,2.0) scale(0.01,-0.01)"><path class="sym-line" fill="black" d="M0 100 l0 -100 1600 0 1600 0 0 100 0 100 -1600 0 -1600 0 0 -100z"/></g></svg>
  <svg x='497' y='447'><g transform="translate(-0.966847664685,30.9549291903) scale(0.0106284204702,-0.0106474025028)"><path class="sym-line" fill="black" d="M190 2805 l-85 -85 1305 -1305 c718 -718 1310 -1305 1315 -1305 13 0 165 152 165 165 0 10 -2600 2615 -2610 2615 -3 0 -44 -38 -90 -85z"/></g></svg>
  <svg x='463' y='449'><g transform="translate(0.0393366495508,26.8055192175) scale(0.00988354211854,-0.00994862606901)"><path class="sym-fill" fill="white" d="M1550 2495 c-410 -75 -742 -400 -851 -835 -29 -117 -38 -273 -32 -517 l6 -223 198 0 198 0 3 303 c4 297 4 303 31 382 38 113 90 198 177 286 55 55 96 86 150 113 141 69 137 69 628 73 l442 5 0 214 0 214 -437 -1 c-321 -1 -458 -4 -513 -14z"/><path class="sym-line" fill="black" d="M1589 2669 c-453 -48 -853 -387 -1008 -854 -59 -179 -63 -213 -68 -567 l-5 -328 -249 -2 -248 -3 421 -455 c232 -250 427 -455 435 -455 7 0 203 205 434 455 l421 455 -252 3 -252 2 5 278 c5 299 9 331 64 441 15 30 57 85 93 122 76 77 163 123 260 139 36 5 242 10 463 10 l397 0 0 80 0 80 -432 0 c-489 0 -507 -2 -641 -72 -132 -69 -239 -189 -304 -343 -44 -102 -53 -187 -53 -470 l0 -265 -200 0 -199 0 -7 35 c-12 67 3 574 20 655 50 236 153 428 319 595 139 139 282 223 472 278 65 19 105 21 548 24 l477 4 0 78 0 78 -242 6 c-299 9 -569 7 -669 -4z"/></g></svg>
  <svg x='525' y='505'><g transform="translate(0.0,27.0) scale(0.01,-0.01)"><path class="sym-fill" fill="white" d="M0 1550 l0 -150 600 0 600 0 0 150 0 150 -600 0 -600 0 0 -150z"/><path class="sym-line" fill="black" d="M297 2402 l-297 -297 0 -203 0 -202 600 0 600 0 0 203 0 202 -298 298 c-163 163 -299 297 -302 297 -3 0 -139 -134 -303 -298z M0 700 l0 -700 600 0 600 0 0 700 0 700 -600 0 -600 0 0 -700z"/></g></svg>
  <svg x='496' y='530'><g transform="translate(0.150976194493,11.7516936221) scale(0.00983400277537,-0.00966938010173)"><path class="sym-fill" fill="white" d="M200 400 l0 -200 908 0 907 0 200 200 200 200 -1108 0 -1107 0 0 -200z"/><path class="sym-line" fill="black" d="M0 600 l0 -600 1053 0 1052 0 300 300 300 300 -300 300 -300 300 -1052 0 -1053 0 0 -600z m2225 -200 l-200 -200 -912 0 -913 0 0 200 0 200 1112 0 1113 0 -200 -200z"/></g></svg>
  <svg x='464' y='534'><g transform="translate(0.0,2.0) scale(0.01,-0.01)"><path class="sym-line" fill="black" d="M0 100 l0 -100 1600 0 1600 0 0 100 0 100 -1600 0 -1600 0 0 -100z"/></g></svg>
  <svg x='498' y='557'><g transform="translate(0.0,15.0) scale(0.01,-0.01)"><path class="sym-fill" fill="white" d="M2195 981 c-308 -307 -323 -320 -405 -360 -193 -94 -387 -94 -580 0 -78 38 -101 58 -275 230 l-191 189 -142 -143 -142 -143 192 -190 c239 -236 330 -299 518 -359 170 -54 330 -67 490 -41 177 29 334 95 470 196 36 27 201 185 368 352 l302 303 -142 142 -143 143 -320 -319z"/><path class="sym-line" fill="black" d="M0 898 l0 -603 175 175 175 175 193 -192 c247 -246 354 -320 562 -391 125 -43 246 -62 395 -62 149 0 270 19 395 62 230 78 304 134 688 516 174 174 317 322 317 327 0 6 -23 33 -50 60 l-51 50 -312 -313 c-172 -172 -336 -330 -366 -352 -369 -270 -897 -265 -1259 13 -52 40 -393 378 -400 395 -1 4 61 70 138 147 l140 140 177 -177 c196 -194 265 -245 387 -284 68 -23 99 -27 196 -27 97 0 128 4 197 27 134 44 198 95 523 420 l295 296 -50 50 c-27 27 -54 50 -59 50 -6 0 -145 -134 -311 -299 -167 -166 -320 -310 -346 -325 -167 -96 -368 -89 -523 18 -28 19 -123 107 -211 196 l-160 160 175 175 175 175 -603 0 -602 0 0 -602z"/></g></svg>
  <svg x='466' y='539'><g transform="translate(-0.221878406359,10.7500002304) scale(0.0103429235226,-0.00963778430032)"><path class="sym-line" fill="black" d="M430 895 l0 -205 -37 23 c-21 13 -95 61 -165 105 l-128 82 -36 -71 c-19 -40 -32 -75 -27 -79 4 -3 74 -48 156 -99 81 -51 147 -97 147 -101 0 -4 -66 -50 -147 -101 -82 -51 -152 -96 -156 -99 -5 -4 8 -39 27 -79 l36 -71 128 82 c70 44 144 92 165 105 l37 23 0 -205 0 -205 70 0 70 0 0 205 0 205 38 -23 c20 -13 94 -61 164 -105 l128 -82 36 71 c19 40 32 75 27 79 -4 3 -74 48 -155 99 -82 51 -148 97 -148 101 0 4 66 50 148 101 81 51 151 96 155 99 5 4 -8 39 -27 79 l-36 71 -128 -82 c-70 -44 -144 -92 -164 -105 l-38 -23 0 205 0 205 -70 0 -70 0 0 -205z"/></g></svg>
</svg>