<svg version='1.1' xmlns='http://www.w3.org/2000/svg' width='74' height='102' viewBox='463 482 74 102'>
  <text font-size='0'>M537x584S22d11474x514S20309504x546S37600488x561S20322522x493S2032a463x494S22d07491x514S20301475x546S2ff00482x482</text>
  <svg x='474' y='514'><g transform="translate(-0.149302150045,36.8305535981) scale(0.00999172464667,-0.00991408543191)"><path class="sym-fill" fill="white" d="M130 3223 l0 -378 375 375 c206 206 375 376 375 377 0 2 -169 3 -375 3 l-375 0 0 -377z M572 3155 l-132 -139 223 -225 c122 -125 762 -770 1422 -1434 l1199 -1208 135 135 135 135 -810 816 c-445 449 -1086 1096 -1424 1438 l-615 620 -133 -138z"/><path class="sym-line" fill="black" d="M30 3148 l0 -553 138 137 137 137 765 -772 c420 -425 1059 -1068 1419 -1430 l654 -659 69 69 69 69 -1421 1432 c-781 787 -1420 1435 -1420 1439 0 5 60 68 133 141 l133 133 615 -618 c338 -340 979 -986 1425 -1435 l809 -817 69 69 69 68 -429 435 c-236 239 -875 884 -1421 1434 l-992 999 137 137 137 137 -548 0 -547 0 0 -552z m850 449 c0 -1 -169 -171 -375 -377 l-375 -375 0 378 0 377 375 0 c206 0 375 -1 375 -3z"/></g></svg>
  <svg x='504' y='546'><g transform="translate(0.0997015518904,20.7485491077) scale(0.00981057662724,-0.00980957695607)"><path class="sym-fill" fill="white" d="M675 1430 l-380 -380 380 -380 380 -380 380 380 380 380 -380 380 -380 380 -380 -380z"/><path class="sym-line" fill="black" d="M530 1575 l-525 -525 525 -525 525 -525 525 525 525 525 -525 525 -525 525 -525 -525z m915 -905 c-209 -209 -384 -380 -390 -380 -6 0 -181 171 -390 380 l-380 380 385 385 385 385 385 -385 385 -385 -380 -380z"/></g></svg>
  <svg x='488' y='561'><g transform="translate(0.151007603865,22.7701047694) scale(0.00983243230676,-0.00983550750842)"><path class="sym-line" fill="black" d="M66 2239 c-37 -34 -66 -68 -64 -75 2 -7 238 -238 525 -513 l523 -501 -525 -502 c-289 -277 -525 -508 -525 -515 0 -11 121 -124 140 -131 4 -2 243 222 531 497 287 276 525 501 529 501 4 0 242 -225 529 -501 288 -275 527 -499 531 -497 19 7 140 120 140 131 0 7 -236 238 -525 515 l-525 502 523 501 c287 275 523 506 525 513 3 13 -123 136 -140 136 -5 0 -243 -225 -530 -500 -287 -275 -525 -500 -528 -500 -3 0 -241 225 -528 500 -287 275 -525 500 -530 500 -5 0 -39 -28 -76 -61z"/></g></svg>
  <svg x='522' y='493'><g transform="translate(0.0,15.0) scale(0.01,-0.01)"><path class="sym-line" fill="black" d="M0 750 l0 -750 750 0 750 0 0 750 0 750 -750 0 -750 0 0 -750z"/></g></svg>
  <svg x='463' y='494'><g transform="translate(0.0,15.0) scale(0.01,-0.01)"><path class="sym-line" fill="black" d="M0 750 l0 -750 750 0 750 0 0 750 0 750 -750 0 -750 0 0 -750z"/></g></svg>
  <svg x='491' y='514'><g transform="translate(0.0824207436321,36.8275849859) scale(0.00990972579222,-0.00999252461661)"><path class="sym-fill" fill="white" d="M1584 1843 c-786 -780 -1430 -1420 -1432 -1423 -1 -3 58 -66 132 -139 l135 -135 926 920 c510 505 1157 1146 1437 1424 l510 505 -140 132 -140 132 -1428 -1416z"/><path class="sym-line" fill="black" d="M2731 3533 l137 -138 -712 -705 c-391 -388 -1035 -1026 -1430 -1419 l-719 -713 69 -69 70 -69 1428 1417 c786 780 1434 1419 1440 1421 6 1 71 -58 144 -131 l134 -134 -1436 -1424 -1436 -1424 69 -69 69 -69 525 519 c289 285 934 925 1434 1421 l909 902 137 -137 137 -137 0 548 0 547 -552 0 -553 0 136 -137z"/></g></svg>
  <svg x='475' y='546'><g transform="translate(0.199328273943,20.7485491077) scale(0.00980871680229,-0.00980957695607)"><path class="sym-fill" fill="white" d="M665 1430 l-380 -380 380 -380 380 -380 380 380 380 380 -380 380 -380 380 -380 -380z"/><path class="sym-line" fill="black" d="M520 1575 l-525 -525 525 -525 525 -525 525 525 525 525 -525 525 -525 525 -525 -525z m915 -145 l380 -380 -380 -380 c-209 -209 -384 -380 -390 -380 -6 0 -181 171 -390 380 l-380 380 380 380 c209 209 384 380 390 380 6 0 181 -171 390 -380z"/></g></svg>
  <svg x='482' y='482'><g transform="translate(0.149874875465,34.7500790925) scale(0.00988906872676,-0.00988956850125)"><path class="sym-line" fill="black" d="M1528 3484 c-592 -92 -1088 -447 -1348 -963 -125 -249 -180 -485 -180 -771 0 -480 183 -911 529 -1242 350 -336 780 -508 1271 -508 451 0 864 150 1193 434 326 281 517 620 591 1051 21 121 21 409 0 530 -43 252 -114 444 -237 639 -282 453 -741 750 -1284 831 -127 19 -413 18 -535 -1z m607 -173 c583 -126 1038 -523 1224 -1069 59 -173 75 -277 75 -492 0 -165 -3 -211 -22 -300 -71 -327 -228 -611 -458 -829 -186 -177 -381 -295 -614 -374 -176 -60 -282 -78 -490 -84 -247 -7 -416 19 -628 97 -549 201 -944 674 -1043 1250 -17 97 -17 383 0 480 99 576 495 1050 1043 1250 105 38 177 58 303 81 143 26 467 21 610 -10z"/></g></svg>
</svg>