<svg version='1.1' xmlns='http://www.w3.org/2000/svg' width='75' height='93' viewBox='462 454 75 93'>
  <text font-size='0'>M537x547S11559470x465S20600463x459S26612462x531S22f04497x480S11850501x503S11858473x503S26606507x531S11851489x454</text>
  <svg x='470' y='465'><g transform="translate(-0.000513648344176,24.8496157435) scale(0.00994810149705,-0.00987255923429)"><path class="sym-line" fill="black" d="M1956 2000 c-262 -276 -476 -507 -476 -513 0 -7 29 -42 65 -77 56 -56 67 -62 79 -50 7 8 224 237 481 509 l468 493 -70 70 -70 70 -477 -502z M2239 1628 c-172 -182 -344 -364 -381 -403 l-67 -72 67 -73 67 -72 380 402 c209 220 382 406 384 412 3 9 -117 138 -129 138 -3 0 -148 -149 -321 -332z M430 1465 c-228 -241 -415 -441 -415 -446 0 -9 946 -1009 956 -1009 12 0 824 862 824 875 0 7 -192 215 -428 463 -235 248 -449 474 -475 503 l-47 51 -415 -437z"/></g></svg>
  <svg x='463' y='459'><g transform="translate(-0.213271809649,10.7500002304) scale(0.0101476511593,-0.00963778430032)"><path class="sym-line" fill="black" d="M450 895 l0 -205 -172 105 -172 105 -39 -71 c-32 -57 -37 -73 -26 -80 8 -5 83 -50 167 -100 83 -50 152 -95 152 -99 0 -4 -69 -49 -152 -99 -84 -50 -159 -95 -167 -100 -11 -7 -6 -23 26 -80 l39 -71 172 105 172 105 0 -205 0 -205 75 0 75 0 2 204 3 204 155 -95 c85 -52 163 -99 172 -104 14 -7 23 2 52 58 20 37 36 70 36 74 0 4 -74 51 -165 105 -91 54 -165 101 -165 104 0 3 74 50 165 104 91 54 165 101 165 105 0 4 -16 37 -36 74 -29 56 -38 65 -52 58 -9 -5 -87 -52 -172 -104 l-155 -95 -3 204 -2 204 -75 0 -75 0 0 -205z M1600 895 l0 -204 -167 100 c-93 56 -171 103 -174 105 -4 2 -23 -28 -44 -67 -30 -57 -35 -73 -24 -80 8 -5 83 -50 166 -101 84 -51 153 -95 153 -98 0 -3 -69 -47 -153 -98 -83 -51 -158 -96 -166 -101 -11 -7 -6 -23 24 -80 21 -39 40 -69 44 -67 3 2 81 49 174 105 l167 100 0 -204 0 -205 75 0 75 0 0 205 0 204 168 -100 c92 -56 170 -103 173 -105 3 -1 23 29 43 68 31 56 36 72 25 79 -8 5 -83 50 -166 101 -84 51 -153 95 -153 98 0 3 69 47 153 98 83 51 158 96 166 101 11 7 6 23 -25 79 -20 39 -40 69 -43 68 -3 -2 -81 -49 -173 -105 l-168 -100 0 204 0 205 -75 0 -75 0 0 -205z"/></g></svg>
  <svg x='462' y='531'><g transform="translate(0.198281300516,15.7010613696) scale(0.00985046527537,-0.00972038991848)"><path class="sym-fill" fill="white" d="M420 1075 l-275 -275 278 -278 277 -277 0 553 c0 303 -1 552 -3 552 -1 0 -126 -124 -277 -275z"/><path class="sym-line" fill="black" d="M395 1200 l-400 -400 403 -403 402 -402 0 353 0 352 1100 0 1100 0 0 100 0 100 -1100 0 -1100 0 -2 350 -3 350 -400 -400z m305 -402 l0 -553 -277 277 -278 278 275 275 c151 151 276 275 277 275 2 0 3 -249 3 -552z"/></g></svg>
  <svg x='497' y='480'><g transform="translate(0.0309481176548,13.7520098667) scale(0.00993924845563,-0.00971683740478)"><path class="sym-fill" fill="white" d="M540 1050 l0 -350 140 0 140 0 0 350 0 350 -140 0 -140 0 0 -350z M1680 1050 l0 -350 140 0 140 0 0 350 0 350 -140 0 -140 0 0 -350z"/><path class="sym-line" fill="black" d="M340 1050 l0 -350 -164 -2 -164 -3 330 -347 c181 -192 333 -348 337 -348 5 0 91 87 192 193 100 105 227 238 281 294 l98 102 281 -295 c155 -162 286 -293 292 -291 6 2 158 158 337 348 l327 344 -163 3 -164 2 0 350 0 350 -100 0 -100 0 0 -350 0 -350 -145 0 -145 0 0 350 0 350 -95 0 -95 0 0 -350 0 -350 -230 0 -230 0 0 350 0 350 -95 0 -95 0 0 -350 0 -350 -145 0 -145 0 0 350 0 350 -100 0 -100 0 0 -350z"/></g></svg>
  <svg x='501' y='503'><g transform="translate(0.0,27.0) scale(0.01,-0.01)"><path class="sym-line" fill="black" d="M200 2601 l0 -100 428 -3 c463 -3 456 -3 508 -60 60 -65 59 -56 62 -515 l3 -423 100 0 100 0 -3 463 -3 462 -26 55 c-49 105 -119 164 -240 201 -56 17 -98 19 -495 19 l-434 0 0 -99z M0 2200 l0 -100 343 0 c207 0 357 -4 380 -11 69 -19 72 -29 75 -326 l3 -263 100 0 100 0 -3 303 c-3 275 -5 305 -22 341 -26 53 -73 97 -132 127 l-49 24 -397 3 -398 3 0 -101z M800 650 l0 -650 750 0 750 0 0 650 0 650 -750 0 -750 0 0 -650z"/></g></svg>
  <svg x='473' y='503'><g transform="translate(0.0,27.0) scale(0.01,-0.01)"><path class="sym-line" fill="black" d="M1168 2681 c-118 -38 -189 -98 -237 -201 l-26 -55 -3 -462 -3 -463 100 0 100 0 3 423 c3 459 2 450 62 515 52 57 45 57 509 60 l427 3 0 100 0 99 -437 -1 c-395 0 -444 -2 -495 -18z M1491 2284 c-91 -32 -151 -90 -179 -173 -8 -23 -12 -128 -12 -322 l0 -289 99 0 100 0 3 263 c3 297 6 307 75 326 23 7 173 11 381 11 l342 0 0 100 0 100 -382 0 c-319 -1 -390 -4 -427 -16z M0 650 l0 -650 750 0 750 0 0 650 0 650 -750 0 -750 0 0 -650z"/></g></svg>
  <svg x='507' y='531'><g transform="translate(0.150646944493,15.6976811299) scale(0.00985046527537,-0.00968799012796)"><path class="sym-line" fill="black" d="M2200 1252 l0 -352 -1100 0 -1100 0 0 -100 0 -100 1100 0 1100 0 0 -352 0 -353 402 403 403 402 -403 402 -402 403 0 -353z"/></g></svg>
  <svg x='489' y='454'><g transform="translate(0.200231312709,19.9497825078) scale(0.00992847101972,-0.00991251086796)"><path class="sym-line" fill="black" d="M663 1981 c-83 -31 -124 -66 -403 -345 l-265 -266 65 -65 c35 -36 69 -65 75 -65 5 0 132 123 280 274 299 304 307 310 395 286 40 -10 77 -44 323 -288 l277 -277 67 67 66 66 -31 39 c-16 21 -144 151 -284 289 -288 285 -304 296 -433 301 -60 2 -93 -2 -132 -16z M1760 1345 l-485 -485 160 -162 c455 -463 671 -678 680 -678 6 0 224 217 486 483 l476 482 -416 423 -416 423 -485 -486z M727 1519 c-84 -20 -123 -51 -361 -291 l-238 -240 68 -69 68 -69 241 240 c201 200 246 240 269 240 24 0 60 -31 208 -177 l179 -178 64 70 64 70 -182 183 c-110 110 -198 190 -222 201 -51 24 -110 32 -158 20z"/></g></svg>
</svg>