<svg version='1.1' xmlns='http://www.w3.org/2000/svg' width='78' height='62' viewBox='461 482 78 62'>
  <text font-size='0'>M539x544S2ff00482x482S2fb07485x503S2fb01503x503S2fb04493x537S1f017516x504S1f01f461x503S22a03513x530S22a15476x530</text>
  <svg x='482' y='482'><g transform="translate(0.149874875465,34.7500790925) scale(0.00988906872676,-0.00988956850125)"><path class="sym-line" fill="black" d="M1528 3484 c-592 -92 -1088 -447 -1348 -963 -125 -249 -180 -485 -180 -771 0 -480 183 -911 529 -1242 350 -336 780 -508 1271 -508 451 0 864 150 1193 434 326 281 517 620 591 1051 21 121 21 409 0 530 -43 252 -114 444 -237 639 -282 453 -741 750 -1284 831 -127 19 -413 18 -535 -1z m607 -173 c583 -126 1038 -523 1224 -1069 59 -173 75 -277 75 -492 0 -165 -3 -211 -22 -300 -71 -327 -228 -611 -458 -829 -186 -177 -381 -295 -614 -374 -176 -60 -282 -78 -490 -84 -247 -7 -416 19 -628 97 -549 201 -944 674 -1043 1250 -17 97 -17 383 0 480 99 576 495 1050 1043 1250 105 38 177 58 303 81 143 26 467 21 610 -10z"/></g></svg>
  <svg x='485' y='503'><g transform="translate(0.181246512216,11.8507047859) scale(0.00972988055283,-0.00980187839866)"><path class="sym-line" fill="black" d="M298 1190 c-81 -14 -160 -41 -231 -77 l-70 -35 45 -45 45 -45 79 28 c96 33 250 44 347 23 216 -45 390 -187 480 -391 68 -153 70 -355 5 -507 l-19 -44 43 -44 c23 -24 45 -43 49 -43 8 0 63 113 82 170 42 127 48 327 13 455 -71 255 -278 461 -536 535 -84 24 -255 34 -332 20z"/></g></svg>
  <svg x='503' y='503'><g transform="translate(0.0919447369926,11.7272467828) scale(0.00979617329555,-0.00974613583378)"><path class="sym-line" fill="black" d="M605 1175 c-278 -61 -496 -269 -577 -551 -18 -64 -23 -103 -22 -204 0 -144 20 -234 80 -352 l36 -71 45 45 45 45 -28 79 c-33 96 -44 250 -23 347 45 216 187 390 391 480 153 68 355 70 507 5 l44 -19 44 43 c24 23 43 45 43 49 0 6 -101 57 -155 77 -110 42 -307 54 -430 27z"/></g></svg>
  <svg x='493' y='537'><g transform="translate(0.178125321737,5.7484375) scale(0.00969593203301,-0.00933333333333)"><path class="sym-line" fill="black" d="M4 569 c22 -111 99 -242 206 -349 151 -151 320 -220 540 -220 220 0 389 69 540 220 107 107 184 238 206 349 l7 31 -61 0 -61 0 -42 -82 c-54 -104 -163 -218 -264 -274 -154 -85 -340 -108 -501 -61 -176 51 -331 177 -413 335 l-42 82 -61 0 -61 0 7 -31z"/></g></svg>
  <svg x='516' y='504'><g transform="translate(-0.0476534751684,29.9702456514) scale(0.00996448215542,-0.00994322905995)"><path class="sym-fill" fill="white" d="M1003 1407 l-342 -370 182 -195 c100 -108 187 -196 192 -198 8 -2 462 483 637 680 l48 54 -151 163 c-83 90 -167 180 -187 201 l-37 36 -342 -371z"/><path class="sym-line" fill="black" d="M401 2933 l-60 -67 31 -35 c18 -20 212 -231 432 -470 221 -238 402 -437 404 -440 3 -8 -461 -514 -475 -518 -4 -2 -131 227 -282 507 l-274 510 -31 -18 c-100 -60 -126 -78 -126 -85 0 -5 530 -1006 566 -1068 2 -4 -39 -53 -91 -110 l-95 -103 53 -55 c29 -31 241 -260 471 -509 230 -249 422 -451 427 -450 16 6 940 1010 937 1019 -6 18 -1804 1958 -1815 1958 -6 1 -39 -29 -72 -66z m1135 -1352 c99 -106 180 -197 182 -202 3 -7 -501 -561 -652 -717 l-31 -32 -151 162 c-82 90 -167 182 -188 205 l-37 42 342 371 c189 203 346 369 350 368 3 -2 87 -90 185 -197z"/></g></svg>
  <svg x='461' y='503'><g transform="translate(0.0307490079924,29.9705309449) scale(0.00996448215542,-0.00994069781498)"><path class="sym-fill" fill="white" d="M767 1578 l-187 -202 33 -36 c19 -19 172 -185 341 -368 170 -183 311 -332 315 -330 3 2 67 68 140 148 74 80 156 168 183 196 l48 50 -341 370 c-188 203 -343 370 -344 372 -1 1 -86 -89 -188 -200z"/><path class="sym-line" fill="black" d="M1263 2398 c-306 -332 -712 -771 -902 -976 -191 -206 -347 -377 -349 -381 -3 -8 923 -1014 938 -1019 4 -2 200 205 435 460 236 255 448 484 472 509 l44 45 -95 104 -95 104 28 50 c68 121 541 1015 541 1023 0 8 -33 31 -111 76 l-46 27 -274 -510 c-150 -281 -276 -510 -279 -510 -6 0 -378 400 -448 481 l-33 39 417 452 c229 249 426 462 436 474 18 20 18 21 -43 87 -33 37 -65 67 -70 67 -4 0 -259 -271 -566 -602z m36 -988 l343 -370 -33 -38 c-18 -20 -102 -113 -188 -205 l-155 -168 -22 23 c-158 166 -664 721 -662 728 4 11 362 398 369 399 3 1 160 -166 348 -369z"/></g></svg>
  <svg x='513' y='530'><g transform="translate(0.150473191431,14.0633483059) scale(0.00985915292844,-0.0100666588668)"><path class="sym-fill" fill="white" d="M665 944 c-148 -157 -270 -291 -270 -298 0 -8 44 -59 97 -114 l98 -101 276 290 276 289 -21 27 c-11 16 -57 65 -103 110 l-83 82 -270 -285z"/><path class="sym-line" fill="black" d="M520 1091 l-275 -291 -122 128 -122 127 -1 -512 0 -513 486 0 c462 0 486 1 473 18 -7 9 -60 65 -117 124 -71 73 -101 111 -96 120 4 7 125 136 269 286 143 150 261 278 263 285 1 7 -28 43 -66 80 l-68 68 -273 -288 c-150 -159 -276 -289 -280 -291 -4 -1 -53 47 -109 107 l-101 109 274 288 c151 159 275 293 275 298 0 4 -30 40 -67 78 l-68 69 -275 -290z"/></g></svg>
  <svg x='476' y='530'><g transform="translate(-0.13306451868,13.7638618061) scale(0.0100651361624,-0.0098696390724)"><path class="sym-fill" fill="white" d="M260 1124 c-52 -59 -95 -110 -95 -114 0 -11 525 -590 534 -590 5 0 52 48 104 106 l96 107 -37 43 c-81 94 -497 553 -502 553 -3 1 -48 -47 -100 -105z M870 453 c-162 -180 -296 -330 -298 -335 -2 -4 132 -8 297 -8 l301 0 0 335 c0 184 -1 335 -2 335 -2 -1 -136 -148 -298 -327z"/><path class="sym-line" fill="black" d="M427 1308 l-66 -73 23 -25 c230 -254 504 -558 510 -568 5 -8 -27 -50 -91 -121 -54 -60 -101 -108 -104 -107 -3 0 -127 135 -275 298 l-269 297 -60 -66 c-33 -36 -63 -71 -67 -78 -4 -7 98 -127 258 -304 146 -160 264 -296 262 -301 -2 -4 -50 -61 -108 -125 -58 -64 -106 -121 -108 -126 -2 -5 189 -9 472 -9 l476 0 0 525 c0 289 -3 525 -7 524 -5 0 -60 -58 -123 -129 -63 -71 -115 -128 -116 -127 -12 18 -529 583 -534 585 -4 2 -37 -30 -73 -70z m753 -863 l0 -335 -311 0 -311 0 44 48 c399 442 564 622 570 622 4 0 8 -151 8 -335z"/></g></svg>
</svg>