<svg version='1.1' xmlns='http://www.w3.org/2000/svg' width='79' height='136' viewBox='460 483 79 136'>
  <text font-size='0'>M539x619S2ff00482x483S15a10517x487S15a4a487x607S15a40527x563S26501514x551S15a48460x563S26515473x592S15a42485x538S22b04523x522</text>
  <svg x='482' y='483'><g transform="translate(0.149874875465,34.7500790925) scale(0.00988906872676,-0.00988956850125)"><path class="sym-line" fill="black" d="M1528 3484 c-592 -92 -1088 -447 -1348 -963 -125 -249 -180 -485 -180 -771 0 -480 183 -911 529 -1242 350 -336 780 -508 1271 -508 451 0 864 150 1193 434 326 281 517 620 591 1051 21 121 21 409 0 530 -43 252 -114 444 -237 639 -282 453 -741 750 -1284 831 -127 19 -413 18 -535 -1z m607 -173 c583 -126 1038 -523 1224 -1069 59 -173 75 -277 75 -492 0 -165 -3 -211 -22 -300 -71 -327 -228 -611 -458 -829 -186 -177 -381 -295 -614 -374 -176 -60 -282 -78 -490 -84 -247 -7 -416 19 -628 97 -549 201 -944 674 -1043 1250 -17 97 -17 383 0 480 99 576 495 1050 1043 1250 105 38 177 58 303 81 143 26 467 21 610 -10z"/></g></svg>
  <svg x='517' y='487'><g transform="translate(0.0,27.0) scale(0.01,-0.01)"><path class="sym-fill" fill="white" d="M397 2212 l-197 -197 0 -908 0 -907 200 0 200 0 0 1105 c0 608 -1 1105 -3 1105 -1 0 -91 -89 -200 -198z"/><path class="sym-line" fill="black" d="M297 2402 l-297 -297 0 -1053 0 -1052 600 0 600 0 0 1053 0 1052 -298 298 c-163 163 -299 297 -302 297 -3 0 -139 -134 -303 -298z m303 -1092 l0 -1110 -200 0 -200 0 0 912 0 913 197 197 c109 109 199 198 200 198 2 0 3 -499 3 -1110z"/></g></svg>
  <svg x='487' y='607'><g transform="translate(0.150976194493,11.7516936221) scale(0.00983400277537,-0.00966938010173)"><path class="sym-fill" fill="white" d="M1400 900 l0 -300 -600 0 -600 0 0 -200 0 -200 600 0 600 0 0 -100 0 -100 150 0 150 0 0 100 0 100 158 0 157 0 200 200 200 200 -358 0 -357 0 0 300 0 300 -150 0 -150 0 0 -300z"/><path class="sym-line" fill="black" d="M0 600 l0 -600 700 0 700 0 0 100 0 100 -600 0 -600 0 0 200 0 200 600 0 600 0 0 300 0 300 -700 0 -700 0 0 -600z M1700 900 l0 -300 362 0 363 0 -200 -200 -200 -200 -162 0 -163 0 0 -100 0 -100 203 0 202 0 300 300 300 300 -300 300 -300 300 -202 0 -203 0 0 -300z"/></g></svg>
  <svg x='527' y='563'><g transform="translate(0.0,27.0) scale(0.01,-0.01)"><path class="sym-fill" fill="white" d="M398 2213 l-198 -198 0 -158 0 -157 -100 0 -100 0 0 -150 0 -150 100 0 100 0 0 -600 0 -600 200 0 200 0 0 600 0 600 300 0 300 0 0 150 0 150 -300 0 -300 0 -2 355 -3 355 -197 -197z"/><path class="sym-line" fill="black" d="M297 2402 l-297 -297 0 -203 0 -202 100 0 100 0 0 163 0 162 200 200 200 200 0 -363 0 -362 300 0 300 0 0 203 0 202 -298 298 c-163 163 -299 297 -302 297 -3 0 -139 -134 -303 -298z M0 700 l0 -700 600 0 600 0 0 700 0 700 -300 0 -300 0 0 -600 0 -600 -200 0 -200 0 0 600 0 600 -100 0 -100 0 0 -700z"/></g></svg>
  <svg x='514' y='551'><g transform="translate(-0.146131080007,12.9974802419) scale(0.00991877655743,-0.00988387903225)"><path class="sym-line" fill="black" d="M30 743 l0 -558 235 235 235 235 315 -315 315 -315 85 85 85 85 -315 315 -315 315 237 237 238 238 -558 0 -557 0 0 -557z"/></g></svg>
  <svg x='460' y='563'><g transform="translate(0.0,27.0) scale(0.01,-0.01)"><path class="sym-fill" fill="white" d="M600 2057 l0 -357 -300 0 -300 0 0 -150 0 -150 300 0 300 0 0 -600 0 -600 200 0 200 0 0 600 0 600 100 0 100 0 0 150 0 150 -100 0 -100 0 0 158 0 157 -200 200 -200 200 0 -358z"/><path class="sym-line" fill="black" d="M297 2402 l-297 -297 0 -203 0 -202 300 0 300 0 0 362 0 363 200 -200 200 -200 0 -162 0 -163 100 0 100 0 0 203 0 202 -298 298 c-163 163 -299 297 -302 297 -3 0 -139 -134 -303 -298z M0 700 l0 -700 600 0 600 0 0 700 0 700 -100 0 -100 0 0 -600 0 -600 -200 0 -200 0 0 600 0 600 -300 0 -300 0 0 -700z"/></g></svg>
  <svg x='473' y='592'><g transform="translate(0.201449840713,12.7676076804) scale(0.00987988174105,-0.00992219549537)"><path class="sym-fill" fill="white" d="M790 475 l-355 -355 358 0 357 0 0 355 c0 195 -1 355 -3 355 -1 0 -162 -160 -357 -355z"/><path class="sym-line" fill="black" d="M75 1190 l-80 -80 318 -318 317 -317 -237 -238 -238 -237 558 0 557 0 0 557 0 558 -235 -235 -235 -235 -313 313 c-171 171 -317 312 -322 312 -6 0 -46 -36 -90 -80z m1085 -710 l0 -360 -362 0 -363 0 360 360 c198 198 361 360 362 360 2 0 3 -162 3 -360z"/></g></svg>
  <svg x='485' y='538'><g transform="translate(0.198694149149,11.7516936221) scale(0.00983400277537,-0.00966938010173)"><path class="sym-fill" fill="white" d="M1000 900 l0 -300 -357 0 -358 0 200 -200 200 -200 157 0 158 0 0 -100 0 -100 150 0 150 0 0 100 0 100 600 0 600 0 0 200 0 200 -600 0 -600 0 0 300 0 300 -150 0 -150 0 0 -300z"/><path class="sym-line" fill="black" d="M295 900 l-300 -300 300 -300 300 -300 202 0 203 0 0 100 0 100 -163 0 -162 0 -200 200 -200 200 363 0 362 0 0 300 0 300 -203 0 -202 0 -300 -300z M1300 900 l0 -300 600 0 600 0 0 -200 0 -200 -600 0 -600 0 0 -100 0 -100 700 0 700 0 0 600 0 600 -700 0 -700 0 0 -300z"/></g></svg>
  <svg x='523' y='522'><g transform="translate(0.198426155669,29.702611239) scale(0.00968892587986,-0.00985139124633)"><path class="sym-fill" fill="white" d="M600 1900 l0 -1100 200 0 200 0 0 1100 0 1100 -200 0 -200 0 0 -1100z"/><path class="sym-line" fill="black" d="M400 1900 l0 -1100 -202 0 -203 0 403 -402 402 -403 402 403 403 402 -203 0 -202 0 0 1100 0 1100 -100 0 -100 0 0 -1100 0 -1100 -200 0 -200 0 0 1100 0 1100 -100 0 -100 0 0 -1100z"/></g></svg>
</svg>