<svg version='1.1' xmlns='http://www.w3.org/2000/svg' width='79' height='62' viewBox='461 469 79 62'>
  <text font-size='0'>M540x531S14402503x469S1440a468x469S26606510x492S26606510x511S26612461x493S26612462x511S20e00495x504S2fb04494x525</text>
  <svg x='503' y='469'><g transform="translate(0.150230433539,21.7046316603) scale(0.00987129082304,-0.00985237589167)"><path class="sym-fill" fill="white" d="M1435 1650 l-250 -250 250 -250 250 -250 607 0 608 0 0 500 0 500 -250 0 -250 0 0 -350 0 -350 -150 0 -150 0 0 350 0 350 -208 0 -207 0 -250 -250z"/><path class="sym-line" fill="black" d="M306 2090 c-15 -56 -26 -103 -24 -104 2 -1 212 -58 468 -125 256 -68 467 -125 470 -127 2 -3 -47 -56 -110 -119 l-115 -115 -497 0 -498 0 0 -100 0 -100 498 0 497 0 115 -115 c63 -63 112 -116 110 -119 -3 -2 -214 -59 -470 -127 -256 -67 -466 -124 -468 -125 -2 -1 9 -48 24 -104 22 -80 31 -101 43 -97 9 2 249 66 534 143 l517 138 75 -74 75 -75 -300 -300 -300 -300 75 -75 75 -75 353 353 352 352 648 0 647 0 0 700 0 700 -752 0 -753 0 -97 -97 -97 -97 -518 138 c-285 77 -525 141 -534 143 -12 4 -21 -17 -43 -97z m1794 -540 l0 -350 150 0 150 0 0 350 0 350 250 0 250 0 0 -500 0 -500 -607 1 -608 0 -255 250 -255 249 255 249 255 250 208 0 207 1 0 -350z"/></g></svg>
  <svg x='468' y='469'><g transform="translate(0.150230433539,21.7052528667) scale(0.00987129082304,-0.00984548539554)"><path class="sym-fill" fill="white" d="M200 1400 l0 -500 608 0 607 0 250 250 250 250 -250 250 -250 250 -207 0 -208 0 0 -350 0 -350 -150 0 -150 0 0 350 0 350 -250 0 -250 0 0 -500z"/><path class="sym-line" fill="black" d="M2222 2047 l-523 -141 -97 97 -97 97 -753 0 -752 0 0 -700 0 -700 647 0 648 0 352 -352 353 -353 75 75 75 75 -300 300 -300 300 75 75 75 74 517 -138 c285 -77 525 -141 534 -143 12 -4 21 17 43 97 15 56 26 103 24 104 -2 1 -212 58 -468 125 -256 68 -467 125 -470 127 -2 3 47 56 110 119 l115 115 497 0 498 0 0 100 0 100 -498 0 -497 0 -115 115 c-63 63 -112 116 -110 119 3 2 214 59 470 127 256 67 466 124 468 125 8 6 -52 204 -62 203 -6 -1 -246 -65 -534 -142z m-1522 -497 l0 -350 150 0 150 0 0 350 0 350 208 -1 207 0 255 -250 255 -249 -255 -249 -255 -250 -607 0 -608 -1 0 500 0 500 250 0 250 0 0 -350z"/></g></svg>
  <svg x='510' y='492'><g transform="translate(0.150646944493,15.6976811299) scale(0.00985046527537,-0.00968799012796)"><path class="sym-line" fill="black" d="M2200 1252 l0 -352 -1100 0 -1100 0 0 -100 0 -100 1100 0 1100 0 0 -352 0 -353 402 403 403 402 -403 402 -402 403 0 -353z"/></g></svg>
  <svg x='510' y='511'><g transform="translate(0.150646944493,15.6976811299) scale(0.00985046527537,-0.00968799012796)"><path class="sym-line" fill="black" d="M2200 1252 l0 -352 -1100 0 -1100 0 0 -100 0 -100 1100 0 1100 0 0 -352 0 -353 402 403 403 402 -403 402 -402 403 0 -353z"/></g></svg>
  <svg x='461' y='493'><g transform="translate(0.198281300516,15.7010613696) scale(0.00985046527537,-0.00972038991848)"><path class="sym-fill" fill="white" d="M420 1075 l-275 -275 278 -278 277 -277 0 553 c0 303 -1 552 -3 552 -1 0 -126 -124 -277 -275z"/><path class="sym-line" fill="black" d="M395 1200 l-400 -400 403 -403 402 -402 0 353 0 352 1100 0 1100 0 0 100 0 100 -1100 0 -1100 0 -2 350 -3 350 -400 -400z m305 -402 l0 -553 -277 277 -278 278 275 275 c151 151 276 275 277 275 2 0 3 -249 3 -552z"/></g></svg>
  <svg x='462' y='511'><g transform="translate(0.198281300516,15.7010613696) scale(0.00985046527537,-0.00972038991848)"><path class="sym-fill" fill="white" d="M420 1075 l-275 -275 278 -278 277 -277 0 553 c0 303 -1 552 -3 552 -1 0 -126 -124 -277 -275z"/><path class="sym-line" fill="black" d="M395 1200 l-400 -400 403 -403 402 -402 0 353 0 352 1100 0 1100 0 0 100 0 100 -1100 0 -1100 0 -2 350 -3 350 -400 -400z m305 -402 l0 -553 -277 277 -278 278 275 275 c151 151 276 275 277 275 2 0 3 -249 3 -552z"/></g></svg>
  <svg x='495' y='504'><g transform="translate(0.146427179928,11.7544805477) scale(0.00967082850362,-0.00967852689504)"><path class="sym-fill" fill="white" d="M503 985 c-159 -43 -265 -159 -295 -325 -22 -116 23 -252 112 -340 88 -89 224 -134 340 -112 178 33 299 154 332 332 22 115 -23 252 -110 339 -56 56 -107 85 -189 106 -70 18 -121 18 -190 0z m175 -200 c104 -44 151 -167 103 -270 -71 -153 -291 -153 -362 0 -33 72 -19 166 34 224 52 56 151 76 225 46z"/><path class="sym-line" fill="black" d="M435 1181 c-206 -60 -366 -224 -419 -428 -21 -78 -21 -228 0 -306 54 -208 223 -377 431 -431 78 -21 228 -21 306 0 208 54 377 223 431 431 21 78 21 228 0 306 -26 103 -80 195 -158 273 -78 78 -170 132 -273 158 -82 21 -240 20 -318 -3z m276 -197 c134 -40 234 -140 273 -273 62 -211 -60 -432 -273 -495 -210 -62 -433 61 -495 273 -61 207 56 426 264 492 70 23 161 24 231 3z M509 772 c-43 -22 -59 -38 -81 -81 -36 -68 -36 -114 0 -182 22 -43 38 -59 81 -81 68 -36 114 -36 182 0 43 22 59 38 81 81 36 68 36 114 0 182 -22 43 -38 59 -81 81 -68 36 -114 36 -182 0z"/></g></svg>
  <svg x='494' y='525'><g transform="translate(0.178125321737,5.7484375) scale(0.00969593203301,-0.00933333333333)"><path class="sym-line" fill="black" d="M4 569 c22 -111 99 -242 206 -349 151 -151 320 -220 540 -220 220 0 389 69 540 220 107 107 184 238 206 349 l7 31 -61 0 -61 0 -42 -82 c-54 -104 -163 -218 -264 -274 -154 -85 -340 -108 -501 -61 -176 51 -331 177 -413 335 l-42 82 -61 0 -61 0 7 -31z"/></g></svg>
</svg>