<svg version='1.1' xmlns='http://www.w3.org/2000/svg' width='75' height='54' viewBox='465 473 75 54'>
  <text font-size='0'>M540x527S37804471x510S3770c503x513S36d00479x473S2890a488x484S20311465x491S1dc41517x483S20500484x503S20500508x504</text>
  <svg x='471' y='510'><g transform="translate(-0.548447438866,16.8563721883) scale(0.010311777968,-0.00990709042892)"><path class="sym-line" fill="black" d="M116 1608 c-30 -45 -51 -86 -48 -89 9 -8 2949 -1509 2956 -1509 11 0 115 165 108 171 -8 8 -2918 1495 -2944 1504 -13 5 -29 -12 -72 -77z"/></g></svg>
  <svg x='503' y='513'><g transform="translate(-0.020299564479,13.5621626665) scale(0.00999540070363,-0.0108715488394)"><path class="sym-line" fill="black" d="M1155 731 c-605 -273 -1111 -501 -1123 -506 -23 -10 -23 -11 29 -83 29 -39 57 -72 64 -72 20 0 2249 1007 2253 1018 5 16 -91 141 -108 141 -8 -1 -510 -225 -1115 -498z"/></g></svg>
  <svg x='479' y='473'><g transform="translate(0.0,4.0) scale(0.01,-0.01)"><path class="sym-line" fill="black" d="M0 200 l0 -200 2100 0 2100 0 0 200 0 200 -2100 0 -2100 0 0 -200z"/></g></svg>
  <svg x='488' y='484'><g transform="translate(0.150406752333,14.7495098279) scale(0.00986247488335,-0.00973946009872)"><path class="sym-fill" fill="white" d="M1230 1335 c-91 -16 -227 -58 -295 -92 -129 -65 -193 -119 -513 -437 l-322 -321 142 -142 143 -143 320 319 c308 307 323 320 405 360 193 94 387 94 580 0 78 -38 101 -58 275 -230 l191 -189 142 143 142 143 -192 190 c-239 236 -330 299 -518 359 -169 53 -342 67 -500 40z"/><path class="sym-line" fill="black" d="M1175 1484 c-93 -17 -236 -64 -317 -105 -142 -72 -219 -136 -540 -457 -175 -174 -318 -322 -318 -327 0 -6 23 -33 50 -60 l51 -50 312 313 c172 172 336 330 366 352 369 270 897 265 1259 -13 52 -40 393 -378 400 -395 1 -4 -61 -70 -138 -147 l-140 -140 -177 177 c-196 194 -265 245 -387 284 -68 23 -99 27 -196 27 -97 0 -128 -4 -197 -27 -134 -44 -198 -95 -523 -420 l-295 -296 50 -50 c27 -27 54 -50 59 -50 6 0 145 134 311 299 167 166 320 310 346 325 167 96 368 89 523 -18 28 -19 123 -107 211 -196 l160 -160 -175 -175 -175 -175 603 0 602 0 0 602 0 603 -175 -175 -175 -175 -193 192 c-247 246 -354 320 -562 391 -49 17 -130 38 -179 47 -110 19 -332 18 -441 -1z"/></g></svg>
  <svg x='465' y='491'><g transform="translate(0.199328273943,20.7485491077) scale(0.00980871680229,-0.00980957695607)"><path class="sym-fill" fill="white" d="M490 1255 l-205 -205 380 -380 380 -380 207 207 208 208 -377 377 c-208 208 -380 378 -383 378 -3 0 -97 -92 -210 -205z"/><path class="sym-line" fill="black" d="M520 1575 l-525 -525 525 -525 525 -525 525 525 525 525 -525 525 -525 525 -525 -525z m740 -1080 c-113 -113 -209 -205 -215 -205 -6 0 -181 171 -390 380 l-380 380 210 210 210 210 385 -385 385 -385 -205 -205z"/></g></svg>
  <svg x='517' y='483'><g transform="translate(0.0793736116091,29.8472407307) scale(0.00984348055062,-0.00989960107692)"><path class="sym-fill" fill="white" d="M732 1067 l-193 -194 293 -298 292 -297 194 196 193 197 -283 291 c-157 161 -289 293 -294 295 -5 2 -96 -84 -202 -190z"/><path class="sym-line" fill="black" d="M76 2931 l-69 -69 493 -502 494 -501 70 70 71 71 -205 207 c-113 115 -335 340 -493 501 -158 160 -289 292 -290 292 -1 0 -33 -31 -71 -69z M1990 1963 c-96 -98 -216 -220 -265 -271 l-90 -92 71 -71 70 -70 264 271 263 271 -69 70 -69 69 -175 -177z M1109 1730 c-74 -77 -293 -302 -487 -499 l-353 -360 422 -430 c233 -237 428 -431 433 -431 16 0 971 980 971 995 0 14 -831 865 -844 865 -4 0 -68 -63 -142 -140z m83 -727 c146 -148 278 -283 293 -301 l27 -33 -188 -192 c-104 -106 -193 -193 -199 -195 -5 -1 -140 131 -298 293 l-289 295 193 200 c105 110 193 200 194 200 1 0 121 -120 267 -267z"/></g></svg>
  <svg x='484' y='503'><g transform="translate(-0.221878406359,10.7500002304) scale(0.0103429235226,-0.00963778430032)"><path class="sym-line" fill="black" d="M430 895 l0 -205 -37 23 c-21 13 -95 61 -165 105 l-128 82 -36 -71 c-19 -40 -32 -75 -27 -79 4 -3 74 -48 156 -99 81 -51 147 -97 147 -101 0 -4 -66 -50 -147 -101 -82 -51 -152 -96 -156 -99 -5 -4 8 -39 27 -79 l36 -71 128 82 c70 44 144 92 165 105 l37 23 0 -205 0 -205 70 0 70 0 0 205 0 205 38 -23 c20 -13 94 -61 164 -105 l128 -82 36 71 c19 40 32 75 27 79 -4 3 -74 48 -155 99 -82 51 -148 97 -148 101 0 4 66 50 148 101 81 51 151 96 155 99 5 4 -8 39 -27 79 l-36 71 -128 -82 c-70 -44 -144 -92 -164 -105 l-38 -23 0 205 0 205 -70 0 -70 0 0 -205z"/></g></svg>
  <svg x='508' y='504'><g transform="translate(-0.221878406359,10.7500002304) scale(0.0103429235226,-0.00963778430032)"><path class="sym-line" fill="black" d="M430 895 l0 -205 -37 23 c-21 13 -95 61 -165 105 l-128 82 -36 -71 c-19 -40 -32 -75 -27 -79 4 -3 74 -48 156 -99 81 -51 147 -97 147 -101 0 -4 -66 -50 -147 -101 -82 -51 -152 -96 -156 -99 -5 -4 8 -39 27 -79 l36 -71 128 82 c70 44 144 92 165 105 l37 23 0 -205 0 -205 70 0 70 0 0 205 0 205 38 -23 c20 -13 94 -61 164 -105 l128 -82 36 71 c19 40 32 75 27 79 -4 3 -74 48 -155 99 -82 51 -148 97 -148 101 0 4 66 50 148 101 81 51 151 96 155 99 5 4 -8 39 -27 79 l-36 71 -128 -82 c-70 -44 -144 -92 -164 -105 l-38 -23 0 205 0 205 -70 0 -70 0 0 -205z"/></g></svg>
</svg>