<svg version='1.1' xmlns='http://www.w3.org/2000/svg' width='79' height='166' viewBox='461 417 79 166'>
  <text font-size='0'>M540x583S37800507x446S37806461x480S14c00496x417S16d3a496x476S21000520x475S22b00521x440S2f700523x424S25603469x559S16d3a498x562S14c03510x520S22143502x532S21100491x545S21410469x550S37806462x566</text>
  <svg x='507' y='446'><g transform="translate(0.0,32.0) scale(0.01,-0.01)"><path class="sym-line" fill="black" d="M0 1600 l0 -1600 100 0 100 0 0 1600 0 1600 -100 0 -100 0 0 -1600z"/></g></svg>
  <svg x='461' y='480'><g transform="translate(0.0,2.0) scale(0.01,-0.01)"><path class="sym-line" fill="black" d="M0 100 l0 -100 1600 0 1600 0 0 100 0 100 -1600 0 -1600 0 0 -100z"/></g></svg>
  <svg x='496' y='417'><g transform="translate(-0.0594657001311,30.7516384396) scale(0.00991707416583,-0.00987200030311)"><path class="sym-fill" fill="white" d="M1063 1761 l-143 -148 0 -706 0 -707 295 0 295 0 0 708 0 707 -141 148 c-78 81 -146 147 -152 146 -7 -1 -76 -67 -154 -148z"/><path class="sym-line" fill="black" d="M1110 2603 l-1 -498 -74 -78 -74 -77 -213 375 c-117 206 -217 374 -222 375 -12 0 -176 -93 -176 -100 1 -3 104 -185 230 -405 l229 -400 -45 -45 -44 -46 0 -104 -1 -105 -272 278 c-150 152 -277 277 -284 277 -6 0 -41 -32 -77 -72 l-65 -71 269 -276 c148 -152 305 -312 349 -356 l81 -80 0 -597 0 -598 495 0 495 0 0 297 0 298 295 295 c162 163 295 302 295 309 0 16 -119 141 -134 141 -6 0 -111 -100 -233 -222 l-223 -223 0 406 0 405 -44 43 -43 43 223 392 c123 216 226 399 229 407 6 16 -151 113 -170 105 -6 -2 -102 -163 -213 -357 -111 -195 -207 -361 -212 -369 -8 -12 -24 -1 -85 60 l-75 74 0 498 0 498 -105 0 -105 0 0 -497z m400 -1690 l0 -713 -295 0 -295 0 0 712 0 713 147 147 148 148 147 -147 148 -148 0 -712z"/></g></svg>
  <svg x='496' y='476'><g transform="translate(0.179992462609,17.7203019679) scale(0.00978410972503,-0.00976663913207)"><path class="sym-fill" fill="white" d="M670 1674 c-207 -44 -371 -153 -465 -309 -38 -64 -78 -179 -89 -257 l-7 -48 885 0 886 0 0 23 c0 38 -39 167 -75 244 -87 188 -234 305 -438 347 -102 21 -599 22 -697 0z"/><path class="sym-line" fill="black" d="M641 1785 c-182 -40 -302 -104 -422 -224 -68 -69 -95 -105 -128 -171 -53 -109 -82 -220 -88 -342 l-6 -98 1002 0 1001 0 0 50 c0 28 -9 94 -21 148 -65 301 -222 506 -459 600 -120 47 -172 52 -503 51 -226 0 -330 -4 -376 -14z m742 -109 c180 -40 337 -164 415 -327 38 -79 72 -182 86 -256 l6 -33 -891 0 -891 0 7 58 c7 60 54 198 81 241 116 182 295 294 529 331 95 14 577 4 658 -14z M14 728 c3 -13 14 -69 26 -126 72 -354 257 -580 491 -599 l69 -6 0 56 0 56 -35 7 c-54 10 -147 75 -188 132 -74 101 -126 242 -150 409 l-13 88 -102 3 c-102 3 -103 3 -98 -20z M1577 743 c-3 -5 -8 -30 -12 -58 -4 -27 -18 -86 -32 -130 -64 -203 -160 -314 -288 -332 l-45 -6 0 -108 0 -109 39 0 c103 0 290 64 396 137 189 128 302 316 349 576 l7 37 -205 0 c-113 0 -207 -3 -209 -7z"/></g></svg>
  <svg x='520' y='475'><g transform="translate(0.0,15.0) scale(0.01,-0.01)"><path class="sym-fill" fill="white" d="M903 1185 c-78 -21 -130 -51 -185 -106 -87 -87 -132 -224 -110 -339 33 -178 154 -299 332 -332 116 -22 252 23 340 112 58 57 96 131 112 220 22 115 -23 252 -110 339 -56 56 -107 85 -189 106 -70 18 -121 18 -190 0z m175 -200 c104 -44 151 -167 103 -270 -56 -122 -220 -154 -320 -62 -76 70 -80 208 -8 286 52 56 151 76 225 46z"/><path class="sym-line" fill="black" d="M0 750 l0 -750 100 0 100 0 0 750 0 750 -100 0 -100 0 0 -750z M1800 750 l0 -750 100 0 100 0 0 750 0 750 -100 0 -100 0 0 -750z M835 1381 c-206 -60 -366 -224 -419 -428 -21 -78 -21 -228 0 -306 54 -208 223 -377 431 -431 78 -21 228 -21 306 0 208 54 377 223 431 431 21 78 21 228 0 306 -54 208 -223 377 -431 431 -82 21 -240 20 -318 -3z m276 -197 c134 -40 234 -140 273 -273 62 -211 -60 -432 -273 -495 -210 -62 -433 61 -495 273 -61 207 56 426 264 492 70 23 161 24 231 3z M909 972 c-43 -22 -59 -38 -81 -81 -36 -68 -36 -114 0 -182 22 -43 38 -59 81 -81 68 -36 114 -36 182 0 43 22 59 38 81 81 36 68 36 114 0 182 -22 43 -38 59 -81 81 -68 36 -114 36 -182 0z"/></g></svg>
  <svg x='521' y='440'><g transform="translate(0.198426155669,29.7519795905) scale(0.00968892587986,-0.00986784736349)"><path class="sym-fill" fill="white" d="M600 1100 l0 -1100 200 0 200 0 0 1100 0 1100 -200 0 -200 0 0 -1100z"/><path class="sym-line" fill="black" d="M395 2600 l-400 -400 203 0 202 0 0 -1100 0 -1100 100 0 100 0 0 1100 0 1100 200 0 200 0 0 -1100 0 -1100 100 0 100 0 0 1100 0 1100 202 0 203 0 -400 400 c-220 220 -402 400 -405 400 -3 0 -185 -180 -405 -400z"/></g></svg>
  <svg x='523' y='424'><g transform="translate(0.0,7.0) scale(0.01,-0.01)"><path class="sym-line" fill="black" d="M463 432 l-463 -267 0 -82 0 -83 600 0 600 0 0 100 0 100 -355 2 -355 3 355 205 355 204 0 43 0 43 -137 0 -138 -1 -462 -267z"/></g></svg>
  <svg x='469' y='559'><g transform="translate(0.149503754167,24.0581580887) scale(0.00990762479164,-0.0100466093429)"><path class="sym-fill" fill="white" d="M1603 1887 l-343 -342 137 -137 138 -136 350 343 350 344 -135 135 c-74 75 -139 136 -145 136 -5 0 -164 -154 -352 -343z M733 1027 l-312 -312 140 -133 139 -134 308 302 c169 166 308 305 310 309 1 3 -60 68 -136 144 l-137 137 -312 -313z"/><path class="sym-line" fill="black" d="M1465 2035 l-350 -343 -137 136 -137 136 -28 -24 c-15 -13 -65 -60 -111 -105 l-82 -80 140 -140 139 -140 -310 -304 -311 -304 -139 139 -139 139 0 -558 0 -557 562 0 563 0 -138 138 -137 137 308 308 307 307 135 -135 c74 -74 139 -135 145 -135 5 0 56 46 112 102 l103 103 -137 138 -138 138 348 347 349 347 -73 67 -73 66 -349 -344 -349 -344 -139 132 c-76 73 -139 136 -139 141 0 5 156 164 348 352 l347 343 -70 71 -70 70 -350 -344z m-451 -1282 l-319 -313 -140 140 -140 140 315 309 315 308 144 -136 143 -136 -318 -312z"/></g></svg>
  <svg x='498' y='562'><g transform="translate(0.179992462609,17.7203019679) scale(0.00978410972503,-0.00976663913207)"><path class="sym-fill" fill="white" d="M670 1674 c-207 -44 -371 -153 -465 -309 -38 -64 -78 -179 -89 -257 l-7 -48 885 0 886 0 0 23 c0 38 -39 167 -75 244 -87 188 -234 305 -438 347 -102 21 -599 22 -697 0z"/><path class="sym-line" fill="black" d="M641 1785 c-182 -40 -302 -104 -422 -224 -68 -69 -95 -105 -128 -171 -53 -109 -82 -220 -88 -342 l-6 -98 1002 0 1001 0 0 50 c0 28 -9 94 -21 148 -65 301 -222 506 -459 600 -120 47 -172 52 -503 51 -226 0 -330 -4 -376 -14z m742 -109 c180 -40 337 -164 415 -327 38 -79 72 -182 86 -256 l6 -33 -891 0 -891 0 7 58 c7 60 54 198 81 241 116 182 295 294 529 331 95 14 577 4 658 -14z M14 728 c3 -13 14 -69 26 -126 72 -354 257 -580 491 -599 l69 -6 0 56 0 56 -35 7 c-54 10 -147 75 -188 132 -74 101 -126 242 -150 409 l-13 88 -102 3 c-102 3 -103 3 -98 -20z M1577 743 c-3 -5 -8 -30 -12 -58 -4 -27 -18 -86 -32 -130 -64 -203 -160 -314 -288 -332 l-45 -6 0 -108 0 -109 39 0 c103 0 290 64 396 137 189 128 302 316 349 576 l7 37 -205 0 c-113 0 -207 -3 -209 -7z"/></g></svg>
  <svg x='510' y='520'><g transform="translate(-0.0594114911349,25.8941403323) scale(0.00994810149705,-0.00990524091464)"><path class="sym-fill" fill="white" d="M1546 1873 l-476 -458 0 -192 0 -193 203 0 202 0 473 455 c259 251 472 458 472 460 0 4 -250 249 -342 334 l-56 52 -476 -458z"/><path class="sym-line" fill="black" d="M1815 2405 l-200 -195 -402 0 -403 0 0 -95 0 -95 301 -2 302 -3 -271 -260 -271 -260 -1 -61 0 -61 -413 -106 c-228 -59 -419 -107 -425 -107 -17 0 -15 -13 9 -107 12 -46 27 -83 32 -83 9 0 730 181 780 196 15 5 17 -4 17 -94 l0 -99 -335 -323 c-184 -177 -335 -325 -335 -330 0 -4 32 -35 71 -70 l71 -63 66 65 c37 35 189 182 338 326 l272 262 101 0 c93 0 102 -2 97 -17 -59 -195 -206 -757 -199 -763 10 -9 176 -50 182 -45 3 3 134 468 221 788 l11 37 64 0 64 0 66 61 65 61 0 -361 0 -361 100 0 100 0 0 459 0 459 403 388 c221 214 402 394 402 400 0 11 -663 654 -674 653 -3 0 -96 -88 -206 -194z m418 -268 l197 -192 -480 -462 -480 -463 -200 0 -200 0 0 199 0 200 473 455 c259 251 477 455 482 455 6 0 99 -86 208 -192z"/></g></svg>
  <svg x='502' y='532'><g transform="translate(-0.0476503949783,26.9543102074) scale(0.00992505572199,-0.00999899958796)"><path class="sym-line" fill="black" d="M20 2295 l0 -385 320 0 320 0 0 -315 0 -315 315 0 315 0 0 -315 0 -315 320 0 320 0 0 -315 0 -315 385 0 385 0 0 95 0 95 -290 0 -290 0 0 315 0 315 -313 0 -314 0 -6 127 c-4 71 -7 212 -7 316 l0 187 -315 0 -315 0 0 315 0 315 -320 0 -320 0 0 290 0 290 -95 0 -95 0 0 -385z"/></g></svg>
  <svg x='491' y='545'><g transform="translate(0.100900989662,13.8028761369) scale(0.00973019545717,-0.00980171001958)"><path class="sym-fill" fill="white" d="M583 1185 c-269 -75 -434 -344 -368 -598 49 -187 188 -325 378 -374 159 -40 396 23 545 145 l33 27 -68 74 -68 74 -32 -27 c-89 -75 -261 -121 -366 -97 -230 51 -313 335 -147 501 60 60 117 83 223 88 l87 4 0 -100 0 -100 -70 -4 c-60 -3 -74 -8 -97 -31 -38 -38 -38 -96 0 -135 24 -23 35 -27 85 -26 105 1 209 71 255 173 30 64 30 178 0 242 -27 60 -93 125 -152 152 -59 26 -168 32 -238 12z"/><path class="sym-line" fill="black" d="M535 1386 c-139 -36 -249 -101 -348 -205 -73 -78 -116 -148 -155 -253 -25 -68 -27 -84 -27 -228 0 -144 2 -160 27 -228 42 -114 85 -180 172 -268 88 -87 154 -130 268 -172 68 -25 84 -27 233 -27 185 0 237 11 380 79 97 46 215 128 215 148 -1 7 -29 44 -64 82 l-63 68 -54 -41 c-197 -149 -458 -183 -653 -84 -65 33 -176 144 -209 209 -75 147 -75 321 0 468 33 65 144 176 209 209 168 85 351 71 450 -35 60 -63 79 -113 79 -208 0 -73 -4 -92 -27 -135 -50 -95 -138 -154 -243 -163 -58 -4 -63 -3 -93 28 -44 44 -45 96 -1 139 28 29 36 31 100 31 l69 0 0 101 0 102 -86 -6 c-143 -10 -231 -65 -282 -176 -68 -147 -2 -321 148 -389 106 -49 278 -25 388 54 26 19 57 38 69 44 31 13 107 119 135 188 19 49 23 75 23 182 0 107 -4 133 -23 182 -50 125 -166 241 -290 289 -70 28 -266 36 -347 15z"/></g></svg>
  <svg x='469' y='550'><g transform="translate(0.149086073535,7.75763618708) scale(0.00973319632325,-0.00959862186511)"><path class="sym-fill" fill="white" d="M605 683 c-94 -34 -162 -105 -191 -199 -28 -92 -60 -84 337 -84 l352 0 -7 42 c-16 99 -85 191 -175 231 -65 30 -244 35 -316 10z M0 200 l0 -100 750 0 750 0 0 100 0 100 -750 0 -750 0 0 -100z"/><path class="sym-line" fill="black" d="M575 784 c-90 -32 -160 -84 -208 -157 -41 -62 -67 -136 -67 -189 l0 -38 -150 0 -150 0 0 -50 0 -50 750 0 750 0 0 50 0 50 -150 0 -150 0 0 38 c0 141 -122 295 -274 345 -64 22 -291 23 -351 1z m360 -116 c88 -46 149 -130 162 -223 l6 -45 -353 0 -353 0 6 45 c16 112 100 208 217 246 14 5 79 7 145 6 107 -3 125 -6 170 -29z M0 50 l0 -50 750 0 750 0 0 50 0 50 -750 0 -750 0 0 -50z"/></g></svg>
  <svg x='462' y='566'><g transform="translate(0.0,2.0) scale(0.01,-0.01)"><path class="sym-line" fill="black" d="M0 100 l0 -100 1600 0 1600 0 0 100 0 100 -1600 0 -1600 0 0 -100z"/></g></svg>
</svg>