<svg version='1.1' xmlns='http://www.w3.org/2000/svg' width='79' height='92' viewBox='461 454 79 92'>
  <text font-size='0'>M540x546S15652518x512S15652461x511S2f804482x535S22a00524x483S22a10466x483S37b03482x457S37b03505x455S37b03527x454S37b0b516x455S37b0b494x457S37b0b470x457</text>
  <svg x='518' y='512'><g transform="translate(0.179502275395,15.7511982097) scale(0.00980530700994,-0.0097667724633)"><path class="sym-line" fill="black" d="M466 1584 c-167 -41 -301 -152 -379 -314 -51 -108 -75 -193 -84 -297 l-6 -73 1102 0 1101 0 0 48 c0 68 -44 223 -87 306 -54 103 -176 224 -274 270 -152 72 -132 70 -754 73 -460 1 -570 -1 -619 -13z M148 608 c27 -51 109 -207 183 -347 73 -139 139 -255 145 -258 15 -6 165 89 162 103 -2 5 -73 142 -158 302 l-155 292 -113 0 -114 0 50 -92z M380 695 c0 -16 365 -695 373 -695 5 0 44 21 86 47 42 26 77 47 79 48 1 1 -69 136 -157 301 l-159 299 -111 3 c-61 1 -111 0 -111 -3z M1000 350 l0 -350 100 0 100 0 0 350 0 350 -100 0 -100 0 0 -350z M1562 628 c-106 -196 -272 -516 -272 -525 0 -11 140 -103 157 -103 9 0 373 678 373 694 0 3 -49 6 -109 6 l-109 0 -40 -72z M1716 399 c-127 -241 -156 -303 -145 -310 67 -45 150 -90 157 -85 5 3 66 113 135 243 69 131 151 286 182 346 l57 107 -114 0 -113 0 -159 -301z"/></g></svg>
  <svg x='461' y='511'><g transform="translate(0.179502275395,15.7511982097) scale(0.00980530700994,-0.0097667724633)"><path class="sym-line" fill="black" d="M466 1584 c-167 -41 -301 -152 -379 -314 -51 -108 -75 -193 -84 -297 l-6 -73 1102 0 1101 0 0 48 c0 68 -44 223 -87 306 -54 103 -176 224 -274 270 -152 72 -132 70 -754 73 -460 1 -570 -1 -619 -13z M148 608 c27 -51 109 -207 183 -347 73 -139 139 -255 145 -258 15 -6 165 89 162 103 -2 5 -73 142 -158 302 l-155 292 -113 0 -114 0 50 -92z M380 695 c0 -16 365 -695 373 -695 5 0 44 21 86 47 42 26 77 47 79 48 1 1 -69 136 -157 301 l-159 299 -111 3 c-61 1 -111 0 -111 -3z M1000 350 l0 -350 100 0 100 0 0 350 0 350 -100 0 -100 0 0 -350z M1562 628 c-106 -196 -272 -516 -272 -525 0 -11 140 -103 157 -103 9 0 373 678 373 694 0 3 -49 6 -109 6 l-109 0 -40 -72z M1716 399 c-127 -241 -156 -303 -145 -310 67 -45 150 -90 157 -85 5 3 66 113 135 243 69 131 151 286 182 346 l57 107 -114 0 -113 0 -159 -301z"/></g></svg>
  <svg x='482' y='535'><g transform="translate(0.0,11.0) scale(0.01,-0.01)"><path class="sym-line" fill="black" d="M47 1052 c-26 -26 -47 -52 -47 -57 1 -16 398 -415 490 -492 315 -263 730 -441 1150 -493 109 -13 411 -13 520 0 420 52 835 230 1150 493 94 79 489 476 490 492 0 14 -92 105 -106 105 -6 0 -85 -75 -175 -167 -194 -199 -287 -285 -390 -364 -268 -204 -611 -346 -948 -393 -146 -21 -416 -21 -562 0 -337 47 -680 189 -948 393 -103 79 -196 165 -390 364 -90 92 -169 167 -176 167 -6 0 -32 -22 -58 -48z"/></g></svg>
  <svg x='524' y='483'><g transform="translate(0.043463926586,14.7505211307) scale(0.00985915292844,-0.00973472242044)"><path class="sym-fill" fill="white" d="M510 400 l0 -400 140 0 140 0 0 400 0 400 -140 0 -140 0 0 -400z"/><path class="sym-line" fill="black" d="M326 1153 l-315 -348 160 -3 159 -2 0 -400 0 -400 90 0 90 0 0 400 0 400 140 0 140 0 0 -400 0 -400 90 0 90 0 0 400 0 400 159 2 160 3 -315 348 c-174 191 -319 347 -324 347 -5 0 -150 -156 -324 -347z"/></g></svg>
  <svg x='466' y='483'><g transform="translate(0.043463926586,14.7505211307) scale(0.00985915292844,-0.00973472242044)"><path class="sym-fill" fill="white" d="M443 1128 l-201 -223 204 -3 c112 -1 296 -1 408 0 l204 3 -198 220 c-110 121 -203 221 -208 223 -4 1 -99 -98 -209 -220z M510 400 l0 -400 140 0 140 0 0 400 0 400 -140 0 -140 0 0 -400z"/><path class="sym-line" fill="black" d="M326 1153 l-315 -348 160 -3 159 -2 0 -400 0 -400 90 0 90 0 0 400 0 400 140 0 140 0 0 -400 0 -400 90 0 90 0 0 400 0 400 159 2 160 3 -315 348 c-174 191 -319 347 -324 347 -5 0 -150 -156 -324 -347z m534 -25 l202 -223 -206 -3 c-113 -1 -299 -1 -412 0 l-206 3 202 223 c111 122 205 222 210 222 5 0 99 -100 210 -222z"/></g></svg>
  <svg x='482' y='457'><g transform="translate(-0.317686828344,12.2573476591) scale(0.0104501836903,-0.0104965031273)"><path class="sym-line" fill="black" d="M110 1085 l-65 -65 488 -488 487 -487 67 68 68 67 -485 485 c-267 267 -487 485 -490 485 -3 0 -35 -29 -70 -65z"/></g></svg>
  <svg x='505' y='455'><g transform="translate(-0.317686828344,12.2573476591) scale(0.0104501836903,-0.0104965031273)"><path class="sym-line" fill="black" d="M110 1085 l-65 -65 488 -488 487 -487 67 68 68 67 -485 485 c-267 267 -487 485 -490 485 -3 0 -35 -29 -70 -65z"/></g></svg>
  <svg x='527' y='454'><g transform="translate(-0.317686828344,12.2573476591) scale(0.0104501836903,-0.0104965031273)"><path class="sym-line" fill="black" d="M110 1085 l-65 -65 488 -488 487 -487 67 68 68 67 -485 485 c-267 267 -487 485 -490 485 -3 0 -35 -29 -70 -65z"/></g></svg>
  <svg x='516' y='455'><g transform="translate(-0.317686828344,12.2573476591) scale(0.0104501836903,-0.0104965031273)"><path class="sym-line" fill="black" d="M530 665 l-485 -485 68 -67 67 -68 487 487 488 488 -65 65 c-35 36 -67 65 -70 65 -3 0 -223 -218 -490 -485z"/></g></svg>
  <svg x='494' y='457'><g transform="translate(-0.317686828344,12.2573476591) scale(0.0104501836903,-0.0104965031273)"><path class="sym-line" fill="black" d="M530 665 l-485 -485 68 -67 67 -68 487 487 488 488 -65 65 c-35 36 -67 65 -70 65 -3 0 -223 -218 -490 -485z"/></g></svg>
  <svg x='470' y='457'><g transform="translate(-0.317686828344,12.2573476591) scale(0.0104501836903,-0.0104965031273)"><path class="sym-line" fill="black" d="M530 665 l-485 -485 68 -67 67 -68 487 487 488 488 -65 65 c-35 36 -67 65 -70 65 -3 0 -223 -218 -490 -485z"/></g></svg>
</svg>