<svg version='1.1' xmlns='http://www.w3.org/2000/svg' width='85' height='207' viewBox='455 379 85 207'>
  <text font-size='0'>M540x586S1ea10499x379S22e04506x404S15a18468x420S15a10523x421S22a04523x452S22a14468x451S1ce40518x556S1ce48455x555S30007482x483S14c21510x479S14c28456x503S22b04519x521S22a14462x538</text>
  <svg x='499' y='379'><g transform="translate(0.151152075959,20.7518739558) scale(0.00982520870203,-0.0098527402457)"><path class="sym-fill" fill="white" d="M1000 750 l0 -550 300 0 300 0 0 550 0 550 -300 0 -300 0 0 -550z"/><path class="sym-line" fill="black" d="M343 2085 c-166 -45 -280 -168 -327 -351 -12 -46 -16 -111 -16 -248 l0 -186 99 0 98 0 6 183 c5 199 16 247 66 308 16 19 31 32 34 29 2 -3 114 -413 248 -912 l243 -908 753 0 753 0 0 750 0 750 -650 0 -650 0 0 98 c0 162 -39 270 -131 360 -58 56 -144 103 -235 126 -76 20 -220 20 -291 1z m272 -212 c65 -22 126 -84 156 -159 23 -58 24 -65 27 -479 2 -231 1 -418 -1 -415 -3 3 -66 237 -141 520 -76 283 -139 523 -142 533 -7 23 35 23 101 0z m985 -1123 l0 -550 -300 0 -300 0 0 550 0 550 300 0 300 0 0 -550z"/></g></svg>
  <svg x='506' y='404'><g transform="translate(0.148419548564,17.7025952004) scale(0.00976652257182,-0.00975230983354)"><path class="sym-fill" fill="white" d="M700 1050 l0 -350 150 0 150 0 0 350 0 350 -150 0 -150 0 0 -350z"/><path class="sym-line" fill="black" d="M0 1700 l0 -100 850 0 850 0 0 100 0 100 -850 0 -850 0 0 -100z M500 1050 l0 -350 -177 0 -178 0 353 -352 352 -353 352 353 353 352 -178 0 -177 0 0 350 0 350 -100 0 -100 0 0 -350 0 -350 -150 0 -150 0 0 350 0 350 -100 0 -100 0 0 -350z"/></g></svg>
  <svg x='468' y='420'><g transform="translate(0.0,27.0) scale(0.01,-0.01)"><path class="sym-fill" fill="white" d="M600 1307 l0 -1107 200 0 200 0 0 908 0 907 -200 200 -200 200 0 -1108z"/><path class="sym-line" fill="black" d="M297 2402 l-297 -297 0 -1053 0 -1052 600 0 600 0 0 1053 0 1052 -298 298 c-163 163 -299 297 -302 297 -3 0 -139 -134 -303 -298z m703 -1289 l0 -913 -200 0 -200 0 0 1112 0 1113 200 -200 200 -200 0 -912z"/></g></svg>
  <svg x='523' y='421'><g transform="translate(0.0,27.0) scale(0.01,-0.01)"><path class="sym-fill" fill="white" d="M397 2212 l-197 -197 0 -908 0 -907 200 0 200 0 0 1105 c0 608 -1 1105 -3 1105 -1 0 -91 -89 -200 -198z"/><path class="sym-line" fill="black" d="M297 2402 l-297 -297 0 -1053 0 -1052 600 0 600 0 0 1053 0 1052 -298 298 c-163 163 -299 297 -302 297 -3 0 -139 -134 -303 -298z m303 -1092 l0 -1110 -200 0 -200 0 0 912 0 913 197 197 c109 109 199 198 200 198 2 0 3 -499 3 -1110z"/></g></svg>
  <svg x='523' y='452'><g transform="translate(0.043463926586,14.7505211307) scale(0.00985915292844,-0.00973472242044)"><path class="sym-fill" fill="white" d="M510 1100 l0 -400 140 0 140 0 0 400 0 400 -140 0 -140 0 0 -400z"/><path class="sym-line" fill="black" d="M330 1100 l0 -400 -159 -2 -160 -3 315 -347 c174 -192 319 -348 324 -348 5 0 150 156 324 348 l315 347 -160 3 -159 2 0 400 0 400 -90 0 -90 0 0 -400 0 -400 -140 0 -140 0 0 400 0 400 -90 0 -90 0 0 -400z"/></g></svg>
  <svg x='468' y='451'><g transform="translate(0.043463926586,14.7505211307) scale(0.00985915292844,-0.00973472242044)"><path class="sym-fill" fill="white" d="M510 1100 l0 -400 140 0 140 0 0 400 0 400 -140 0 -140 0 0 -400z M277 557 c144 -163 368 -407 373 -407 5 0 229 244 373 407 l39 43 -412 0 -412 0 39 -43z"/><path class="sym-line" fill="black" d="M330 1100 l0 -400 -159 -2 -160 -3 315 -347 c174 -192 319 -348 324 -348 5 0 150 156 324 348 l315 347 -160 3 -159 2 0 400 0 400 -90 0 -90 0 0 -400 0 -400 -140 0 -140 0 0 400 0 400 -90 0 -90 0 0 -400z m714 -522 c-82 -96 -388 -428 -394 -428 -6 0 -312 332 -394 428 l-19 22 413 0 413 0 -19 -22z"/></g></svg>
  <svg x='518' y='556'><g transform="translate(0.157817922798,29.7975477761) scale(0.00988695709843,-0.00988303675869)"><path class="sym-fill" fill="white" d="M660 1384 c-170 -36 -323 -157 -398 -314 -48 -101 -62 -163 -62 -270 0 -107 14 -169 61 -267 86 -180 253 -300 457 -328 l52 -7 0 601 0 601 -22 -1 c-13 0 -52 -7 -88 -15z"/><path class="sym-line" fill="black" d="M772 2398 l3 -603 77 -6 c42 -4 88 -9 102 -13 l26 -6 0 615 0 615 -105 0 -105 0 2 -602z M1404 2214 c-131 -268 -239 -490 -239 -495 0 -5 38 -31 85 -58 l85 -49 248 500 c136 276 246 502 245 503 -9 8 -169 85 -176 85 -5 0 -116 -219 -248 -486z M1773 1735 c-142 -146 -258 -271 -258 -278 0 -15 97 -165 108 -166 6 -1 218 213 477 482 l84 87 -69 70 c-38 39 -73 70 -76 70 -4 0 -124 -119 -266 -265z M645 1594 c-282 -66 -485 -231 -585 -475 -81 -195 -81 -443 0 -638 68 -165 201 -311 357 -393 139 -73 183 -83 363 -83 142 1 162 3 235 28 253 85 456 308 522 572 23 95 23 295 0 390 -66 265 -271 489 -522 572 -67 22 -101 27 -215 29 -74 1 -144 1 -155 -2z m135 -795 l0 -602 -64 6 c-224 21 -427 193 -499 422 -42 135 -26 318 38 445 95 187 297 325 483 329 l42 1 0 -601z"/></g></svg>
  <svg x='455' y='555'><g transform="translate(-0.00824831523023,29.7633957185) scale(0.00991330264602,-0.0098716527395)"><path class="sym-fill" fill="white" d="M1430 800 l0 -602 53 7 c243 33 440 207 501 442 21 78 21 228 0 306 -61 235 -258 409 -501 442 l-53 7 0 -602z"/><path class="sym-line" fill="black" d="M1230 2386 l0 -613 43 8 c23 4 68 8 100 9 l57 0 0 605 0 605 -100 0 -100 0 0 -614z M455 2658 c-44 -22 -81 -41 -83 -43 -1 -1 109 -227 245 -503 l248 -501 75 44 c41 24 81 48 89 52 10 7 -41 120 -229 501 -134 270 -248 492 -254 492 -6 -1 -47 -19 -91 -42z M85 1930 l-69 -70 104 -107 c288 -297 452 -463 458 -463 7 1 105 148 110 165 3 11 -505 538 -523 543 -5 1 -41 -29 -80 -68z M1235 1580 c-278 -73 -488 -286 -566 -575 -30 -112 -30 -298 0 -410 43 -159 116 -281 234 -391 92 -85 161 -127 274 -167 76 -26 106 -31 213 -35 163 -5 243 11 380 79 91 46 117 64 195 143 100 101 156 191 202 321 26 76 28 89 28 255 0 166 -2 179 -28 255 -46 130 -102 220 -202 321 -78 79 -104 97 -195 143 -60 29 -135 58 -175 66 -99 21 -273 18 -360 -5z m307 -191 c222 -47 404 -234 453 -465 58 -274 -84 -559 -336 -673 -69 -31 -149 -51 -204 -51 l-35 0 0 600 0 600 35 0 c18 0 58 -5 87 -11z"/></g></svg>
  <svg x='482' y='483'><g transform="translate(-0.0202640873613,34.8235379339) scale(0.00998278661735,-0.00997653818402)"><path class="sym-line" fill="black" d="M1650 3474 c-324 -38 -548 -110 -790 -254 -284 -168 -552 -464 -685 -755 -113 -247 -159 -457 -158 -730 0 -256 45 -464 149 -696 244 -548 766 -931 1389 -1020 115 -16 374 -16 490 0 799 113 1416 714 1526 1486 16 115 16 366 0 475 -59 392 -242 743 -527 1009 -272 254 -593 409 -974 471 -69 11 -361 21 -420 14z m368 -169 c56 -8 130 -22 165 -30 60 -15 187 -55 187 -58 0 -1 -7 -34 -15 -72 -19 -90 -19 -224 0 -317 9 -43 34 -112 62 -168 38 -76 63 -110 128 -175 129 -129 263 -193 449 -215 99 -12 232 -2 292 20 14 6 27 10 28 10 7 0 46 -119 65 -195 31 -129 42 -221 42 -365 0 -389 -134 -738 -399 -1035 -481 -540 -1281 -696 -1938 -379 -329 160 -595 421 -749 739 -108 222 -155 423 -155 673 0 200 24 345 90 529 152 427 528 798 963 952 262 92 532 122 785 86z m591 -196 c162 -89 326 -225 454 -379 76 -92 195 -275 185 -286 -9 -8 -121 -24 -173 -24 -136 1 -295 65 -394 160 -110 105 -169 228 -178 375 -5 74 10 195 24 195 4 0 40 -19 82 -41z"/></g></svg>
  <svg x='510' y='479'><g transform="translate(0.0507379427804,25.9546424443) scale(0.00992503438421,-0.0100035595614)"><path class="sym-line" fill="black" d="M1085 2558 c-44 -12 -81 -22 -83 -23 -1 -1 45 -172 103 -379 58 -207 105 -379 105 -381 0 -3 -46 -5 -102 -5 l-103 1 -200 190 c-110 105 -262 249 -337 320 l-137 130 -72 -68 -72 -69 342 -324 341 -325 0 -92 c0 -59 -4 -93 -11 -93 -6 0 -182 43 -392 96 -210 53 -388 97 -396 98 -9 1 -22 -28 -37 -84 -13 -47 -24 -88 -24 -91 0 -3 193 -55 430 -115 l430 -109 0 -62 0 -61 266 -254 266 -253 -301 -3 -301 -2 0 -95 0 -95 404 0 404 0 134 -127 c73 -70 165 -157 203 -195 l71 -68 337 320 c185 177 337 325 337 330 0 5 -180 181 -400 390 l-400 382 0 454 0 454 -100 0 -100 0 -2 -357 -3 -357 -71 67 -71 67 -60 0 -60 0 -91 323 c-50 177 -101 359 -114 405 -16 58 -27 82 -38 81 -8 -1 -51 -10 -95 -21z"/></g></svg>
  <svg x='456' y='503'><g transform="translate(-0.0594657001311,30.7516384396) scale(0.00991707416583,-0.00987200030311)"><path class="sym-line" fill="black" d="M1110 2603 l-1 -498 -74 -78 -74 -77 -213 375 c-117 206 -217 374 -222 375 -12 0 -176 -93 -176 -100 1 -3 104 -185 230 -405 l229 -400 -45 -45 -44 -46 0 -104 -1 -105 -272 278 c-150 152 -277 277 -284 277 -6 0 -41 -32 -77 -72 l-65 -71 269 -276 c148 -152 305 -312 349 -356 l81 -80 0 -597 0 -598 495 0 495 0 0 297 0 298 295 295 c162 163 295 302 295 309 0 16 -119 141 -134 141 -6 0 -111 -100 -233 -222 l-223 -223 0 406 0 405 -44 43 -43 43 223 392 c123 216 226 399 229 407 6 16 -151 113 -170 105 -6 -2 -102 -163 -213 -357 -111 -195 -207 -361 -212 -369 -8 -12 -24 -1 -85 60 l-75 74 0 498 0 498 -105 0 -105 0 0 -497z"/></g></svg>
  <svg x='519' y='521'><g transform="translate(0.198426155669,29.702611239) scale(0.00968892587986,-0.00985139124633)"><path class="sym-fill" fill="white" d="M600 1900 l0 -1100 200 0 200 0 0 1100 0 1100 -200 0 -200 0 0 -1100z"/><path class="sym-line" fill="black" d="M400 1900 l0 -1100 -202 0 -203 0 403 -402 402 -403 402 403 403 402 -203 0 -202 0 0 1100 0 1100 -100 0 -100 0 0 -1100 0 -1100 -200 0 -200 0 0 1100 0 1100 -100 0 -100 0 0 -1100z"/></g></svg>
  <svg x='462' y='538'><g transform="translate(0.043463926586,14.7505211307) scale(0.00985915292844,-0.00973472242044)"><path class="sym-fill" fill="white" d="M510 1100 l0 -400 140 0 140 0 0 400 0 400 -140 0 -140 0 0 -400z M277 557 c144 -163 368 -407 373 -407 5 0 229 244 373 407 l39 43 -412 0 -412 0 39 -43z"/><path class="sym-line" fill="black" d="M330 1100 l0 -400 -159 -2 -160 -3 315 -347 c174 -192 319 -348 324 -348 5 0 150 156 324 348 l315 347 -160 3 -159 2 0 400 0 400 -90 0 -90 0 0 -400 0 -400 -140 0 -140 0 0 400 0 400 -90 0 -90 0 0 -400z m714 -522 c-82 -96 -388 -428 -394 -428 -6 0 -312 332 -394 428 l-19 22 413 0 413 0 -19 -22z"/></g></svg>
</svg>