<svg version='1.1' xmlns='http://www.w3.org/2000/svg' width='80' height='76' viewBox='460 482 80 76'>
  <text font-size='0'>M540x558S2ff00482x482S2fb07485x503S2fb01503x503S17d17511x503S17d1f465x505S2fb04493x537S22b03516x525S22b15460x525S20500496x547</text>
  <svg x='482' y='482'><g transform="translate(0.149874875465,34.7500790925) scale(0.00988906872676,-0.00988956850125)"><path class="sym-line" fill="black" d="M1528 3484 c-592 -92 -1088 -447 -1348 -963 -125 -249 -180 -485 -180 -771 0 -480 183 -911 529 -1242 350 -336 780 -508 1271 -508 451 0 864 150 1193 434 326 281 517 620 591 1051 21 121 21 409 0 530 -43 252 -114 444 -237 639 -282 453 -741 750 -1284 831 -127 19 -413 18 -535 -1z m607 -173 c583 -126 1038 -523 1224 -1069 59 -173 75 -277 75 -492 0 -165 -3 -211 -22 -300 -71 -327 -228 -611 -458 -829 -186 -177 -381 -295 -614 -374 -176 -60 -282 -78 -490 -84 -247 -7 -416 19 -628 97 -549 201 -944 674 -1043 1250 -17 97 -17 383 0 480 99 576 495 1050 1043 1250 105 38 177 58 303 81 143 26 467 21 610 -10z"/></g></svg>
  <svg x='485' y='503'><g transform="translate(0.181246512216,11.8507047859) scale(0.00972988055283,-0.00980187839866)"><path class="sym-line" fill="black" d="M298 1190 c-81 -14 -160 -41 -231 -77 l-70 -35 45 -45 45 -45 79 28 c96 33 250 44 347 23 216 -45 390 -187 480 -391 68 -153 70 -355 5 -507 l-19 -44 43 -44 c23 -24 45 -43 49 -43 8 0 63 113 82 170 42 127 48 327 13 455 -71 255 -278 461 -536 535 -84 24 -255 34 -332 20z"/></g></svg>
  <svg x='503' y='503'><g transform="translate(0.0919447369926,11.7272467828) scale(0.00979617329555,-0.00974613583378)"><path class="sym-line" fill="black" d="M605 1175 c-278 -61 -496 -269 -577 -551 -18 -64 -23 -103 -22 -204 0 -144 20 -234 80 -352 l36 -71 45 45 45 45 -28 79 c-33 96 -44 250 -23 347 45 216 187 390 391 480 153 68 355 70 507 5 l44 -19 44 43 c24 23 43 45 43 49 0 6 -101 57 -155 77 -110 42 -307 54 -430 27z"/></g></svg>
  <svg x='511' y='503'><g transform="translate(-0.00020560579517,25.8477870231) scale(0.00988835991179,-0.00989045710541)"><path class="sym-fill" fill="white" d="M1437 1001 l-428 -442 91 -97 c51 -53 95 -98 99 -100 4 -1 142 136 306 305 165 170 357 367 428 439 l128 131 -98 102 -98 103 -428 -441z"/><path class="sym-line" fill="black" d="M731 2464 l-133 -137 100 -101 c55 -56 278 -285 496 -510 l397 -409 -93 -96 c-52 -53 -183 -189 -293 -302 l-201 -206 -424 438 c-234 241 -430 439 -437 439 -12 0 -128 -126 -128 -140 0 -10 1377 -1430 1386 -1430 4 0 230 230 504 511 l497 512 -60 61 c-32 34 -373 385 -757 781 -384 396 -704 721 -710 723 -7 2 -71 -59 -144 -134z m1233 -1123 l99 -99 -74 -80 c-41 -44 -234 -244 -429 -445 l-355 -366 -98 97 c-53 53 -96 103 -95 109 3 12 838 880 848 882 3 1 50 -44 104 -98z"/></g></svg>
  <svg x='465' y='505'><g transform="translate(0.158374557637,25.8480390195) scale(0.00986275152123,-0.00988751762875)"><path class="sym-fill" fill="white" d="M436 1339 l-97 -102 128 -131 c71 -72 263 -269 428 -439 164 -169 302 -306 306 -305 4 2 48 47 99 101 l92 97 -348 358 c-191 196 -384 394 -429 440 l-82 83 -97 -102z"/><path class="sym-line" fill="black" d="M865 1929 c-357 -368 -699 -721 -758 -784 l-108 -114 497 -510 c273 -281 499 -511 503 -511 5 0 675 687 1255 1287 l138 143 -62 70 c-34 39 -67 70 -74 70 -6 0 -202 -198 -436 -439 l-425 -438 -210 216 c-115 119 -247 255 -293 302 l-83 86 392 404 c215 222 439 452 496 510 l104 105 -131 137 c-73 75 -137 137 -143 136 -7 0 -304 -301 -662 -670z m158 -987 c199 -205 363 -378 365 -385 1 -7 -42 -56 -95 -109 l-98 -97 -355 366 c-195 201 -388 401 -429 445 l-74 80 99 99 99 99 63 -63 c35 -34 226 -230 425 -435z"/></g></svg>
  <svg x='493' y='537'><g transform="translate(0.178125321737,5.7484375) scale(0.00969593203301,-0.00933333333333)"><path class="sym-line" fill="black" d="M4 569 c22 -111 99 -242 206 -349 151 -151 320 -220 540 -220 220 0 389 69 540 220 107 107 184 238 206 349 l7 31 -61 0 -61 0 -42 -82 c-54 -104 -163 -218 -264 -274 -154 -85 -340 -108 -501 -61 -176 51 -331 177 -413 335 l-42 82 -61 0 -61 0 7 -31z"/></g></svg>
  <svg x='516' y='525'><g transform="translate(0.148922017325,24.0580861241) scale(0.00993671163373,-0.0100433737655)"><path class="sym-fill" fill="white" d="M1183 1473 l-764 -756 23 -22 c13 -12 76 -72 140 -135 l118 -113 485 479 c267 263 613 604 768 756 l282 276 -135 136 c-74 75 -139 136 -143 136 -5 0 -353 -341 -774 -757z"/><path class="sym-line" fill="black" d="M1250 1824 c-311 -306 -656 -647 -767 -758 l-203 -201 -140 140 -140 140 0 -558 0 -557 562 0 563 0 -138 138 -138 138 763 755 c420 415 763 758 763 763 0 4 -31 37 -70 71 l-70 63 -770 -759 -769 -760 -140 140 -140 140 495 487 c272 268 618 611 769 761 l275 273 -70 70 -70 70 -565 -556z"/></g></svg>
  <svg x='460' y='525'><g transform="translate(-0.0593241440395,23.7554522998) scale(0.0100464968782,-0.00992321901409)"><path class="sym-fill" fill="white" d="M300 2095 l-134 -135 34 -37 c19 -20 360 -367 758 -769 l723 -732 132 135 c73 74 132 139 132 143 0 9 -1496 1530 -1505 1530 -3 0 -66 -61 -140 -135z M1887 489 l-379 -384 378 -3 c207 -1 379 -1 381 1 2 2 2 176 1 387 l-3 383 -378 -384z"/><path class="sym-line" fill="black" d="M505 2309 l-67 -72 284 -286 c660 -664 1228 -1244 1228 -1255 0 -6 -60 -72 -134 -145 l-134 -134 -468 474 c-257 261 -600 607 -761 769 l-293 295 -69 -70 -70 -70 347 -352 c191 -194 531 -540 756 -768 l410 -416 -140 -140 -139 -139 558 0 557 0 0 562 0 563 -138 -138 -139 -138 -753 763 c-415 420 -757 764 -761 766 -3 1 -36 -30 -74 -69z m1765 -1819 l0 -390 -380 0 c-209 0 -380 3 -380 7 0 5 748 767 758 772 1 0 2 -174 2 -389z"/></g></svg>
  <svg x='496' y='547'><g transform="translate(-0.221878406359,10.7500002304) scale(0.0103429235226,-0.00963778430032)"><path class="sym-line" fill="black" d="M430 895 l0 -205 -37 23 c-21 13 -95 61 -165 105 l-128 82 -36 -71 c-19 -40 -32 -75 -27 -79 4 -3 74 -48 156 -99 81 -51 147 -97 147 -101 0 -4 -66 -50 -147 -101 -82 -51 -152 -96 -156 -99 -5 -4 8 -39 27 -79 l36 -71 128 82 c70 44 144 92 165 105 l37 23 0 -205 0 -205 70 0 70 0 0 205 0 205 38 -23 c20 -13 94 -61 164 -105 l128 -82 36 71 c19 40 32 75 27 79 -4 3 -74 48 -155 99 -82 51 -148 97 -148 101 0 4 66 50 148 101 81 51 151 96 155 99 5 4 -8 39 -27 79 l-36 71 -128 -82 c-70 -44 -144 -92 -164 -105 l-38 -23 0 205 0 205 -70 0 -70 0 0 -205z"/></g></svg>
</svg>