<svg version='1.1' xmlns='http://www.w3.org/2000/svg' width='80' height='65' viewBox='460 468 80 65'>
  <text font-size='0'>M540x533S20500483x517S2880d496x513S20500507x497S20303519x487S37b03515x492S3780b483x483S37706460x511S20301508x468</text>
  <svg x='483' y='517'><g transform="translate(-0.221878406359,10.7500002304) scale(0.0103429235226,-0.00963778430032)"><path class="sym-line" fill="black" d="M430 895 l0 -205 -37 23 c-21 13 -95 61 -165 105 l-128 82 -36 -71 c-19 -40 -32 -75 -27 -79 4 -3 74 -48 156 -99 81 -51 147 -97 147 -101 0 -4 -66 -50 -147 -101 -82 -51 -152 -96 -156 -99 -5 -4 8 -39 27 -79 l36 -71 128 82 c70 44 144 92 165 105 l37 23 0 -205 0 -205 70 0 70 0 0 205 0 205 38 -23 c20 -13 94 -61 164 -105 l128 -82 36 71 c19 40 32 75 27 79 -4 3 -74 48 -155 99 -82 51 -148 97 -148 101 0 4 66 50 148 101 81 51 151 96 155 99 5 4 -8 39 -27 79 l-36 71 -128 -82 c-70 -44 -144 -92 -164 -105 l-38 -23 0 205 0 205 -70 0 -70 0 0 -205z"/></g></svg>
  <svg x='496' y='513'><g transform="translate(0.149872906888,19.9803277894) scale(0.00988916715558,-0.0100115333863)"><path class="sym-fill" fill="white" d="M1405 1968 c-3 -7 -6 -170 -7 -363 l-3 -350 -31 -65 c-35 -74 -103 -146 -171 -184 -82 -47 -134 -56 -305 -56 l-158 0 0 -206 0 -207 188 6 c261 8 372 37 529 140 167 108 289 279 344 482 21 75 22 104 23 445 l1 365 -203 3 c-157 2 -204 0 -207 -10z"/><path class="sym-line" fill="black" d="M1240 1642 l0 -338 -26 -52 c-28 -57 -69 -96 -129 -123 -33 -15 -67 -19 -192 -19 l-153 0 0 180 c0 99 -3 180 -6 180 -10 0 -734 -714 -734 -724 0 -10 715 -718 731 -724 5 -2 9 79 9 181 l0 185 218 4 c199 5 224 7 306 32 344 104 591 358 682 701 26 98 27 108 32 478 l4 377 -80 0 -81 0 -3 -377 -4 -378 -28 -90 c-89 -289 -301 -489 -606 -572 -35 -9 -125 -17 -252 -20 l-198 -5 0 205 0 205 173 4 c148 4 180 8 230 27 115 45 219 157 251 272 13 45 16 117 16 392 l0 337 -80 0 -80 0 0 -338z"/></g></svg>
  <svg x='507' y='497'><g transform="translate(-0.221878406359,10.7500002304) scale(0.0103429235226,-0.00963778430032)"><path class="sym-line" fill="black" d="M430 895 l0 -205 -37 23 c-21 13 -95 61 -165 105 l-128 82 -36 -71 c-19 -40 -32 -75 -27 -79 4 -3 74 -48 156 -99 81 -51 147 -97 147 -101 0 -4 -66 -50 -147 -101 -82 -51 -152 -96 -156 -99 -5 -4 8 -39 27 -79 l36 -71 128 82 c70 44 144 92 165 105 l37 23 0 -205 0 -205 70 0 70 0 0 205 0 205 38 -23 c20 -13 94 -61 164 -105 l128 -82 36 71 c19 40 32 75 27 79 -4 3 -74 48 -155 99 -82 51 -148 97 -148 101 0 4 66 50 148 101 81 51 151 96 155 99 5 4 -8 39 -27 79 l-36 71 -128 -82 c-70 -44 -144 -92 -164 -105 l-38 -23 0 205 0 205 -70 0 -70 0 0 -205z"/></g></svg>
  <svg x='519' y='487'><g transform="translate(0.151481913954,20.7060077739) scale(0.00980871680229,-0.00983291001503)"><path class="sym-fill" fill="white" d="M667 1422 l-377 -377 380 -380 380 -380 380 380 380 380 -377 377 c-208 208 -380 378 -383 378 -3 0 -175 -170 -383 -378z"/><path class="sym-line" fill="black" d="M522 1567 l-522 -522 525 -525 525 -525 525 525 525 525 -522 522 c-288 288 -525 523 -528 523 -3 0 -240 -235 -528 -523z m910 -134 c208 -208 378 -382 378 -388 0 -6 -171 -181 -380 -390 l-380 -380 -385 385 -385 385 382 382 c211 211 385 383 388 383 3 0 175 -170 382 -377z"/></g></svg>
  <svg x='515' y='492'><g transform="translate(-0.317686828344,12.2573476591) scale(0.0104501836903,-0.0104965031273)"><path class="sym-line" fill="black" d="M110 1085 l-65 -65 488 -488 487 -487 67 68 68 67 -485 485 c-267 267 -487 485 -490 485 -3 0 -35 -29 -70 -65z"/></g></svg>
  <svg x='483' y='483'><g transform="translate(-1.02051218248,30.9549291903) scale(0.0106476984959,-0.0106474025028)"><path class="sym-line" fill="black" d="M1412 1587 c-716 -716 -1302 -1307 -1302 -1312 0 -13 152 -165 165 -165 13 0 2615 2602 2615 2615 0 13 -152 165 -165 165 -6 0 -596 -586 -1313 -1303z"/></g></svg>
  <svg x='460' y='511'><g transform="translate(0.0,2.0) scale(0.01,-0.01)"><path class="sym-line" fill="black" d="M0 100 l0 -100 1250 0 1250 0 0 100 0 100 -1250 0 -1250 0 0 -100z"/></g></svg>
  <svg x='508' y='468'><g transform="translate(0.199328273943,20.7485491077) scale(0.00980871680229,-0.00980957695607)"><path class="sym-fill" fill="white" d="M665 1430 l-380 -380 380 -380 380 -380 380 380 380 380 -380 380 -380 380 -380 -380z"/><path class="sym-line" fill="black" d="M520 1575 l-525 -525 525 -525 525 -525 525 525 525 525 -525 525 -525 525 -525 -525z m915 -145 l380 -380 -380 -380 c-209 -209 -384 -380 -390 -380 -6 0 -181 171 -390 380 l-380 380 380 380 c209 209 384 380 390 380 6 0 181 -171 390 -380z"/></g></svg>
</svg>