<svg version='1.1' xmlns='http://www.w3.org/2000/svg' width='77' height='98' viewBox='464 482 77 98'>
  <text font-size='0'>M541x580S31600482x482S34100482x482S22c14464x538S10a08477x508S22c04508x528S22c04525x528S22c14482x538S10a00509x499</text>
  <svg x='482' y='482'><g transform="translate(0.149874875465,34.7500790925) scale(0.00988906872676,-0.00988956850125)"><path class="sym-line" fill="black" d="M1528 3484 c-592 -92 -1088 -447 -1348 -963 -125 -249 -180 -485 -180 -771 0 -480 183 -911 529 -1242 350 -336 780 -508 1271 -508 451 0 864 150 1193 434 326 281 517 620 591 1051 21 121 21 409 0 530 -43 252 -114 444 -237 639 -282 453 -741 750 -1284 831 -127 19 -413 18 -535 -1z m607 -173 c583 -126 1038 -523 1224 -1069 59 -173 75 -277 75 -492 0 -165 -3 -211 -22 -300 -71 -327 -228 -611 -458 -829 -186 -177 -381 -295 -614 -374 -176 -60 -282 -78 -490 -84 -247 -7 -416 19 -628 97 -549 201 -944 674 -1043 1250 -17 97 -17 383 0 480 99 576 495 1050 1043 1250 105 38 177 58 303 81 143 26 467 21 610 -10z M722 2450 c7 -73 59 -170 120 -225 96 -86 202 -125 341 -125 215 0 393 115 447 289 11 35 20 74 20 87 0 22 -4 24 -55 24 -51 0 -55 -2 -61 -27 -18 -79 -75 -138 -179 -185 -71 -32 -226 -37 -310 -11 -113 36 -196 111 -211 189 -6 34 -7 34 -61 34 l-56 0 5 -50z M1955 2453 c29 -205 222 -353 458 -353 51 0 115 6 142 14 171 45 304 182 324 333 l8 53 -59 0 c-52 0 -58 -2 -58 -20 0 -61 -75 -145 -169 -189 -51 -23 -68 -25 -181 -26 -120 0 -128 1 -190 31 -93 46 -146 100 -159 167 -7 31 -8 32 -65 35 l-58 3 7 -48z"/></g></svg>
  <svg x='482' y='482'><g transform="translate(0.149874875465,34.7500790925) scale(0.00988906872676,-0.00988956850125)"><path class="sym-line" fill="black" d="M1528 3484 c-592 -92 -1088 -447 -1348 -963 -125 -249 -180 -485 -180 -771 0 -480 183 -911 529 -1242 350 -336 780 -508 1271 -508 451 0 864 150 1193 434 326 281 517 620 591 1051 21 121 21 409 0 530 -43 252 -114 444 -237 639 -282 453 -741 750 -1284 831 -127 19 -413 18 -535 -1z m607 -173 c583 -126 1038 -523 1224 -1069 59 -173 75 -277 75 -492 0 -165 -3 -211 -22 -300 -71 -327 -228 -611 -458 -829 -186 -177 -381 -295 -614 -374 -176 -60 -282 -78 -490 -84 -247 -7 -416 19 -628 97 -549 201 -944 674 -1043 1250 -17 97 -17 383 0 480 99 576 495 1050 1043 1250 105 38 177 58 303 81 143 26 467 21 610 -10z M1630 1186 c-206 -46 -410 -181 -559 -371 l-51 -65 67 -55 c37 -30 69 -55 73 -55 3 0 20 25 39 56 73 122 220 248 348 298 97 38 173 49 290 44 176 -8 307 -65 440 -191 62 -59 144 -165 156 -202 2 -5 30 10 61 35 32 25 65 50 73 57 13 10 9 20 -35 76 -148 186 -341 317 -540 367 -89 23 -272 26 -362 6z"/></g></svg>
  <svg x='464' y='538'><g transform="translate(0.198426155669,41.6991942039) scale(0.00968892587986,-0.00989303731046)"><path class="sym-fill" fill="white" d="M600 2500 l0 -1700 200 0 200 0 0 1700 0 1700 -200 0 -200 0 0 -1700z M523 423 l277 -278 277 278 278 277 -555 0 -555 0 278 -277z"/><path class="sym-line" fill="black" d="M400 2500 l0 -1700 -202 0 -203 0 403 -402 402 -403 402 403 403 402 -203 0 -202 0 0 1700 0 1700 -100 0 -100 0 0 -1700 0 -1700 -200 0 -200 0 0 1700 0 1700 -100 0 -100 0 0 -1700z m677 -2077 l-277 -278 -277 278 -278 277 555 0 555 0 -278 -277z"/></g></svg>
  <svg x='477' y='508'><g transform="translate(0.0,26.0) scale(0.01,-0.01)"><path class="sym-fill" fill="white" d="M200 750 l0 -550 550 0 550 0 0 550 0 550 -550 0 -550 0 0 -550z"/><path class="sym-line" fill="black" d="M259 2584 c-103 -31 -186 -111 -231 -221 l-23 -58 -3 -1152 -2 -1153 750 0 750 0 0 750 0 750 -651 0 -650 0 3 378 c3 408 3 407 60 458 66 60 51 59 566 62 l472 3 0 100 0 99 -497 -1 c-401 0 -507 -3 -544 -15z m1041 -1834 l0 -550 -550 0 -550 0 0 550 0 550 550 0 550 0 0 -550z"/></g></svg>
  <svg x='508' y='528'><g transform="translate(0.198426155669,41.6991942039) scale(0.00968892587986,-0.00989303731046)"><path class="sym-fill" fill="white" d="M600 2500 l0 -1700 200 0 200 0 0 1700 0 1700 -200 0 -200 0 0 -1700z"/><path class="sym-line" fill="black" d="M400 2500 l0 -1700 -202 0 -203 0 403 -402 402 -403 402 403 403 402 -203 0 -202 0 0 1700 0 1700 -100 0 -100 0 0 -1700 0 -1700 -200 0 -200 0 0 1700 0 1700 -100 0 -100 0 0 -1700z"/></g></svg>
  <svg x='525' y='528'><g transform="translate(0.198426155669,41.6991942039) scale(0.00968892587986,-0.00989303731046)"><path class="sym-fill" fill="white" d="M600 2500 l0 -1700 200 0 200 0 0 1700 0 1700 -200 0 -200 0 0 -1700z"/><path class="sym-line" fill="black" d="M400 2500 l0 -1700 -202 0 -203 0 403 -402 402 -403 402 403 403 402 -203 0 -202 0 0 1700 0 1700 -100 0 -100 0 0 -1700 0 -1700 -200 0 -200 0 0 1700 0 1700 -100 0 -100 0 0 -1700z"/></g></svg>
  <svg x='482' y='538'><g transform="translate(0.198426155669,41.6991942039) scale(0.00968892587986,-0.00989303731046)"><path class="sym-fill" fill="white" d="M600 2500 l0 -1700 200 0 200 0 0 1700 0 1700 -200 0 -200 0 0 -1700z M523 423 l277 -278 277 278 278 277 -555 0 -555 0 278 -277z"/><path class="sym-line" fill="black" d="M400 2500 l0 -1700 -202 0 -203 0 403 -402 402 -403 402 403 403 402 -203 0 -202 0 0 1700 0 1700 -100 0 -100 0 0 -1700 0 -1700 -200 0 -200 0 0 1700 0 1700 -100 0 -100 0 0 -1700z m677 -2077 l-277 -278 -277 278 -278 277 555 0 555 0 -278 -277z"/></g></svg>
  <svg x='509' y='499'><g transform="translate(0.149086073535,25.7501839683) scale(0.00973319632325,-0.0098422472507)"><path class="sym-fill" fill="white" d="M200 750 l0 -550 550 0 550 0 0 550 0 550 -550 0 -550 0 0 -550z"/><path class="sym-line" fill="black" d="M200 2501 l0 -100 473 -3 c514 -3 499 -2 565 -62 57 -51 57 -50 60 -458 l3 -378 -650 0 -651 0 0 -750 0 -750 750 0 750 0 0 1134 c0 1083 -1 1137 -19 1195 -37 121 -96 191 -201 240 l-55 26 -512 3 -513 3 0 -100z m1100 -1751 l0 -550 -550 0 -550 0 0 550 0 550 550 0 550 0 0 -550z"/></g></svg>
</svg>