<svg version='1.1' xmlns='http://www.w3.org/2000/svg' width='82' height='107' viewBox='459 447 82 107'>
  <text font-size='0'>M541x554S10010512x447S10018467x448S28802509x484S2881a465x485S21b00477x504S21600513x447S21600475x447S10651508x514S10659464x514S2d610459x542S21b00514x504S2d608512x542S2fc04492x501</text>
  <svg x='512' y='447'><g transform="translate(0.0,30.0) scale(0.01,-0.01)"><path class="sym-fill" fill="white" d="M200 750 l0 -550 300 0 300 0 0 550 0 550 -300 0 -300 0 0 -550z"/><path class="sym-line" fill="black" d="M1300 2250 l0 -750 -650 0 -650 0 0 -750 0 -750 750 0 750 0 0 1500 0 1500 -100 0 -100 0 0 -750z m-500 -1500 l0 -550 -300 0 -300 0 0 550 0 550 300 0 300 0 0 -550z"/></g></svg>
  <svg x='467' y='448'><g transform="translate(0.0,30.0) scale(0.01,-0.01)"><path class="sym-fill" fill="white" d="M700 750 l0 -550 300 0 300 0 0 550 0 550 -300 0 -300 0 0 -550z"/><path class="sym-line" fill="black" d="M0 1500 l0 -1500 750 0 750 0 0 750 0 750 -650 0 -650 0 0 750 0 750 -100 0 -100 0 0 -1500z m1300 -750 l0 -550 -300 0 -300 0 0 550 0 550 300 0 300 0 0 -550z"/></g></svg>
  <svg x='509' y='484'><g transform="translate(0.151309565221,11.7537240543) scale(0.00981733423896,-0.00972144175427)"><path class="sym-fill" fill="white" d="M951 1035 c-201 -46 -304 -107 -499 -299 l-92 -91 142 -142 143 -143 110 109 c66 66 131 120 162 136 72 37 166 51 249 37 116 -19 148 -43 409 -303 l240 -239 143 143 142 142 -227 226 c-242 240 -298 288 -396 343 -142 79 -376 115 -526 81z"/><path class="sym-line" fill="black" d="M927 1190 c-60 -11 -161 -43 -230 -74 -95 -42 -194 -115 -323 -239 l-125 -120 -125 124 -124 124 0 -503 0 -502 502 0 503 0 -125 125 -125 126 111 108 c117 116 144 131 234 131 101 0 108 -5 360 -256 130 -129 240 -234 246 -234 5 0 32 23 59 50 l50 51 -240 239 c-198 196 -251 244 -297 265 -77 35 -163 48 -239 36 -105 -17 -159 -50 -285 -173 l-115 -112 -142 142 -142 142 100 101 c161 162 264 230 425 281 64 20 96 23 220 23 160 0 233 -16 355 -77 107 -54 146 -87 398 -337 l247 -245 50 49 c28 27 50 54 50 61 0 6 -111 121 -247 255 -305 301 -383 355 -603 421 -73 22 -338 34 -423 18z"/></g></svg>
  <svg x='465' y='485'><g transform="translate(0.151309565221,11.7541632991) scale(0.00981733423896,-0.00971190736823)"><path class="sym-fill" fill="white" d="M951 1035 c-143 -32 -239 -76 -343 -156 -29 -23 -155 -144 -281 -268 l-227 -226 142 -142 143 -143 240 239 c261 260 293 284 409 303 83 14 177 0 249 -37 31 -16 96 -70 162 -136 l110 -109 143 143 142 142 -92 91 c-172 170 -270 234 -423 279 -113 34 -277 42 -374 20z M1770 425 l-325 -325 328 0 327 0 0 325 c0 179 -1 325 -3 325 -1 0 -148 -146 -327 -325z"/><path class="sym-line" fill="black" d="M927 1190 c-60 -11 -161 -43 -230 -74 -118 -52 -200 -119 -449 -365 -137 -134 -248 -249 -248 -255 0 -7 22 -34 50 -61 l50 -49 247 245 c252 250 291 283 398 337 122 61 195 77 355 77 124 0 156 -3 220 -23 161 -51 264 -119 425 -281 l100 -101 -142 -142 -142 -142 -115 112 c-126 123 -180 156 -285 173 -76 12 -162 -1 -239 -36 -46 -21 -99 -69 -297 -265 l-240 -239 50 -51 c27 -27 54 -50 59 -50 6 0 116 105 246 234 252 251 259 256 360 256 90 0 117 -15 234 -131 l111 -108 -125 -126 -125 -125 503 0 502 0 0 502 0 503 -124 -124 -125 -124 -125 120 c-177 170 -288 239 -476 295 -73 22 -338 34 -423 18z m1170 -1087 c-2 -2 -149 -2 -327 -1 l-322 3 323 329 324 329 3 -328 c1 -180 1 -330 -1 -332z"/></g></svg>
  <svg x='477' y='504'><g transform="translate(0.145459417632,7.7569354617) scale(0.00951442013667,-0.00959794917003)"><path class="sym-fill" fill="white" d="M309 572 c-43 -22 -59 -38 -81 -81 -16 -31 -28 -69 -28 -91 0 -22 12 -60 28 -91 22 -43 38 -59 81 -81 68 -36 114 -36 182 0 43 22 59 38 81 81 36 68 36 114 0 182 -22 43 -38 59 -81 81 -31 16 -69 28 -91 28 -22 0 -60 -12 -91 -28z"/><path class="sym-line" fill="black" d="M275 784 c-126 -44 -218 -136 -258 -258 -22 -64 -22 -188 0 -252 56 -169 203 -274 383 -274 180 0 327 105 383 274 22 64 22 188 0 252 -41 122 -134 216 -257 257 -61 21 -195 21 -251 1z m203 -199 c104 -44 151 -167 103 -270 -71 -153 -291 -153 -362 0 -33 72 -19 166 34 224 52 56 151 76 225 46z"/></g></svg>
  <svg x='513' y='447'><g transform="translate(0.149834234299,7.75047623956) scale(0.00950047578505,-0.00951302738823)"><path class="sym-line" fill="black" d="M280 782 c-174 -65 -280 -209 -280 -382 0 -218 182 -400 400 -400 218 0 400 182 400 400 0 173 -114 326 -284 383 -63 22 -177 21 -236 -1z"/></g></svg>
  <svg x='475' y='447'><g transform="translate(0.149834234299,7.75047623956) scale(0.00950047578505,-0.00951302738823)"><path class="sym-line" fill="black" d="M280 782 c-174 -65 -280 -209 -280 -382 0 -218 182 -400 400 -400 218 0 400 182 400 400 0 173 -114 326 -284 383 -63 22 -177 21 -236 -1z"/></g></svg>
  <svg x='508' y='514'><g transform="translate(0.10199796609,19.8385572395) scale(0.00991846091123,-0.00985895213206)"><path class="sym-line" fill="black" d="M260 1723 c-140 -151 -255 -282 -255 -290 0 -14 445 -503 455 -500 3 1 36 34 74 74 l68 72 -165 178 -166 177 57 61 c31 33 89 94 128 136 l70 75 289 -310 c159 -171 294 -312 301 -314 12 -3 134 124 134 140 0 12 -709 773 -723 775 -7 1 -127 -122 -267 -274z M1735 1471 c-269 -290 -489 -531 -488 -535 1 -4 195 -214 430 -467 l427 -460 32 33 c178 186 954 1030 954 1038 0 14 -838 914 -853 917 -7 1 -232 -235 -502 -526z"/></g></svg>
  <svg x='464' y='514'><g transform="translate(0.0706007719031,19.839042181) scale(0.00991224435666,-0.00985325814308)"><path class="sym-line" fill="black" d="M433 1545 c-233 -250 -424 -458 -425 -463 -2 -6 769 -845 956 -1040 l32 -33 299 323 c165 177 360 386 432 464 l133 142 -492 528 c-270 291 -496 530 -502 532 -6 1 -201 -203 -433 -453z M2208 1615 c-197 -211 -358 -388 -358 -393 0 -16 122 -143 134 -140 7 2 142 143 301 314 l288 310 124 -132 c68 -73 125 -136 125 -140 0 -3 -72 -85 -162 -181 l-162 -174 68 -72 c38 -40 71 -73 74 -74 10 -3 455 486 455 500 0 16 -501 560 -519 565 -6 1 -172 -171 -368 -383z"/></g></svg>
  <svg x='459' y='542'><g transform="translate(0.150749190231,11.7548701066) scale(0.00984535298844,-0.00975232896833)"><path class="sym-fill" fill="white" d="M100 475 l0 -375 377 0 378 0 -375 375 c-206 206 -376 375 -377 375 -2 0 -3 -169 -3 -375z"/><path class="sym-line" fill="black" d="M1370 1184 c-148 -27 -311 -87 -434 -161 -104 -63 -176 -122 -319 -262 l-137 -135 -240 239 -240 240 0 -553 0 -552 552 0 553 0 -240 240 -240 241 130 124 c195 186 326 273 500 333 204 69 486 69 690 0 88 -31 209 -92 284 -145 36 -26 168 -147 292 -270 125 -123 231 -223 236 -223 5 0 40 32 78 70 l70 70 -210 211 c-211 212 -319 305 -431 372 -128 77 -285 134 -440 161 -109 19 -348 19 -454 0z m-698 -896 l180 -188 -376 0 -376 0 0 382 0 383 196 -195 c107 -107 277 -279 376 -382z"/></g></svg>
  <svg x='514' y='504'><g transform="translate(0.145459417632,7.7569354617) scale(0.00951442013667,-0.00959794917003)"><path class="sym-fill" fill="white" d="M309 572 c-43 -22 -59 -38 -81 -81 -16 -31 -28 -69 -28 -91 0 -22 12 -60 28 -91 22 -43 38 -59 81 -81 68 -36 114 -36 182 0 43 22 59 38 81 81 36 68 36 114 0 182 -22 43 -38 59 -81 81 -31 16 -69 28 -91 28 -22 0 -60 -12 -91 -28z"/><path class="sym-line" fill="black" d="M275 784 c-126 -44 -218 -136 -258 -258 -22 -64 -22 -188 0 -252 56 -169 203 -274 383 -274 180 0 327 105 383 274 22 64 22 188 0 252 -41 122 -134 216 -257 257 -61 21 -195 21 -251 1z m203 -199 c104 -44 151 -167 103 -270 -71 -153 -291 -153 -362 0 -33 72 -19 166 34 224 52 56 151 76 225 46z"/></g></svg>
  <svg x='512' y='542'><g transform="translate(0.198409507087,11.7551245826) scale(0.00984535298844,-0.00974923141752)"><path class="sym-line" fill="black" d="M1070 1184 c-148 -27 -310 -87 -434 -161 -112 -67 -220 -160 -431 -372 l-210 -211 70 -70 c38 -38 73 -70 78 -70 5 0 111 100 236 223 124 123 256 244 292 270 75 53 196 114 284 145 204 69 486 69 690 0 174 -60 305 -147 500 -333 l130 -124 -240 -241 -240 -240 553 0 552 0 0 552 0 553 -240 -240 -240 -239 -137 135 c-76 75 -165 156 -198 180 -169 127 -355 207 -561 243 -109 19 -348 19 -454 0z"/></g></svg>
  <svg x='492' y='501'><g transform="translate(0.178125321737,10.7500002304) scale(0.00969593203301,-0.00963778430032)"><path class="sym-line" fill="black" d="M4 1069 c22 -111 99 -242 206 -349 151 -151 320 -220 540 -220 220 0 389 69 540 220 107 107 184 238 206 349 l7 31 -61 0 -61 0 -42 -82 c-82 -158 -237 -284 -413 -335 -161 -47 -347 -24 -501 61 -101 56 -210 170 -264 274 l-42 82 -61 0 -61 0 7 -31z M4 569 c22 -111 99 -242 206 -349 151 -151 320 -220 540 -220 220 0 389 69 540 220 107 107 184 238 206 349 l7 31 -61 0 -61 0 -42 -82 c-54 -104 -163 -218 -264 -274 -154 -85 -340 -108 -501 -61 -176 51 -331 177 -413 335 l-42 82 -61 0 -61 0 7 -31z"/></g></svg>
</svg>