<svg version='1.1' xmlns='http://www.w3.org/2000/svg' width='80' height='114' viewBox='461 483 80 114'>
  <text font-size='0'>M541x597S2b700518x528S18500500x511S20500493x520S15a40516x555S15a48475x556S22104529x556S22104461x560S18048481x582S18040489x545S33b00482x483</text>
  <svg x='518' y='528'><g transform="translate(0.200475594973,22.7498041047) scale(0.00976296692944,-0.00983706505647)"><path class="sym-line" fill="black" d="M775 2285 c-92 -34 -160 -86 -208 -158 -50 -76 -67 -137 -67 -239 l0 -88 -252 0 -253 0 278 -277 277 -278 277 278 278 277 -254 0 -254 0 7 79 c3 43 11 94 18 112 28 85 106 160 193 190 22 7 83 13 135 13 79 0 103 -3 142 -22 86 -42 158 -139 189 -253 17 -62 24 -932 9 -1059 -13 -115 -53 -236 -130 -397 -56 -118 -171 -321 -232 -410 -15 -23 -28 -44 -28 -47 0 -3 225 -6 500 -6 275 0 500 3 500 6 0 3 -13 24 -28 47 -94 137 -224 378 -287 533 -80 190 -78 175 -84 789 -6 544 -7 551 -29 607 -50 125 -166 240 -290 289 -49 20 -79 23 -212 26 -117 2 -165 -1 -195 -12z"/></g></svg>
  <svg x='500' y='511'><g transform="translate(0.0,15.0) scale(0.01,-0.01)"><path class="sym-fill" fill="white" d="M1670 750 l0 -650 310 0 310 0 0 650 0 650 -310 0 -310 0 0 -650z"/><path class="sym-line" fill="black" d="M0 1300 l0 -200 258 0 257 -1 520 -499 520 -499 3 -51 3 -50 420 0 419 0 0 750 0 750 -1200 0 -1200 0 0 -200z m2300 -550 l0 -650 -315 0 -315 0 0 650 0 650 315 0 315 0 0 -650z m-740 -2 l0 -352 -57 55 c-103 98 -627 601 -653 626 l-25 23 368 0 367 0 0 -352z"/></g></svg>
  <svg x='493' y='520'><g transform="translate(-0.221878406359,10.7500002304) scale(0.0103429235226,-0.00963778430032)"><path class="sym-line" fill="black" d="M430 895 l0 -205 -37 23 c-21 13 -95 61 -165 105 l-128 82 -36 -71 c-19 -40 -32 -75 -27 -79 4 -3 74 -48 156 -99 81 -51 147 -97 147 -101 0 -4 -66 -50 -147 -101 -82 -51 -152 -96 -156 -99 -5 -4 8 -39 27 -79 l36 -71 128 82 c70 44 144 92 165 105 l37 23 0 -205 0 -205 70 0 70 0 0 205 0 205 38 -23 c20 -13 94 -61 164 -105 l128 -82 36 71 c19 40 32 75 27 79 -4 3 -74 48 -155 99 -82 51 -148 97 -148 101 0 4 66 50 148 101 81 51 151 96 155 99 5 4 -8 39 -27 79 l-36 71 -128 -82 c-70 -44 -144 -92 -164 -105 l-38 -23 0 205 0 205 -70 0 -70 0 0 -205z"/></g></svg>
  <svg x='516' y='555'><g transform="translate(0.0,27.0) scale(0.01,-0.01)"><path class="sym-fill" fill="white" d="M398 2213 l-198 -198 0 -158 0 -157 -100 0 -100 0 0 -150 0 -150 100 0 100 0 0 -600 0 -600 200 0 200 0 0 600 0 600 300 0 300 0 0 150 0 150 -300 0 -300 0 -2 355 -3 355 -197 -197z"/><path class="sym-line" fill="black" d="M297 2402 l-297 -297 0 -203 0 -202 100 0 100 0 0 163 0 162 200 200 200 200 0 -363 0 -362 300 0 300 0 0 203 0 202 -298 298 c-163 163 -299 297 -302 297 -3 0 -139 -134 -303 -298z M0 700 l0 -700 600 0 600 0 0 700 0 700 -300 0 -300 0 0 -600 0 -600 -200 0 -200 0 0 600 0 600 -100 0 -100 0 0 -700z"/></g></svg>
  <svg x='475' y='556'><g transform="translate(0.0,27.0) scale(0.01,-0.01)"><path class="sym-fill" fill="white" d="M600 2057 l0 -357 -300 0 -300 0 0 -150 0 -150 300 0 300 0 0 -600 0 -600 200 0 200 0 0 600 0 600 100 0 100 0 0 150 0 150 -100 0 -100 0 0 158 0 157 -200 200 -200 200 0 -358z"/><path class="sym-line" fill="black" d="M297 2402 l-297 -297 0 -203 0 -202 300 0 300 0 0 362 0 363 200 -200 200 -200 0 -162 0 -163 100 0 100 0 0 203 0 202 -298 298 c-163 163 -299 297 -302 297 -3 0 -139 -134 -303 -298z M0 700 l0 -700 600 0 600 0 0 700 0 700 -100 0 -100 0 0 -600 0 -600 -200 0 -200 0 0 600 0 600 -300 0 -300 0 0 -700z"/></g></svg>
  <svg x='529' y='556'><g transform="translate(0.150398531432,6.94494141144) scale(0.00966757342839,-0.00970929130205)"><path class="sym-line" fill="black" d="M64 638 c-35 -33 -64 -64 -64 -68 0 -10 589 -550 600 -550 11 0 600 540 600 550 0 11 -127 130 -140 130 -6 0 -110 -90 -231 -200 -121 -110 -224 -200 -229 -200 -5 0 -108 90 -229 200 -121 110 -225 200 -231 200 -7 0 -41 -28 -76 -62z"/></g></svg>
  <svg x='461' y='560'><g transform="translate(0.150398531432,6.94494141144) scale(0.00966757342839,-0.00970929130205)"><path class="sym-line" fill="black" d="M64 638 c-35 -33 -64 -64 -64 -68 0 -10 589 -550 600 -550 11 0 600 540 600 550 0 11 -127 130 -140 130 -6 0 -110 -90 -231 -200 -121 -110 -224 -200 -229 -200 -5 0 -108 90 -229 200 -121 110 -225 200 -231 200 -7 0 -41 -28 -76 -62z"/></g></svg>
  <svg x='481' y='582'><g transform="translate(-0.169066603257,14.7505211307) scale(0.00997368492407,-0.00973472242044)"><path class="sym-fill" fill="white" d="M1120 750 l0 -650 155 0 155 0 0 650 0 650 -155 0 -155 0 0 -650z"/><path class="sym-line" fill="black" d="M690 750 l0 -750 425 0 425 0 0 750 0 750 -425 0 -425 0 0 -750z m740 0 l0 -650 -160 0 -160 0 0 650 0 650 160 0 160 0 0 -650z M1740 1300 l0 -200 680 0 680 0 0 200 0 200 -680 0 -680 0 0 -200z M102 1014 c-40 -37 -72 -72 -70 -78 4 -15 548 -536 559 -536 5 0 9 64 9 143 l-1 142 -202 194 c-111 107 -207 196 -212 198 -6 1 -43 -27 -83 -63z"/></g></svg>
  <svg x='489' y='545'><g transform="translate(0.148157085707,14.7505211307) scale(0.00997495821463,-0.00973472242044)"><path class="sym-fill" fill="white" d="M1670 750 l0 -650 155 0 155 0 0 650 0 650 -155 0 -155 0 0 -650z"/><path class="sym-line" fill="black" d="M0 1300 l0 -200 680 0 680 0 0 200 0 200 -680 0 -680 0 0 -200z M1560 750 l0 -750 425 0 425 0 0 750 0 750 -425 0 -425 0 0 -750z m430 0 l0 -650 -160 0 -160 0 0 650 0 650 160 0 160 0 0 -650z M2707 883 l-206 -198 -1 -142 c0 -79 4 -143 9 -143 11 0 555 521 559 536 3 10 -126 134 -147 142 -4 1 -100 -86 -214 -195z"/></g></svg>
  <svg x='482' y='483'><g transform="translate(0.149874875465,34.7500790925) scale(0.00988906872676,-0.00988956850125)"><path class="sym-line" fill="black" d="M1528 3484 c-592 -92 -1088 -447 -1348 -963 -125 -249 -180 -485 -180 -771 0 -480 183 -911 529 -1242 350 -336 780 -508 1271 -508 451 0 864 150 1193 434 326 281 517 620 591 1051 21 121 21 409 0 530 -43 252 -114 444 -237 639 -282 453 -741 750 -1284 831 -127 19 -413 18 -535 -1z m607 -173 c583 -126 1038 -523 1224 -1069 59 -173 75 -277 75 -492 0 -165 -3 -211 -22 -300 -71 -327 -228 -611 -458 -829 -186 -177 -381 -295 -614 -374 -176 -60 -282 -78 -490 -84 -247 -7 -416 19 -628 97 -549 201 -944 674 -1043 1250 -17 97 -17 383 0 480 99 576 495 1050 1043 1250 105 38 177 58 303 81 143 26 467 21 610 -10z M1020 875 l0 -75 780 0 780 0 0 75 0 75 -780 0 -780 0 0 -75z"/></g></svg>
</svg>