<svg version='1.1' xmlns='http://www.w3.org/2000/svg' width='87' height='143' viewBox='455 483 87 143'>
  <text font-size='0'>M542x626S2ff00482x483S1f418455x498S1f055463x546S1f057502x596S20500484x528S20500503x577S2d508500x535S2d509523x573</text>
  <svg x='482' y='483'><g transform="translate(0.149874875465,34.7500790925) scale(0.00988906872676,-0.00988956850125)"><path class="sym-line" fill="black" d="M1528 3484 c-592 -92 -1088 -447 -1348 -963 -125 -249 -180 -485 -180 -771 0 -480 183 -911 529 -1242 350 -336 780 -508 1271 -508 451 0 864 150 1193 434 326 281 517 620 591 1051 21 121 21 409 0 530 -43 252 -114 444 -237 639 -282 453 -741 750 -1284 831 -127 19 -413 18 -535 -1z m607 -173 c583 -126 1038 -523 1224 -1069 59 -173 75 -277 75 -492 0 -165 -3 -211 -22 -300 -71 -327 -228 -611 -458 -829 -186 -177 -381 -295 -614 -374 -176 -60 -282 -78 -490 -84 -247 -7 -416 19 -628 97 -549 201 -944 674 -1043 1250 -17 97 -17 383 0 480 99 576 495 1050 1043 1250 105 38 177 58 303 81 143 26 467 21 610 -10z"/></g></svg>
  <svg x='455' y='498'><g transform="translate(0.0,15.0) scale(0.01,-0.01)"><path class="sym-fill" fill="white" d="M700 750 l0 -550 300 0 300 0 0 550 0 550 -300 0 -300 0 0 -550z"/><path class="sym-line" fill="black" d="M0 750 l0 -750 750 0 750 0 0 268 0 267 383 383 382 382 318 0 317 0 0 100 0 100 -1450 0 -1450 0 0 -750z m1300 0 l0 -550 -300 0 -300 0 0 550 0 550 300 0 300 0 0 -550z m660 547 c0 -1 -104 -106 -230 -232 l-230 -230 0 233 0 232 230 0 c127 0 230 -1 230 -3z"/></g></svg>
  <svg x='463' y='546'><g transform="translate(-0.047650980496,22.8766807935) scale(0.00993255034837,-0.00996874837282)"><path class="sym-line" fill="black" d="M1767 1992 l-538 -287 72 -67 c40 -38 76 -68 81 -68 8 0 952 504 1010 539 l27 16 -47 77 c-26 43 -51 77 -57 77 -5 0 -252 -129 -548 -287z M2449 1579 c-228 -210 -443 -409 -478 -443 l-64 -60 69 -63 c38 -35 72 -63 76 -63 10 0 948 870 948 880 0 4 -31 35 -69 69 l-69 61 -413 -381z M458 1364 c-241 -222 -438 -408 -438 -412 0 -13 1010 -944 1020 -940 17 6 881 811 878 818 -4 10 -1011 940 -1018 940 -3 0 -202 -183 -442 -406z"/></g></svg>
  <svg x='502' y='596'><g transform="translate(-0.0476534751684,29.9702456514) scale(0.00996448215542,-0.00994322905995)"><path class="sym-line" fill="black" d="M401 2933 l-61 -67 24 -26 c12 -14 211 -229 441 -479 l419 -454 63 69 c34 38 62 74 60 80 -3 17 -861 942 -874 943 -6 1 -39 -29 -72 -66z M97 2372 c-42 -26 -77 -50 -77 -55 0 -10 560 -1059 572 -1072 6 -7 31 14 74 60 35 39 64 74 64 78 0 9 -537 1015 -549 1029 -4 4 -41 -14 -84 -40z M1000 1416 c-256 -277 -465 -508 -465 -514 0 -14 806 -883 816 -880 16 6 940 1010 937 1019 -5 13 -808 879 -816 879 -4 0 -216 -227 -472 -504z"/></g></svg>
  <svg x='484' y='528'><g transform="translate(-0.221878406359,10.7500002304) scale(0.0103429235226,-0.00963778430032)"><path class="sym-line" fill="black" d="M430 895 l0 -205 -37 23 c-21 13 -95 61 -165 105 l-128 82 -36 -71 c-19 -40 -32 -75 -27 -79 4 -3 74 -48 156 -99 81 -51 147 -97 147 -101 0 -4 -66 -50 -147 -101 -82 -51 -152 -96 -156 -99 -5 -4 8 -39 27 -79 l36 -71 128 82 c70 44 144 92 165 105 l37 23 0 -205 0 -205 70 0 70 0 0 205 0 205 38 -23 c20 -13 94 -61 164 -105 l128 -82 36 71 c19 40 32 75 27 79 -4 3 -74 48 -155 99 -82 51 -148 97 -148 101 0 4 66 50 148 101 81 51 151 96 155 99 5 4 -8 39 -27 79 l-36 71 -128 -82 c-70 -44 -144 -92 -164 -105 l-38 -23 0 205 0 205 -70 0 -70 0 0 -205z"/></g></svg>
  <svg x='503' y='577'><g transform="translate(-0.221878406359,10.7500002304) scale(0.0103429235226,-0.00963778430032)"><path class="sym-line" fill="black" d="M430 895 l0 -205 -37 23 c-21 13 -95 61 -165 105 l-128 82 -36 -71 c-19 -40 -32 -75 -27 -79 4 -3 74 -48 156 -99 81 -51 147 -97 147 -101 0 -4 -66 -50 -147 -101 -82 -51 -152 -96 -156 -99 -5 -4 8 -39 27 -79 l36 -71 128 82 c70 44 144 92 165 105 l37 23 0 -205 0 -205 70 0 70 0 0 205 0 205 38 -23 c20 -13 94 -61 164 -105 l128 -82 36 71 c19 40 32 75 27 79 -4 3 -74 48 -155 99 -82 51 -148 97 -148 101 0 4 66 50 148 101 81 51 151 96 155 99 5 4 -8 39 -27 79 l-36 71 -128 -82 c-70 -44 -144 -92 -164 -105 l-38 -23 0 205 0 205 -70 0 -70 0 0 -205z"/></g></svg>
  <svg x='500' y='535'><g transform="translate(0.179502275395,8.75267752543) scale(0.00980530700994,-0.00961054526309)"><path class="sym-line" fill="black" d="M877 890 c-118 -21 -250 -75 -358 -146 -71 -47 -425 -383 -492 -467 l-30 -39 71 -71 72 -71 217 215 c120 119 238 229 263 246 138 93 268 133 430 133 230 0 396 -78 595 -279 l80 -81 -165 -165 -165 -165 403 0 402 0 0 402 0 403 -164 -164 -165 -165 -108 110 c-153 154 -274 230 -463 286 -73 22 -338 34 -423 18z"/></g></svg>
  <svg x='523' y='573'><g transform="translate(0.14844965777,15.2015658066) scale(0.00976501711149,-0.0100276279554)"><path class="sym-line" fill="black" d="M0 1451 l0 -50 478 -3 c374 -3 485 -7 512 -17 87 -34 158 -105 190 -191 10 -25 15 -115 18 -312 l4 -278 -204 0 -203 0 278 -277 277 -278 277 278 278 277 -202 0 -202 0 -3 263 c-3 246 -5 266 -26 319 -50 125 -165 239 -290 290 -57 23 -58 23 -619 26 l-563 3 0 -50z"/></g></svg>
</svg>