<svg version='1.1' xmlns='http://www.w3.org/2000/svg' width='85' height='166' viewBox='458 417 85 166'>
  <text font-size='0'>M543x583S1fb20484x428S10e20504x417S18510509x491S18518467x491S23600504x471S23614458x469S15a40519x537S15a48471x536S22a04519x568S22a14470x567</text>
  <svg x='484' y='428'><g transform="translate(0.0,19.0) scale(0.01,-0.01)"><path class="sym-line" fill="black" d="M300 1700 l0 -200 -150 0 -150 0 0 -750 0 -750 750 0 750 0 0 750 0 750 -400 0 -400 0 0 200 0 200 -200 0 -200 0 0 -200z"/></g></svg>
  <svg x='504' y='417'><g transform="translate(0.0,30.0) scale(0.01,-0.01)"><path class="sym-line" fill="black" d="M0 1500 l0 -1500 750 0 750 0 0 750 0 750 -502 0 -503 0 458 458 c251 251 457 459 457 462 0 3 -34 36 -76 74 l-76 69 -529 -529 -529 -529 0 748 0 747 -100 0 -100 0 0 -1500z"/></g></svg>
  <svg x='509' y='491'><g transform="translate(0.0,15.0) scale(0.01,-0.01)"><path class="sym-fill" fill="white" d="M1740 750 l0 -650 160 0 160 0 0 650 0 650 -160 0 -160 0 0 -650z"/><path class="sym-line" fill="black" d="M0 1300 l0 -200 268 0 267 0 545 -502 545 -502 3 -48 3 -48 435 0 434 0 0 750 0 750 -1250 0 -1250 0 0 -200z m2070 -550 l0 -650 -165 0 -165 0 0 650 0 650 165 0 165 0 0 -650z m-440 0 c0 -192 -2 -350 -5 -350 -6 0 -755 691 -755 696 0 2 171 4 380 4 l380 0 0 -350z"/></g></svg>
  <svg x='467' y='491'><g transform="translate(0.0,15.0) scale(0.01,-0.01)"><path class="sym-fill" fill="white" d="M440 750 l0 -650 160 0 160 0 0 650 0 650 -160 0 -160 0 0 -650z"/><path class="sym-line" fill="black" d="M0 750 l0 -750 434 0 435 0 3 48 3 48 545 502 545 502 268 0 267 0 0 200 0 200 -1250 0 -1250 0 0 -750z m760 0 l0 -650 -165 0 -165 0 0 650 0 650 165 0 165 0 0 -650z m830 306 c-25 -24 -197 -184 -382 -355 l-338 -311 0 355 0 355 382 0 383 0 -45 -44z"/></g></svg>
  <svg x='504' y='471'><g transform="translate(0.0190194881388,16.7506600986) scale(0.00996209397608,-0.0097754624403)"><path class="sym-fill" fill="white" d="M1810 1050 l0 -350 145 0 145 0 0 350 0 350 -145 0 -145 0 0 -350z M550 650 l0 -350 145 0 145 0 0 350 0 350 -145 0 -145 0 0 -350z M3060 650 l0 -350 145 0 145 0 0 350 0 350 -145 0 -145 0 0 -350z"/><path class="sym-line" fill="black" d="M348 1353 l-335 -348 168 -3 169 -2 0 -350 0 -350 100 0 100 0 0 350 0 350 145 0 145 0 0 -350 0 -350 100 0 100 0 0 350 0 350 168 2 167 3 -334 345 c-184 190 -339 346 -346 348 -6 1 -162 -154 -347 -345z M2860 1352 l-335 -347 168 -3 167 -2 0 -350 0 -350 100 0 100 0 0 350 0 350 145 0 145 0 0 -350 0 -350 100 0 100 0 0 350 0 350 169 2 169 3 -333 345 c-183 190 -339 346 -347 347 -7 1 -164 -154 -348 -345z M1610 1050 l0 -350 -170 -2 -171 -3 336 -347 c185 -192 340 -348 345 -348 5 0 160 156 345 348 l336 347 -170 3 -171 2 0 350 0 350 -95 0 -95 0 0 -350 0 -350 -150 0 -150 0 0 350 0 350 -95 0 -95 0 0 -350z"/></g></svg>
  <svg x='458' y='469'><g transform="translate(0.0190194881388,16.8006677207) scale(0.00996209397608,-0.0097954295416)"><path class="sym-fill" fill="white" d="M1726 1325 l-218 -225 442 0 442 0 -218 225 c-120 124 -220 225 -224 225 -3 0 -104 -101 -224 -225z M550 1050 l0 -350 145 0 145 0 0 350 0 350 -145 0 -145 0 0 -350z M3060 1050 l0 -350 145 0 145 0 0 350 0 350 -145 0 -145 0 0 -350z M1810 650 l0 -350 145 0 145 0 0 350 0 350 -145 0 -145 0 0 -350z M291 563 c18 -21 115 -123 216 -227 l184 -189 50 49 c28 27 127 129 221 227 l170 177 -437 0 -437 0 33 -37z M2948 413 c99 -104 199 -206 221 -227 l40 -39 189 194 c104 107 202 209 217 227 l27 32 -437 0 -437 0 180 -187z"/><path class="sym-line" fill="black" d="M1605 1353 l-336 -348 171 -3 170 -2 0 -350 0 -350 95 0 95 0 0 350 0 350 150 0 150 0 0 -350 0 -350 95 0 95 0 0 350 0 350 171 2 170 3 -336 348 c-185 191 -340 347 -345 347 -5 0 -160 -156 -345 -347z m569 -25 l215 -223 -219 -3 c-121 -1 -319 -1 -440 0 l-219 3 215 223 c119 122 219 222 224 222 5 0 105 -100 224 -222z M350 1050 l0 -350 -169 -2 -168 -3 333 -345 c183 -190 339 -345 346 -345 8 0 165 155 349 345 l334 345 -167 3 -168 2 0 350 0 350 -100 0 -100 0 0 -350 0 -350 -145 0 -145 0 0 350 0 350 -100 0 -100 0 0 -350z m739 -497 c-23 -27 -122 -130 -220 -230 l-176 -182 -223 229 -222 230 442 0 443 0 -44 -47z M2860 1050 l0 -350 -167 -2 -168 -3 335 -345 c184 -190 340 -345 348 -345 8 0 164 155 347 345 l333 345 -169 3 -169 2 0 350 0 350 -100 0 -100 0 0 -350 0 -350 -145 0 -145 0 0 350 0 350 -100 0 -100 0 0 -350z m570 -679 l-222 -230 -172 177 c-95 97 -194 201 -220 230 l-49 52 443 0 442 0 -222 -229z"/></g></svg>
  <svg x='519' y='537'><g transform="translate(0.0,27.0) scale(0.01,-0.01)"><path class="sym-fill" fill="white" d="M398 2213 l-198 -198 0 -158 0 -157 -100 0 -100 0 0 -150 0 -150 100 0 100 0 0 -600 0 -600 200 0 200 0 0 600 0 600 300 0 300 0 0 150 0 150 -300 0 -300 0 -2 355 -3 355 -197 -197z"/><path class="sym-line" fill="black" d="M297 2402 l-297 -297 0 -203 0 -202 100 0 100 0 0 163 0 162 200 200 200 200 0 -363 0 -362 300 0 300 0 0 203 0 202 -298 298 c-163 163 -299 297 -302 297 -3 0 -139 -134 -303 -298z M0 700 l0 -700 600 0 600 0 0 700 0 700 -300 0 -300 0 0 -600 0 -600 -200 0 -200 0 0 600 0 600 -100 0 -100 0 0 -700z"/></g></svg>
  <svg x='471' y='536'><g transform="translate(0.0,27.0) scale(0.01,-0.01)"><path class="sym-fill" fill="white" d="M600 2057 l0 -357 -300 0 -300 0 0 -150 0 -150 300 0 300 0 0 -600 0 -600 200 0 200 0 0 600 0 600 100 0 100 0 0 150 0 150 -100 0 -100 0 0 158 0 157 -200 200 -200 200 0 -358z"/><path class="sym-line" fill="black" d="M297 2402 l-297 -297 0 -203 0 -202 300 0 300 0 0 362 0 363 200 -200 200 -200 0 -162 0 -163 100 0 100 0 0 203 0 202 -298 298 c-163 163 -299 297 -302 297 -3 0 -139 -134 -303 -298z M0 700 l0 -700 600 0 600 0 0 700 0 700 -100 0 -100 0 0 -600 0 -600 -200 0 -200 0 0 600 0 600 -300 0 -300 0 0 -700z"/></g></svg>
  <svg x='519' y='568'><g transform="translate(0.043463926586,14.7505211307) scale(0.00985915292844,-0.00973472242044)"><path class="sym-fill" fill="white" d="M510 1100 l0 -400 140 0 140 0 0 400 0 400 -140 0 -140 0 0 -400z"/><path class="sym-line" fill="black" d="M330 1100 l0 -400 -159 -2 -160 -3 315 -347 c174 -192 319 -348 324 -348 5 0 150 156 324 348 l315 347 -160 3 -159 2 0 400 0 400 -90 0 -90 0 0 -400 0 -400 -140 0 -140 0 0 400 0 400 -90 0 -90 0 0 -400z"/></g></svg>
  <svg x='470' y='567'><g transform="translate(0.043463926586,14.7505211307) scale(0.00985915292844,-0.00973472242044)"><path class="sym-fill" fill="white" d="M510 1100 l0 -400 140 0 140 0 0 400 0 400 -140 0 -140 0 0 -400z M277 557 c144 -163 368 -407 373 -407 5 0 229 244 373 407 l39 43 -412 0 -412 0 39 -43z"/><path class="sym-line" fill="black" d="M330 1100 l0 -400 -159 -2 -160 -3 315 -347 c174 -192 319 -348 324 -348 5 0 150 156 324 348 l315 347 -160 3 -159 2 0 400 0 400 -90 0 -90 0 0 -400 0 -400 -140 0 -140 0 0 400 0 400 -90 0 -90 0 0 -400z m714 -522 c-82 -96 -388 -428 -394 -428 -6 0 -312 332 -394 428 l-19 22 413 0 413 0 -19 -22z"/></g></svg>
</svg>