<svg version='1.1' xmlns='http://www.w3.org/2000/svg' width='86' height='81' viewBox='457 463 86 81'>
  <text font-size='0'>M543x544S21800460x463S11e10520x474S11e18457x475S21800517x463S31b00482x483S33f10490x505S33310496x496S2eb0c517x512S2eb14469x512S2fd04489x530</text>
  <svg x='460' y='463'><g transform="translate(0.14408817461,7.7569354617) scale(0.00978355125495,-0.00959794917003)"><path class="sym-line" fill="black" d="M275 784 c-126 -44 -218 -136 -258 -258 -22 -64 -22 -188 0 -252 56 -169 203 -274 383 -274 180 0 327 105 383 274 22 64 22 188 0 252 -41 122 -134 216 -257 257 -61 21 -195 21 -251 1z M1275 784 c-90 -32 -160 -84 -208 -157 -48 -73 -67 -137 -67 -227 0 -230 170 -400 400 -400 180 0 327 105 383 274 22 64 22 188 0 252 -41 122 -134 216 -257 257 -61 21 -195 21 -251 1z"/></g></svg>
  <svg x='520' y='474'><g transform="translate(0.149852532516,29.7519795905) scale(0.00989018587419,-0.00986784736349)"><path class="sym-fill" fill="white" d="M200 750 l0 -550 300 0 300 0 0 550 0 550 -300 0 -300 0 0 -550z"/><path class="sym-line" fill="black" d="M1300 2253 l0 -748 -529 529 -529 529 -76 -69 c-42 -38 -76 -71 -76 -74 0 -3 206 -211 457 -462 l458 -458 -503 0 -502 0 0 -750 0 -750 750 0 750 0 0 247 0 248 392 392 393 393 -70 70 c-38 38 -74 70 -80 70 -5 0 -151 -141 -322 -312 l-313 -313 0 1103 0 1102 -100 0 -100 0 0 -747z m-500 -1503 l0 -550 -300 0 -300 0 0 550 0 550 300 0 300 0 0 -550z"/></g></svg>
  <svg x='457' y='475'><g transform="translate(-0.000223836172357,29.7519795905) scale(0.00989189550009,-0.00986784736349)"><path class="sym-fill" fill="white" d="M1500 750 l0 -550 300 0 300 0 0 550 0 550 -300 0 -300 0 0 -550z"/><path class="sym-line" fill="black" d="M800 1898 l0 -1103 -313 313 c-171 171 -317 312 -322 312 -6 0 -42 -32 -80 -70 l-70 -70 393 -393 392 -392 0 -248 0 -247 750 0 750 0 0 750 0 750 -502 0 -503 0 458 458 c251 251 457 459 457 462 0 3 -34 36 -76 74 l-76 69 -529 -529 -529 -529 0 748 0 747 -100 0 -100 0 0 -1102z m1300 -1148 l0 -550 -300 0 -300 0 0 550 0 550 300 0 300 0 0 -550z"/></g></svg>
  <svg x='517' y='463'><g transform="translate(0.14408817461,7.7569354617) scale(0.00978355125495,-0.00959794917003)"><path class="sym-line" fill="black" d="M275 784 c-126 -44 -218 -136 -258 -258 -22 -64 -22 -188 0 -252 56 -169 203 -274 383 -274 180 0 327 105 383 274 22 64 22 188 0 252 -41 122 -134 216 -257 257 -61 21 -195 21 -251 1z M1275 784 c-90 -32 -160 -84 -208 -157 -48 -73 -67 -137 -67 -227 0 -230 170 -400 400 -400 180 0 327 105 383 274 22 64 22 188 0 252 -41 122 -134 216 -257 257 -61 21 -195 21 -251 1z"/></g></svg>
  <svg x='482' y='483'><g transform="translate(0.149874875465,34.7500790925) scale(0.00988906872676,-0.00988956850125)"><path class="sym-line" fill="black" d="M1528 3484 c-592 -92 -1088 -447 -1348 -963 -125 -249 -180 -485 -180 -771 0 -480 183 -911 529 -1242 350 -336 780 -508 1271 -508 451 0 864 150 1193 434 326 281 517 620 591 1051 21 121 21 409 0 530 -43 252 -114 444 -237 639 -282 453 -741 750 -1284 831 -127 19 -413 18 -535 -1z m607 -173 c583 -126 1038 -523 1224 -1069 59 -173 75 -277 75 -492 0 -165 -3 -211 -22 -300 -71 -327 -228 -611 -458 -829 -186 -177 -381 -295 -614 -374 -176 -60 -282 -78 -490 -84 -247 -7 -416 19 -628 97 -549 201 -944 674 -1043 1250 -17 97 -17 383 0 480 99 576 495 1050 1043 1250 105 38 177 58 303 81 143 26 467 21 610 -10z M722 2352 c3 -144 4 -149 36 -214 73 -149 232 -238 425 -238 114 0 206 26 289 84 133 90 178 190 178 392 l0 124 -466 0 -465 0 3 -148z m815 -53 c-12 -96 -66 -158 -182 -210 -75 -34 -221 -39 -312 -10 -129 40 -203 116 -211 216 l-4 55 357 0 358 0 -6 -51z M1952 2358 c3 -129 6 -149 30 -201 76 -163 234 -257 431 -257 149 0 256 40 352 131 92 87 124 184 125 377 l0 92 -471 0 -471 0 4 -142z m818 -53 c0 -87 -61 -163 -169 -214 -51 -23 -68 -25 -181 -26 -120 0 -128 1 -190 31 -106 51 -153 109 -166 202 l-7 52 357 0 356 0 0 -45z"/></g></svg>
  <svg x='490' y='505'><g transform="translate(0.143450806042,7.74824219252) scale(0.0098160545126,-0.00949975586565)"><path class="sym-line" fill="black" d="M275 784 c-126 -44 -218 -136 -258 -258 -22 -64 -22 -188 0 -252 50 -152 204 -274 345 -274 l38 0 0 55 c0 52 -1 55 -25 55 -67 0 -170 92 -199 177 -20 60 -20 166 0 226 29 85 132 177 199 177 24 0 25 3 25 55 l0 55 -42 -1 c-24 0 -61 -7 -83 -15z M1700 745 c0 -52 1 -55 25 -55 67 0 170 -92 199 -177 9 -26 16 -76 16 -113 0 -37 -7 -87 -16 -113 -29 -85 -132 -177 -199 -177 -24 0 -25 -3 -25 -55 l0 -55 38 0 c141 0 295 122 345 274 22 64 22 188 0 252 -50 152 -204 274 -345 274 l-38 0 0 -55z M455 379 c-28 -23 -51 -47 -53 -54 -5 -20 149 -156 236 -208 44 -27 120 -63 169 -80 84 -31 94 -32 243 -32 149 0 159 1 243 32 49 17 125 53 169 80 81 49 238 185 238 206 0 7 -17 26 -37 42 -78 63 -65 64 -152 -17 -87 -82 -202 -147 -306 -173 -76 -19 -234 -19 -310 0 -104 26 -219 91 -305 172 -43 40 -79 73 -82 73 -2 0 -26 -18 -53 -41z"/></g></svg>
  <svg x='496' y='496'><g transform="translate(0.0,12.0) scale(0.01,-0.01)"><path class="sym-line" fill="black" d="M310 1050 l0 -150 -155 0 -155 0 0 -50 0 -50 155 0 155 0 0 -100 0 -100 -155 0 -155 0 0 -50 0 -50 155 0 155 0 0 -250 0 -250 90 0 90 0 0 250 0 250 155 0 155 0 0 50 0 50 -155 0 -155 0 0 100 0 100 155 0 155 0 0 50 0 50 -155 0 -155 0 0 150 0 150 -90 0 -90 0 0 -150z"/></g></svg>
  <svg x='517' y='512'><g transform="translate(0.197879192411,31.7551292282) scale(0.00971073625276,-0.00987709116506)"><path class="sym-line" fill="black" d="M745 3181 c-182 -84 -337 -382 -404 -777 l-18 -104 258 0 258 0 6 48 c43 332 88 513 151 603 57 82 117 33 172 -141 41 -129 71 -308 104 -615 18 -165 18 -1025 0 -1190 -44 -412 -90 -626 -157 -741 -55 -94 -116 -62 -171 90 -32 89 -70 276 -91 449 l-17 147 -264 0 -263 0 6 -37 c73 -441 246 -748 490 -869 67 -33 88 -38 164 -42 78 -4 92 -2 137 21 163 83 290 338 365 737 21 110 22 147 26 819 5 753 1 821 -48 1046 -61 277 -180 495 -302 554 -38 19 -62 21 -203 21 -133 0 -165 -3 -199 -19z M273 1923 l277 -278 277 278 278 277 -555 0 -555 0 278 -277z M273 1323 l277 -278 277 278 278 277 -555 0 -555 0 278 -277z"/></g></svg>
  <svg x='469' y='512'><g transform="translate(0.137412422452,31.7551292282) scale(0.00970813979922,-0.00987709116506)"><path class="sym-fill" fill="white" d="M798 1948 l152 -153 152 153 153 152 -305 0 -305 0 153 -152z M798 1348 l152 -153 152 153 153 152 -305 0 -305 0 153 -152z"/><path class="sym-line" fill="black" d="M353 3179 c-123 -61 -242 -278 -302 -554 -49 -225 -53 -293 -48 -1046 4 -672 5 -709 26 -819 75 -399 202 -654 365 -737 45 -23 59 -25 137 -21 76 4 97 9 164 42 244 121 417 428 490 869 l6 37 -263 0 -264 0 -17 -147 c-57 -475 -167 -701 -262 -539 -67 115 -113 329 -157 741 -18 165 -18 1025 0 1190 33 307 63 486 104 615 55 174 115 223 172 141 63 -90 108 -271 151 -603 l6 -48 258 0 258 0 -18 104 c-56 331 -182 612 -327 728 -75 61 -101 68 -277 68 -143 0 -165 -2 -202 -21z M673 1923 l277 -278 277 278 278 277 -555 0 -555 0 278 -277z m429 25 l-152 -153 -152 153 -153 152 305 0 305 0 -153 -152z M673 1323 l277 -278 277 278 278 277 -555 0 -555 0 278 -277z m429 25 l-152 -153 -152 153 -153 152 305 0 305 0 -153 -152z"/></g></svg>
  <svg x='489' y='530'><g transform="translate(0.179499103211,5.7484375) scale(0.00980544418547,-0.00933333333333)"><path class="sym-line" fill="black" d="M4 569 c22 -111 99 -242 206 -349 151 -151 320 -220 539 -220 137 0 216 17 324 67 l77 36 78 -36 c107 -50 186 -67 323 -67 219 0 388 69 539 220 107 107 184 238 206 349 l6 31 -60 0 -61 0 -42 -82 c-54 -104 -163 -218 -264 -274 -151 -84 -336 -107 -495 -63 -40 11 -77 22 -82 25 -4 3 11 27 34 55 76 88 147 221 165 311 l6 28 -61 0 -61 0 -43 -82 c-46 -88 -158 -218 -188 -218 -30 0 -142 130 -188 218 l-43 82 -61 0 -60 0 5 -28 c18 -90 89 -223 165 -311 23 -28 38 -52 34 -55 -5 -3 -42 -14 -82 -25 -159 -44 -344 -21 -495 63 -101 56 -210 170 -264 274 l-42 82 -61 0 -61 0 7 -31z"/></g></svg>
</svg>