<svg version='1.1' xmlns='http://www.w3.org/2000/svg' width='86' height='95' viewBox='457 452 86 95'>
  <text font-size='0'>M543x547S17c18479x506S2fb04494x541S22104510x452S22104484x452S17c10506x458S17c09474x462S2311a457x476S23102526x475S22104507x498S22104481x499S17c01501x511S2311a459x516S23102526x521S2fb04495x484</text>
  <svg x='479' y='506'><g transform="translate(0.148419548564,21.7551173881) scale(0.00976652257182,-0.00986445749619)"><path class="sym-fill" fill="white" d="M400 760 l0 -660 150 0 150 0 0 660 0 660 -150 0 -150 0 0 -660z"/><path class="sym-line" fill="black" d="M1122 1860 l-324 -330 -399 0 -399 0 0 -765 0 -765 850 0 850 0 0 105 0 105 -450 0 -450 0 0 510 0 510 399 402 399 403 -72 78 c-39 42 -73 77 -76 77 -3 -1 -151 -149 -328 -330z m-422 -1100 l0 -660 -150 0 -150 0 0 660 0 660 150 0 150 0 0 -660z"/></g></svg>
  <svg x='494' y='541'><g transform="translate(0.178125321737,5.7484375) scale(0.00969593203301,-0.00933333333333)"><path class="sym-line" fill="black" d="M4 569 c22 -111 99 -242 206 -349 151 -151 320 -220 540 -220 220 0 389 69 540 220 107 107 184 238 206 349 l7 31 -61 0 -61 0 -42 -82 c-54 -104 -163 -218 -264 -274 -154 -85 -340 -108 -501 -61 -176 51 -331 177 -413 335 l-42 82 -61 0 -61 0 7 -31z"/></g></svg>
  <svg x='510' y='452'><g transform="translate(0.150398531432,6.94494141144) scale(0.00966757342839,-0.00970929130205)"><path class="sym-line" fill="black" d="M64 638 c-35 -33 -64 -64 -64 -68 0 -10 589 -550 600 -550 11 0 600 540 600 550 0 11 -127 130 -140 130 -6 0 -110 -90 -231 -200 -121 -110 -224 -200 -229 -200 -5 0 -108 90 -229 200 -121 110 -225 200 -231 200 -7 0 -41 -28 -76 -62z"/></g></svg>
  <svg x='484' y='452'><g transform="translate(0.150398531432,6.94494141144) scale(0.00966757342839,-0.00970929130205)"><path class="sym-line" fill="black" d="M64 638 c-35 -33 -64 -64 -64 -68 0 -10 589 -550 600 -550 11 0 600 540 600 550 0 11 -127 130 -140 130 -6 0 -110 -90 -231 -200 -121 -110 -224 -200 -229 -200 -5 0 -108 90 -229 200 -121 110 -225 200 -231 200 -7 0 -41 -28 -76 -62z"/></g></svg>
  <svg x='506' y='458'><g transform="translate(0.148419548564,21.7551173881) scale(0.00976652257182,-0.00986445749619)"><path class="sym-fill" fill="white" d="M1000 760 l0 -660 150 0 150 0 0 660 0 660 -150 0 -150 0 0 -660z"/><path class="sym-line" fill="black" d="M173 2113 l-70 -78 398 -403 399 -402 0 -510 0 -510 -450 0 -450 0 0 -105 0 -105 850 0 850 0 0 765 0 765 -399 0 -399 0 -325 330 c-178 182 -326 330 -329 330 -2 0 -36 -35 -75 -77z m1127 -1353 l0 -660 -150 0 -150 0 0 660 0 660 150 0 150 0 0 -660z"/></g></svg>
  <svg x='474' y='462'><g transform="translate(0.0310035767085,22.8768532456) scale(0.00993221998149,-0.00996543935153)"><path class="sym-fill" fill="white" d="M642 1672 l-482 -457 107 -103 c60 -57 160 -152 223 -212 l116 -108 481 456 482 457 -137 133 c-75 73 -175 168 -223 211 l-85 80 -482 -457z"/><path class="sym-line" fill="black" d="M569 1754 c-305 -290 -555 -532 -557 -538 -3 -13 1240 -1199 1261 -1204 7 -1 45 30 84 70 l73 73 -330 313 c-182 173 -330 317 -330 321 0 4 167 165 370 359 l370 352 590 0 590 0 0 105 0 105 -482 0 -483 1 -255 244 c-140 135 -276 263 -301 285 l-47 40 -553 -526z m779 169 c119 -114 218 -209 220 -213 2 -5 -883 -852 -939 -898 l-28 -23 -218 208 c-120 114 -219 210 -221 214 -3 6 954 919 964 919 3 0 103 -93 222 -207z"/></g></svg>
  <svg x='457' y='476'><g transform="translate(0.0998618375191,25.8813493064) scale(0.00979983497254,-0.00992302280856)"><path class="sym-fill" fill="white" d="M1100 1920 l0 -432 88 81 c48 44 150 141 227 216 l140 135 -67 63 c-37 34 -139 131 -227 216 l-161 153 0 -432z M300 1920 l0 -140 350 0 350 0 0 140 0 140 -350 0 -350 0 0 -140z M372 899 c-123 -116 -222 -215 -220 -220 2 -4 102 -102 223 -217 l220 -209 3 213 c1 118 1 311 0 429 l-3 215 -223 -211z M700 680 l0 -140 350 0 350 0 0 140 0 140 -350 0 -350 0 0 -140z"/><path class="sym-line" fill="black" d="M1000 2426 l0 -166 -350 0 -350 0 0 -100 0 -100 350 0 350 0 0 -145 0 -145 -350 0 -350 0 0 -95 0 -95 350 0 350 0 2 -166 3 -165 347 328 c190 180 347 333 347 339 1 6 -122 128 -271 270 -150 143 -308 292 -350 333 l-78 74 0 -167z m427 -383 l132 -128 -200 -190 c-110 -104 -213 -201 -230 -214 l-29 -24 0 433 0 432 98 -90 c53 -50 156 -149 229 -219z M350 1024 c-190 -181 -345 -335 -345 -342 0 -8 155 -161 345 -342 l345 -327 3 163 2 164 350 0 350 0 0 100 0 100 -350 0 -350 0 0 145 0 145 350 0 350 0 0 95 0 95 -350 0 -350 0 -2 166 -3 166 -345 -328z m250 -345 l0 -431 -107 100 c-60 56 -163 154 -230 219 l-122 118 224 213 c124 116 227 212 230 212 3 0 5 -194 5 -431z"/></g></svg>
  <svg x='526' y='475'><g transform="translate(0.119595348545,25.8844180552) scale(0.00981101638253,-0.00994229254095)"><path class="sym-fill" fill="white" d="M700 1920 l0 -140 350 0 350 0 0 140 0 140 -350 0 -350 0 0 -140z M300 680 l0 -140 350 0 350 0 0 140 0 140 -350 0 -350 0 0 -140z"/><path class="sym-line" fill="black" d="M350 2260 c-190 -180 -346 -334 -347 -341 -1 -8 154 -162 345 -342 l347 -328 3 165 2 166 350 0 350 0 0 95 0 95 -350 0 -350 0 0 145 0 145 350 0 350 0 0 100 0 100 -350 0 -350 0 -2 164 -3 164 -345 -328z M1000 1187 l0 -167 -350 0 -350 0 0 -95 0 -95 350 0 350 0 0 -145 0 -145 -350 0 -350 0 0 -100 0 -100 350 0 350 0 2 -164 3 -163 345 327 c190 181 345 334 345 342 0 10 -468 464 -667 646 l-28 26 0 -167z"/></g></svg>
  <svg x='507' y='498'><g transform="translate(0.150398531432,6.94494141144) scale(0.00966757342839,-0.00970929130205)"><path class="sym-line" fill="black" d="M64 638 c-35 -33 -64 -64 -64 -68 0 -10 589 -550 600 -550 11 0 600 540 600 550 0 11 -127 130 -140 130 -6 0 -110 -90 -231 -200 -121 -110 -224 -200 -229 -200 -5 0 -108 90 -229 200 -121 110 -225 200 -231 200 -7 0 -41 -28 -76 -62z"/></g></svg>
  <svg x='481' y='499'><g transform="translate(0.150398531432,6.94494141144) scale(0.00966757342839,-0.00970929130205)"><path class="sym-line" fill="black" d="M64 638 c-35 -33 -64 -64 -64 -68 0 -10 589 -550 600 -550 11 0 600 540 600 550 0 11 -127 130 -140 130 -6 0 -110 -90 -231 -200 -121 -110 -224 -200 -229 -200 -5 0 -108 90 -229 200 -121 110 -225 200 -231 200 -7 0 -41 -28 -76 -62z"/></g></svg>
  <svg x='501' y='511'><g transform="translate(0.0506672095572,22.8818788407) scale(0.00993221998149,-0.0100163555349)"><path class="sym-fill" fill="white" d="M1353 1919 l-222 -210 87 -83 c48 -46 265 -253 482 -459 l395 -375 105 99 c58 54 158 149 223 211 l117 113 -411 390 c-226 215 -443 420 -483 457 l-72 66 -221 -209z"/><path class="sym-line" fill="black" d="M1274 1996 l-299 -285 -482 -1 -483 0 0 -105 0 -105 590 0 590 0 370 -352 c203 -194 370 -355 370 -359 0 -4 -148 -148 -330 -321 l-330 -313 73 -73 c39 -40 78 -71 84 -70 21 5 1264 1191 1261 1204 -2 9 -1010 973 -1095 1047 -20 17 -25 13 -319 -267z m787 -323 c264 -251 478 -459 477 -462 -2 -3 -101 -100 -221 -214 l-217 -208 -34 28 c-69 58 -936 888 -934 893 5 12 433 419 441 419 4 1 224 -205 488 -456z"/></g></svg>
  <svg x='459' y='516'><g transform="translate(0.0998618375191,25.8813493064) scale(0.00979983497254,-0.00992302280856)"><path class="sym-fill" fill="white" d="M1100 1920 l0 -432 88 81 c48 44 150 141 227 216 l140 135 -67 63 c-37 34 -139 131 -227 216 l-161 153 0 -432z M300 1920 l0 -140 350 0 350 0 0 140 0 140 -350 0 -350 0 0 -140z M372 899 c-123 -116 -222 -215 -220 -220 2 -4 102 -102 223 -217 l220 -209 3 213 c1 118 1 311 0 429 l-3 215 -223 -211z M700 680 l0 -140 350 0 350 0 0 140 0 140 -350 0 -350 0 0 -140z"/><path class="sym-line" fill="black" d="M1000 2426 l0 -166 -350 0 -350 0 0 -100 0 -100 350 0 350 0 0 -145 0 -145 -350 0 -350 0 0 -95 0 -95 350 0 350 0 2 -166 3 -165 347 328 c190 180 347 333 347 339 1 6 -122 128 -271 270 -150 143 -308 292 -350 333 l-78 74 0 -167z m427 -383 l132 -128 -200 -190 c-110 -104 -213 -201 -230 -214 l-29 -24 0 433 0 432 98 -90 c53 -50 156 -149 229 -219z M350 1024 c-190 -181 -345 -335 -345 -342 0 -8 155 -161 345 -342 l345 -327 3 163 2 164 350 0 350 0 0 100 0 100 -350 0 -350 0 0 145 0 145 350 0 350 0 0 95 0 95 -350 0 -350 0 -2 166 -3 166 -345 -328z m250 -345 l0 -431 -107 100 c-60 56 -163 154 -230 219 l-122 118 224 213 c124 116 227 212 230 212 3 0 5 -194 5 -431z"/></g></svg>
  <svg x='526' y='521'><g transform="translate(0.119595348545,25.8844180552) scale(0.00981101638253,-0.00994229254095)"><path class="sym-fill" fill="white" d="M700 1920 l0 -140 350 0 350 0 0 140 0 140 -350 0 -350 0 0 -140z M300 680 l0 -140 350 0 350 0 0 140 0 140 -350 0 -350 0 0 -140z"/><path class="sym-line" fill="black" d="M350 2260 c-190 -180 -346 -334 -347 -341 -1 -8 154 -162 345 -342 l347 -328 3 165 2 166 350 0 350 0 0 95 0 95 -350 0 -350 0 0 145 0 145 350 0 350 0 0 100 0 100 -350 0 -350 0 -2 164 -3 164 -345 -328z M1000 1187 l0 -167 -350 0 -350 0 0 -95 0 -95 350 0 350 0 0 -145 0 -145 -350 0 -350 0 0 -100 0 -100 350 0 350 0 2 -164 3 -163 345 327 c190 181 345 334 345 342 0 10 -468 464 -667 646 l-28 26 0 -167z"/></g></svg>
  <svg x='495' y='484'><g transform="translate(0.178125321737,5.7484375) scale(0.00969593203301,-0.00933333333333)"><path class="sym-line" fill="black" d="M4 569 c22 -111 99 -242 206 -349 151 -151 320 -220 540 -220 220 0 389 69 540 220 107 107 184 238 206 349 l7 31 -61 0 -61 0 -42 -82 c-54 -104 -163 -218 -264 -274 -154 -85 -340 -108 -501 -61 -176 51 -331 177 -413 335 l-42 82 -61 0 -61 0 7 -31z"/></g></svg>
</svg>