<svg version='1.1' xmlns='http://www.w3.org/2000/svg' width='86' height='69' viewBox='457 466 86 69'>
  <text font-size='0'>M543x535S1ce40472x485S20310471x518S22a00473x466S20310515x520S20500457x507S22a04517x500S14c58511x466S20500533x509</text>
  <svg x='472' y='485'><g transform="translate(0.157817922798,29.7975477761) scale(0.00988695709843,-0.00988303675869)"><path class="sym-fill" fill="white" d="M660 1384 c-170 -36 -323 -157 -398 -314 -48 -101 -62 -163 -62 -270 0 -107 14 -169 61 -267 86 -180 253 -300 457 -328 l52 -7 0 601 0 601 -22 -1 c-13 0 -52 -7 -88 -15z"/><path class="sym-line" fill="black" d="M772 2398 l3 -603 77 -6 c42 -4 88 -9 102 -13 l26 -6 0 615 0 615 -105 0 -105 0 2 -602z M1404 2214 c-131 -268 -239 -490 -239 -495 0 -5 38 -31 85 -58 l85 -49 248 500 c136 276 246 502 245 503 -9 8 -169 85 -176 85 -5 0 -116 -219 -248 -486z M1773 1735 c-142 -146 -258 -271 -258 -278 0 -15 97 -165 108 -166 6 -1 218 213 477 482 l84 87 -69 70 c-38 39 -73 70 -76 70 -4 0 -124 -119 -266 -265z M645 1594 c-282 -66 -485 -231 -585 -475 -81 -195 -81 -443 0 -638 68 -165 201 -311 357 -393 139 -73 183 -83 363 -83 142 1 162 3 235 28 253 85 456 308 522 572 23 95 23 295 0 390 -66 265 -271 489 -522 572 -67 22 -101 27 -215 29 -74 1 -144 1 -155 -2z m135 -795 l0 -602 -64 6 c-224 21 -427 193 -499 422 -42 135 -26 318 38 445 95 187 297 325 483 329 l42 1 0 -601z"/></g></svg>
  <svg x='471' y='518'><g transform="translate(0.0,15.0) scale(0.01,-0.01)"><path class="sym-fill" fill="white" d="M200 750 l0 -550 300 0 300 0 0 550 0 550 -300 0 -300 0 0 -550z"/><path class="sym-line" fill="black" d="M0 750 l0 -750 750 0 750 0 0 750 0 750 -750 0 -750 0 0 -750z m800 0 l0 -550 -300 0 -300 0 0 550 0 550 300 0 300 0 0 -550z"/></g></svg>
  <svg x='473' y='466'><g transform="translate(0.043463926586,14.7505211307) scale(0.00985915292844,-0.00973472242044)"><path class="sym-fill" fill="white" d="M510 400 l0 -400 140 0 140 0 0 400 0 400 -140 0 -140 0 0 -400z"/><path class="sym-line" fill="black" d="M326 1153 l-315 -348 160 -3 159 -2 0 -400 0 -400 90 0 90 0 0 400 0 400 140 0 140 0 0 -400 0 -400 90 0 90 0 0 400 0 400 159 2 160 3 -315 348 c-174 191 -319 347 -324 347 -5 0 -150 -156 -324 -347z"/></g></svg>
  <svg x='515' y='520'><g transform="translate(0.0,15.0) scale(0.01,-0.01)"><path class="sym-fill" fill="white" d="M200 750 l0 -550 300 0 300 0 0 550 0 550 -300 0 -300 0 0 -550z"/><path class="sym-line" fill="black" d="M0 750 l0 -750 750 0 750 0 0 750 0 750 -750 0 -750 0 0 -750z m800 0 l0 -550 -300 0 -300 0 0 550 0 550 300 0 300 0 0 -550z"/></g></svg>
  <svg x='457' y='507'><g transform="translate(-0.221878406359,10.7500002304) scale(0.0103429235226,-0.00963778430032)"><path class="sym-line" fill="black" d="M430 895 l0 -205 -37 23 c-21 13 -95 61 -165 105 l-128 82 -36 -71 c-19 -40 -32 -75 -27 -79 4 -3 74 -48 156 -99 81 -51 147 -97 147 -101 0 -4 -66 -50 -147 -101 -82 -51 -152 -96 -156 -99 -5 -4 8 -39 27 -79 l36 -71 128 82 c70 44 144 92 165 105 l37 23 0 -205 0 -205 70 0 70 0 0 205 0 205 38 -23 c20 -13 94 -61 164 -105 l128 -82 36 71 c19 40 32 75 27 79 -4 3 -74 48 -155 99 -82 51 -148 97 -148 101 0 4 66 50 148 101 81 51 151 96 155 99 5 4 -8 39 -27 79 l-36 71 -128 -82 c-70 -44 -144 -92 -164 -105 l-38 -23 0 205 0 205 -70 0 -70 0 0 -205z"/></g></svg>
  <svg x='517' y='500'><g transform="translate(0.043463926586,14.7505211307) scale(0.00985915292844,-0.00973472242044)"><path class="sym-fill" fill="white" d="M510 1100 l0 -400 140 0 140 0 0 400 0 400 -140 0 -140 0 0 -400z"/><path class="sym-line" fill="black" d="M330 1100 l0 -400 -159 -2 -160 -3 315 -347 c174 -192 319 -348 324 -348 5 0 150 156 324 348 l315 347 -160 3 -159 2 0 400 0 400 -90 0 -90 0 0 -400 0 -400 -140 0 -140 0 0 400 0 400 -90 0 -90 0 0 -400z"/></g></svg>
  <svg x='511' y='466'><g transform="translate(-0.0476480274918,30.7516384396) scale(0.00989475189514,-0.00987200030311)"><path class="sym-line" fill="black" d="M1160 2670 c0 -236 3 -430 7 -430 4 0 29 21 55 47 l48 47 48 -47 c26 -26 51 -47 55 -47 4 0 7 194 7 430 l0 430 -110 0 -110 0 0 -430z M453 2653 c-46 -26 -83 -50 -83 -55 0 -9 407 -698 421 -713 9 -9 159 130 159 147 0 16 -395 668 -405 668 -5 0 -47 -21 -92 -47z M1779 2358 c-112 -188 -205 -346 -207 -352 -1 -6 33 -44 77 -84 l80 -72 132 222 c72 123 172 290 220 372 49 82 89 152 89 155 0 8 -164 101 -178 101 -5 0 -101 -154 -213 -342z M1003 1952 l-253 -248 0 -852 0 -852 520 0 520 0 0 853 -1 852 -255 248 c-141 136 -261 247 -267 246 -7 0 -126 -111 -264 -247z M92 1977 l-72 -73 311 -302 c172 -166 316 -302 321 -302 4 0 8 63 8 141 l0 141 -236 231 c-130 128 -242 233 -248 235 -6 1 -44 -30 -84 -71z M2067 1167 l-187 -182 0 -142 c0 -79 4 -143 8 -143 4 0 122 112 262 249 l255 249 -75 75 -75 75 -188 -181z"/></g></svg>
  <svg x='533' y='509'><g transform="translate(-0.221878406359,10.7500002304) scale(0.0103429235226,-0.00963778430032)"><path class="sym-line" fill="black" d="M430 895 l0 -205 -37 23 c-21 13 -95 61 -165 105 l-128 82 -36 -71 c-19 -40 -32 -75 -27 -79 4 -3 74 -48 156 -99 81 -51 147 -97 147 -101 0 -4 -66 -50 -147 -101 -82 -51 -152 -96 -156 -99 -5 -4 8 -39 27 -79 l36 -71 128 82 c70 44 144 92 165 105 l37 23 0 -205 0 -205 70 0 70 0 0 205 0 205 38 -23 c20 -13 94 -61 164 -105 l128 -82 36 71 c19 40 32 75 27 79 -4 3 -74 48 -155 99 -82 51 -148 97 -148 101 0 4 66 50 148 101 81 51 151 96 155 99 5 4 -8 39 -27 79 l-36 71 -128 -82 c-70 -44 -144 -92 -164 -105 l-38 -23 0 205 0 205 -70 0 -70 0 0 -205z"/></g></svg>
</svg>