<svg version='1.1' xmlns='http://www.w3.org/2000/svg' width='87' height='113' viewBox='456 444 87 113'>
  <text font-size='0'>M543x557S22104460x512S18040485x502S18048479x542S15a40514x511S15a48472x512S22104527x511S36d00479x444S1f701509x467S1f709469x467S22a00530x474S22a10456x474S20500495x475S20500495x456S2fb04492x489</text>
  <svg x='460' y='512'><g transform="translate(0.150398531432,6.94494141144) scale(0.00966757342839,-0.00970929130205)"><path class="sym-line" fill="black" d="M64 638 c-35 -33 -64 -64 -64 -68 0 -10 589 -550 600 -550 11 0 600 540 600 550 0 11 -127 130 -140 130 -6 0 -110 -90 -231 -200 -121 -110 -224 -200 -229 -200 -5 0 -108 90 -229 200 -121 110 -225 200 -231 200 -7 0 -41 -28 -76 -62z"/></g></svg>
  <svg x='485' y='502'><g transform="translate(0.148157085707,14.7505211307) scale(0.00997495821463,-0.00973472242044)"><path class="sym-fill" fill="white" d="M1670 750 l0 -650 155 0 155 0 0 650 0 650 -155 0 -155 0 0 -650z"/><path class="sym-line" fill="black" d="M0 1300 l0 -200 680 0 680 0 0 200 0 200 -680 0 -680 0 0 -200z M1560 750 l0 -750 425 0 425 0 0 750 0 750 -425 0 -425 0 0 -750z m430 0 l0 -650 -160 0 -160 0 0 650 0 650 160 0 160 0 0 -650z M2707 883 l-206 -198 -1 -142 c0 -79 4 -143 9 -143 11 0 555 521 559 536 3 10 -126 134 -147 142 -4 1 -100 -86 -214 -195z"/></g></svg>
  <svg x='479' y='542'><g transform="translate(-0.169066603257,14.7505211307) scale(0.00997368492407,-0.00973472242044)"><path class="sym-fill" fill="white" d="M1120 750 l0 -650 155 0 155 0 0 650 0 650 -155 0 -155 0 0 -650z"/><path class="sym-line" fill="black" d="M690 750 l0 -750 425 0 425 0 0 750 0 750 -425 0 -425 0 0 -750z m740 0 l0 -650 -160 0 -160 0 0 650 0 650 160 0 160 0 0 -650z M1740 1300 l0 -200 680 0 680 0 0 200 0 200 -680 0 -680 0 0 -200z M102 1014 c-40 -37 -72 -72 -70 -78 4 -15 548 -536 559 -536 5 0 9 64 9 143 l-1 142 -202 194 c-111 107 -207 196 -212 198 -6 1 -43 -27 -83 -63z"/></g></svg>
  <svg x='514' y='511'><g transform="translate(0.0,27.0) scale(0.01,-0.01)"><path class="sym-fill" fill="white" d="M398 2213 l-198 -198 0 -158 0 -157 -100 0 -100 0 0 -150 0 -150 100 0 100 0 0 -600 0 -600 200 0 200 0 0 600 0 600 300 0 300 0 0 150 0 150 -300 0 -300 0 -2 355 -3 355 -197 -197z"/><path class="sym-line" fill="black" d="M297 2402 l-297 -297 0 -203 0 -202 100 0 100 0 0 163 0 162 200 200 200 200 0 -363 0 -362 300 0 300 0 0 203 0 202 -298 298 c-163 163 -299 297 -302 297 -3 0 -139 -134 -303 -298z M0 700 l0 -700 600 0 600 0 0 700 0 700 -300 0 -300 0 0 -600 0 -600 -200 0 -200 0 0 600 0 600 -100 0 -100 0 0 -700z"/></g></svg>
  <svg x='472' y='512'><g transform="translate(0.0,27.0) scale(0.01,-0.01)"><path class="sym-fill" fill="white" d="M600 2057 l0 -357 -300 0 -300 0 0 -150 0 -150 300 0 300 0 0 -600 0 -600 200 0 200 0 0 600 0 600 100 0 100 0 0 150 0 150 -100 0 -100 0 0 158 0 157 -200 200 -200 200 0 -358z"/><path class="sym-line" fill="black" d="M297 2402 l-297 -297 0 -203 0 -202 300 0 300 0 0 362 0 363 200 -200 200 -200 0 -162 0 -163 100 0 100 0 0 203 0 202 -298 298 c-163 163 -299 297 -302 297 -3 0 -139 -134 -303 -298z M0 700 l0 -700 600 0 600 0 0 700 0 700 -100 0 -100 0 0 -600 0 -600 -200 0 -200 0 0 600 0 600 -300 0 -300 0 0 -700z"/></g></svg>
  <svg x='527' y='511'><g transform="translate(0.150398531432,6.94494141144) scale(0.00966757342839,-0.00970929130205)"><path class="sym-line" fill="black" d="M64 638 c-35 -33 -64 -64 -64 -68 0 -10 589 -550 600 -550 11 0 600 540 600 550 0 11 -127 130 -140 130 -6 0 -110 -90 -231 -200 -121 -110 -224 -200 -229 -200 -5 0 -108 90 -229 200 -121 110 -225 200 -231 200 -7 0 -41 -28 -76 -62z"/></g></svg>
  <svg x='479' y='444'><g transform="translate(0.0,4.0) scale(0.01,-0.01)"><path class="sym-line" fill="black" d="M0 200 l0 -200 2100 0 2100 0 0 200 0 200 -2100 0 -2100 0 0 -200z"/></g></svg>
  <svg x='509' y='467'><g transform="translate(0.150244357703,21.7290525301) scale(0.00987059461484,-0.00980937046824)"><path class="sym-fill" fill="white" d="M666 1505 c-247 -259 -376 -401 -372 -411 3 -8 173 -190 378 -404 352 -368 373 -389 389 -372 305 317 739 777 739 783 0 5 -494 528 -734 777 l-22 22 -378 -395z"/><path class="sym-line" fill="black" d="M521 1655 c-287 -300 -521 -549 -521 -555 0 -5 235 -255 522 -556 l521 -546 53 54 c148 150 987 1035 991 1045 4 10 -242 992 -251 1001 -4 4 -186 -45 -193 -52 -2 -2 31 -144 75 -315 44 -171 78 -311 77 -311 -2 0 -171 176 -376 390 -205 215 -373 390 -375 390 -1 0 -237 -245 -523 -545z m906 -152 c208 -218 378 -399 378 -403 0 -3 -171 -185 -379 -404 l-379 -397 -35 33 c-82 79 -727 760 -727 768 0 10 746 798 757 799 3 1 176 -177 385 -396z"/></g></svg>
  <svg x='469' y='467'><g transform="translate(0.0514181549571,21.7290525301) scale(0.00985593346467,-0.00980937046824)"><path class="sym-fill" fill="white" d="M678 1504 c-208 -217 -378 -399 -378 -403 0 -9 743 -791 754 -794 9 -3 756 782 756 794 0 8 -480 517 -704 746 l-51 53 -377 -396z"/><path class="sym-line" fill="black" d="M680 1810 c-204 -214 -373 -390 -375 -390 -2 0 32 140 76 311 44 171 78 313 76 316 -8 7 -189 54 -193 50 -6 -5 -254 -977 -254 -993 0 -9 781 -836 989 -1047 l58 -59 521 547 c287 301 522 551 522 555 0 8 -1037 1100 -1044 1100 -2 0 -171 -175 -376 -390z m788 -338 c191 -200 347 -367 347 -372 0 -7 -696 -741 -742 -783 -20 -17 -28 -10 -399 379 -209 218 -379 400 -379 404 0 4 170 186 379 404 l379 397 34 -33 c19 -18 191 -196 381 -396z"/></g></svg>
  <svg x='530' y='474'><g transform="translate(0.043463926586,14.7505211307) scale(0.00985915292844,-0.00973472242044)"><path class="sym-fill" fill="white" d="M510 400 l0 -400 140 0 140 0 0 400 0 400 -140 0 -140 0 0 -400z"/><path class="sym-line" fill="black" d="M326 1153 l-315 -348 160 -3 159 -2 0 -400 0 -400 90 0 90 0 0 400 0 400 140 0 140 0 0 -400 0 -400 90 0 90 0 0 400 0 400 159 2 160 3 -315 348 c-174 191 -319 347 -324 347 -5 0 -150 -156 -324 -347z"/></g></svg>
  <svg x='456' y='474'><g transform="translate(0.043463926586,14.7505211307) scale(0.00985915292844,-0.00973472242044)"><path class="sym-fill" fill="white" d="M443 1128 l-201 -223 204 -3 c112 -1 296 -1 408 0 l204 3 -198 220 c-110 121 -203 221 -208 223 -4 1 -99 -98 -209 -220z M510 400 l0 -400 140 0 140 0 0 400 0 400 -140 0 -140 0 0 -400z"/><path class="sym-line" fill="black" d="M326 1153 l-315 -348 160 -3 159 -2 0 -400 0 -400 90 0 90 0 0 400 0 400 140 0 140 0 0 -400 0 -400 90 0 90 0 0 400 0 400 159 2 160 3 -315 348 c-174 191 -319 347 -324 347 -5 0 -150 -156 -324 -347z m534 -25 l202 -223 -206 -3 c-113 -1 -299 -1 -412 0 l-206 3 202 223 c111 122 205 222 210 222 5 0 99 -100 210 -222z"/></g></svg>
  <svg x='495' y='475'><g transform="translate(-0.221878406359,10.7500002304) scale(0.0103429235226,-0.00963778430032)"><path class="sym-line" fill="black" d="M430 895 l0 -205 -37 23 c-21 13 -95 61 -165 105 l-128 82 -36 -71 c-19 -40 -32 -75 -27 -79 4 -3 74 -48 156 -99 81 -51 147 -97 147 -101 0 -4 -66 -50 -147 -101 -82 -51 -152 -96 -156 -99 -5 -4 8 -39 27 -79 l36 -71 128 82 c70 44 144 92 165 105 l37 23 0 -205 0 -205 70 0 70 0 0 205 0 205 38 -23 c20 -13 94 -61 164 -105 l128 -82 36 71 c19 40 32 75 27 79 -4 3 -74 48 -155 99 -82 51 -148 97 -148 101 0 4 66 50 148 101 81 51 151 96 155 99 5 4 -8 39 -27 79 l-36 71 -128 -82 c-70 -44 -144 -92 -164 -105 l-38 -23 0 205 0 205 -70 0 -70 0 0 -205z"/></g></svg>
  <svg x='495' y='456'><g transform="translate(-0.221878406359,10.7500002304) scale(0.0103429235226,-0.00963778430032)"><path class="sym-line" fill="black" d="M430 895 l0 -205 -37 23 c-21 13 -95 61 -165 105 l-128 82 -36 -71 c-19 -40 -32 -75 -27 -79 4 -3 74 -48 156 -99 81 -51 147 -97 147 -101 0 -4 -66 -50 -147 -101 -82 -51 -152 -96 -156 -99 -5 -4 8 -39 27 -79 l36 -71 128 82 c70 44 144 92 165 105 l37 23 0 -205 0 -205 70 0 70 0 0 205 0 205 38 -23 c20 -13 94 -61 164 -105 l128 -82 36 71 c19 40 32 75 27 79 -4 3 -74 48 -155 99 -82 51 -148 97 -148 101 0 4 66 50 148 101 81 51 151 96 155 99 5 4 -8 39 -27 79 l-36 71 -128 -82 c-70 -44 -144 -92 -164 -105 l-38 -23 0 205 0 205 -70 0 -70 0 0 -205z"/></g></svg>
  <svg x='492' y='489'><g transform="translate(0.178125321737,5.7484375) scale(0.00969593203301,-0.00933333333333)"><path class="sym-line" fill="black" d="M4 569 c22 -111 99 -242 206 -349 151 -151 320 -220 540 -220 220 0 389 69 540 220 107 107 184 238 206 349 l7 31 -61 0 -61 0 -42 -82 c-54 -104 -163 -218 -264 -274 -154 -85 -340 -108 -501 -61 -176 51 -331 177 -413 335 l-42 82 -61 0 -61 0 7 -31z"/></g></svg>
</svg>