<svg version='1.1' xmlns='http://www.w3.org/2000/svg' width='89' height='89' viewBox='454 456 89 89'>
  <text font-size='0'>M543x545S26526492x499S22a04530x530S15a1c475x494S15a14513x495S22a14510x530S22a04474x529S22a14454x529S15a1c530x495S15a14456x494S36d10479x456</text>
  <svg x='492' y='499'><g transform="translate(0.149734255248,13.6974450331) scale(0.0097007872376,-0.00964308576999)"><path class="sym-line" fill="black" d="M800 1260 l0 -144 208 -202 207 -202 -207 -209 -208 -208 0 -150 0 -150 352 353 353 352 -353 352 -352 353 0 -145z M0 700 l0 -100 400 0 400 0 0 100 0 100 -400 0 -400 0 0 -100z"/></g></svg>
  <svg x='530' y='530'><g transform="translate(0.043463926586,14.7505211307) scale(0.00985915292844,-0.00973472242044)"><path class="sym-fill" fill="white" d="M510 1100 l0 -400 140 0 140 0 0 400 0 400 -140 0 -140 0 0 -400z"/><path class="sym-line" fill="black" d="M330 1100 l0 -400 -159 -2 -160 -3 315 -347 c174 -192 319 -348 324 -348 5 0 150 156 324 348 l315 347 -160 3 -159 2 0 400 0 400 -90 0 -90 0 0 -400 0 -400 -140 0 -140 0 0 400 0 400 -90 0 -90 0 0 -400z"/></g></svg>
  <svg x='475' y='494'><g transform="translate(0.150398531432,26.6999810561) scale(0.00966757342839,-0.00983390502079)"><path class="sym-fill" fill="white" d="M200 1592 l0 -907 200 -200 200 -200 0 1108 0 1107 -200 0 -200 0 0 -908z"/><path class="sym-line" fill="black" d="M0 1647 l0 -1052 300 -300 300 -300 300 300 300 300 0 1052 0 1053 -600 0 -600 0 0 -1053z m600 -259 l0 -1113 -200 200 -200 200 0 912 0 913 200 0 200 0 0 -1112z"/></g></svg>
  <svg x='513' y='495'><g transform="translate(0.150398531432,26.6999810561) scale(0.00966757342839,-0.00983390502079)"><path class="sym-fill" fill="white" d="M600 1393 l0 -1108 200 200 200 200 0 907 0 908 -200 0 -200 0 0 -1107z"/><path class="sym-line" fill="black" d="M0 1647 l0 -1052 300 -300 300 -300 300 300 300 300 0 1052 0 1053 -600 0 -600 0 0 -1053z m1000 -60 l0 -912 -200 -200 -200 -200 0 1113 0 1112 200 0 200 0 0 -913z"/></g></svg>
  <svg x='510' y='530'><g transform="translate(0.043463926586,14.7505211307) scale(0.00985915292844,-0.00973472242044)"><path class="sym-fill" fill="white" d="M510 1100 l0 -400 140 0 140 0 0 400 0 400 -140 0 -140 0 0 -400z M277 557 c144 -163 368 -407 373 -407 5 0 229 244 373 407 l39 43 -412 0 -412 0 39 -43z"/><path class="sym-line" fill="black" d="M330 1100 l0 -400 -159 -2 -160 -3 315 -347 c174 -192 319 -348 324 -348 5 0 150 156 324 348 l315 347 -160 3 -159 2 0 400 0 400 -90 0 -90 0 0 -400 0 -400 -140 0 -140 0 0 400 0 400 -90 0 -90 0 0 -400z m714 -522 c-82 -96 -388 -428 -394 -428 -6 0 -312 332 -394 428 l-19 22 413 0 413 0 -19 -22z"/></g></svg>
  <svg x='474' y='529'><g transform="translate(0.043463926586,14.7505211307) scale(0.00985915292844,-0.00973472242044)"><path class="sym-fill" fill="white" d="M510 1100 l0 -400 140 0 140 0 0 400 0 400 -140 0 -140 0 0 -400z"/><path class="sym-line" fill="black" d="M330 1100 l0 -400 -159 -2 -160 -3 315 -347 c174 -192 319 -348 324 -348 5 0 150 156 324 348 l315 347 -160 3 -159 2 0 400 0 400 -90 0 -90 0 0 -400 0 -400 -140 0 -140 0 0 400 0 400 -90 0 -90 0 0 -400z"/></g></svg>
  <svg x='454' y='529'><g transform="translate(0.043463926586,14.7505211307) scale(0.00985915292844,-0.00973472242044)"><path class="sym-fill" fill="white" d="M510 1100 l0 -400 140 0 140 0 0 400 0 400 -140 0 -140 0 0 -400z M277 557 c144 -163 368 -407 373 -407 5 0 229 244 373 407 l39 43 -412 0 -412 0 39 -43z"/><path class="sym-line" fill="black" d="M330 1100 l0 -400 -159 -2 -160 -3 315 -347 c174 -192 319 -348 324 -348 5 0 150 156 324 348 l315 347 -160 3 -159 2 0 400 0 400 -90 0 -90 0 0 -400 0 -400 -140 0 -140 0 0 400 0 400 -90 0 -90 0 0 -400z m714 -522 c-82 -96 -388 -428 -394 -428 -6 0 -312 332 -394 428 l-19 22 413 0 413 0 -19 -22z"/></g></svg>
  <svg x='530' y='495'><g transform="translate(0.150398531432,26.6999810561) scale(0.00966757342839,-0.00983390502079)"><path class="sym-fill" fill="white" d="M200 1592 l0 -907 200 -200 200 -200 0 1108 0 1107 -200 0 -200 0 0 -908z"/><path class="sym-line" fill="black" d="M0 1647 l0 -1052 300 -300 300 -300 300 300 300 300 0 1052 0 1053 -600 0 -600 0 0 -1053z m600 -259 l0 -1113 -200 200 -200 200 0 912 0 913 200 0 200 0 0 -1112z"/></g></svg>
  <svg x='456' y='494'><g transform="translate(0.150398531432,26.6999810561) scale(0.00966757342839,-0.00983390502079)"><path class="sym-fill" fill="white" d="M600 1393 l0 -1108 200 200 200 200 0 907 0 908 -200 0 -200 0 0 -1107z"/><path class="sym-line" fill="black" d="M0 1647 l0 -1052 300 -300 300 -300 300 300 300 300 0 1052 0 1053 -600 0 -600 0 0 -1053z m1000 -60 l0 -912 -200 -200 -200 -200 0 1113 0 1112 200 0 200 0 0 -913z"/></g></svg>
  <svg x='479' y='456'><g transform="translate(0.0,32.0) scale(0.01,-0.01)"><path class="sym-line" fill="black" d="M0 3000 l0 -200 2100 0 2100 0 0 200 0 200 -2100 0 -2100 0 0 -200z M0 200 l0 -200 2100 0 2100 0 0 200 0 200 -2100 0 -2100 0 0 -200z"/></g></svg>
</svg>