<svg version='1.1' xmlns='http://www.w3.org/2000/svg' width='86' height='90' viewBox='457 455 86 90'>
  <text font-size='0'>M543x545S14c50519x482S14c58457x480S26601510x457S26617468x455S22100464x516S22100525x517S1f728463x528S1f720519x530</text>
  <svg x='519' y='482'><g transform="translate(0.201198550476,30.7516384396) scale(0.00988990203709,-0.00987200030311)"><path class="sym-line" fill="black" d="M1020 2670 c0 -236 3 -430 7 -430 4 0 29 21 55 47 l48 47 48 -47 c26 -26 51 -47 55 -47 4 0 7 194 7 430 l0 430 -110 0 -110 0 0 -430z M313 2652 c-52 -29 -81 -52 -78 -60 3 -7 102 -177 221 -378 l216 -365 71 64 c39 35 75 70 80 78 7 11 -44 105 -196 359 -113 190 -211 346 -219 347 -7 2 -50 -19 -95 -45z M1650 2373 c-107 -180 -196 -331 -198 -337 -4 -18 146 -162 157 -151 16 16 421 703 421 714 0 9 -160 101 -177 101 -5 0 -96 -147 -203 -327z M867 1953 l-256 -248 0 -852 -1 -853 520 0 520 0 0 853 0 853 -254 247 c-140 136 -259 247 -264 247 -5 0 -124 -111 -265 -247z M1978 1814 l-238 -235 0 -140 c0 -79 4 -139 9 -139 5 0 150 136 321 302 l311 302 -73 73 c-40 40 -77 73 -83 73 -5 0 -117 -106 -247 -236z M69 1273 l-74 -75 255 -249 c140 -137 258 -249 263 -249 4 0 7 65 7 144 l0 143 -188 181 -189 181 -74 -76z"/></g></svg>
  <svg x='457' y='480'><g transform="translate(-0.0476480274918,30.7516384396) scale(0.00989475189514,-0.00987200030311)"><path class="sym-line" fill="black" d="M1160 2670 c0 -236 3 -430 7 -430 4 0 29 21 55 47 l48 47 48 -47 c26 -26 51 -47 55 -47 4 0 7 194 7 430 l0 430 -110 0 -110 0 0 -430z M453 2653 c-46 -26 -83 -50 -83 -55 0 -9 407 -698 421 -713 9 -9 159 130 159 147 0 16 -395 668 -405 668 -5 0 -47 -21 -92 -47z M1779 2358 c-112 -188 -205 -346 -207 -352 -1 -6 33 -44 77 -84 l80 -72 132 222 c72 123 172 290 220 372 49 82 89 152 89 155 0 8 -164 101 -178 101 -5 0 -101 -154 -213 -342z M1003 1952 l-253 -248 0 -852 0 -852 520 0 520 0 0 853 -1 852 -255 248 c-141 136 -261 247 -267 246 -7 0 -126 -111 -264 -247z M92 1977 l-72 -73 311 -302 c172 -166 316 -302 321 -302 4 0 8 63 8 141 l0 141 -236 231 c-130 128 -242 233 -248 235 -6 1 -44 -30 -84 -71z M2067 1167 l-187 -182 0 -142 c0 -79 4 -143 8 -143 4 0 122 112 262 249 l255 249 -75 75 -75 75 -188 -181z"/></g></svg>
  <svg x='510' y='457'><g transform="translate(-0.149772006491,21.770700246) scale(0.00994510323192,-0.00982830124817)"><path class="sym-line" fill="black" d="M30 1628 l1 -573 244 250 244 250 64 -65 c35 -36 379 -384 763 -775 384 -390 701 -711 704 -713 3 -1 38 31 78 71 l74 74 -766 778 -766 777 241 249 241 249 -561 0 -561 0 0 -572z"/></g></svg>
  <svg x='468' y='455'><g transform="translate(0.131265535269,21.739721583) scale(0.00982597899807,-0.00994459401866)"><path class="sym-fill" fill="white" d="M1320 2066 c0 -6 722 -722 753 -746 l27 -21 0 385 0 386 -390 0 c-214 0 -390 -2 -390 -4z"/><path class="sym-line" fill="black" d="M1305 1925 l250 -244 -65 -64 c-36 -35 -384 -379 -775 -763 -390 -384 -711 -701 -713 -704 -1 -3 31 -38 71 -78 l74 -74 778 766 777 766 249 -241 249 -241 0 561 0 561 -572 0 -573 -1 250 -244z m795 -241 c0 -212 -4 -384 -9 -382 -4 2 -183 175 -397 385 l-389 383 398 0 397 0 0 -386z"/></g></svg>
  <svg x='464' y='516'><g transform="translate(0.150398531432,6.77070779296) scale(0.00966757342839,-0.0097032077862)"><path class="sym-line" fill="black" d="M296 409 c-163 -149 -296 -275 -296 -279 0 -11 127 -130 140 -130 6 0 110 90 231 200 121 110 224 200 229 200 5 0 108 -90 229 -200 121 -110 225 -200 231 -200 13 0 140 119 140 130 0 10 -589 550 -600 550 -5 0 -141 -122 -304 -271z"/></g></svg>
  <svg x='525' y='517'><g transform="translate(0.150398531432,6.77070779296) scale(0.00966757342839,-0.0097032077862)"><path class="sym-line" fill="black" d="M296 409 c-163 -149 -296 -275 -296 -279 0 -11 127 -130 140 -130 6 0 110 90 231 200 121 110 224 200 229 200 5 0 108 -90 229 -200 121 -110 225 -200 231 -200 13 0 140 119 140 130 0 10 -589 550 -600 550 -5 0 -141 -122 -304 -271z"/></g></svg>
  <svg x='463' y='528'><g transform="translate(0.151481649373,14.7505211307) scale(0.00980873003133,-0.00973472242044)"><path class="sym-line" fill="black" d="M0 750 l0 -750 754 0 753 0 244 422 c134 232 245 429 247 438 1 10 -27 32 -82 63 -46 26 -86 47 -88 47 -3 0 -77 -124 -164 -276 l-159 -277 -3 542 -2 541 -750 0 -750 0 0 -750z"/></g></svg>
  <svg x='519' y='530'><g transform="translate(0.131576825216,14.7505211307) scale(0.00980873003133,-0.00973472242044)"><path class="sym-line" fill="black" d="M498 959 l-3 -542 -159 277 c-87 152 -161 276 -164 276 -2 0 -42 -21 -88 -47 -55 -31 -83 -53 -82 -63 2 -9 113 -206 247 -438 l244 -422 753 0 754 0 0 750 0 750 -750 0 -750 0 -2 -541z"/></g></svg>
</svg>