<svg version='1.1' xmlns='http://www.w3.org/2000/svg' width='69' height='215' viewBox='474 469 69 215'>
  <text font-size='0'>M543x684S2ff00482x483S12d20517x481S22114517x469S15a40496x589S15a40527x637S15a48475x636S10e04495x563S20700515x582S2da06498x528S22a04527x669S22a14474x669</text>
  <svg x='482' y='483'><g transform="translate(0.149874875465,34.7500790925) scale(0.00988906872676,-0.00988956850125)"><path class="sym-line" fill="black" d="M1528 3484 c-592 -92 -1088 -447 -1348 -963 -125 -249 -180 -485 -180 -771 0 -480 183 -911 529 -1242 350 -336 780 -508 1271 -508 451 0 864 150 1193 434 326 281 517 620 591 1051 21 121 21 409 0 530 -43 252 -114 444 -237 639 -282 453 -741 750 -1284 831 -127 19 -413 18 -535 -1z m607 -173 c583 -126 1038 -523 1224 -1069 59 -173 75 -277 75 -492 0 -165 -3 -211 -22 -300 -71 -327 -228 -611 -458 -829 -186 -177 -381 -295 -614 -374 -176 -60 -282 -78 -490 -84 -247 -7 -416 19 -628 97 -549 201 -944 674 -1043 1250 -17 97 -17 383 0 480 99 576 495 1050 1043 1250 105 38 177 58 303 81 143 26 467 21 610 -10z"/></g></svg>
  <svg x='517' y='481'><g transform="translate(-0.000223836172357,29.7519795905) scale(0.00989189550009,-0.00986784736349)"><path class="sym-line" fill="black" d="M1300 2250 l0 -750 -150 0 -150 0 0 600 0 600 -100 0 -100 0 0 -952 0 -953 -313 313 c-171 171 -317 312 -322 312 -6 0 -42 -32 -80 -70 l-70 -70 393 -393 392 -392 0 -248 0 -247 750 0 750 0 0 750 0 750 -400 0 -400 0 0 750 0 750 -100 0 -100 0 0 -750z"/></g></svg>
  <svg x='517' y='469'><g transform="translate(0.150751748454,6.94494141144) scale(0.0098452250773,-0.00970929130205)"><path class="sym-line" fill="black" d="M64 638 c-35 -33 -64 -64 -64 -68 0 -10 589 -550 600 -550 11 0 600 540 600 550 0 11 -127 130 -140 130 -6 0 -110 -90 -231 -200 -121 -110 -224 -200 -229 -200 -5 0 -108 90 -229 200 -121 110 -225 200 -231 200 -7 0 -41 -28 -76 -62z M1464 638 c-35 -33 -64 -64 -64 -68 0 -10 589 -550 600 -550 11 0 600 540 600 550 0 11 -127 130 -140 130 -6 0 -110 -90 -231 -200 -121 -110 -224 -200 -229 -200 -5 0 -108 90 -229 200 -121 110 -225 200 -231 200 -7 0 -41 -28 -76 -62z"/></g></svg>
  <svg x='496' y='589'><g transform="translate(0.0,27.0) scale(0.01,-0.01)"><path class="sym-fill" fill="white" d="M398 2213 l-198 -198 0 -158 0 -157 -100 0 -100 0 0 -150 0 -150 100 0 100 0 0 -600 0 -600 200 0 200 0 0 600 0 600 300 0 300 0 0 150 0 150 -300 0 -300 0 -2 355 -3 355 -197 -197z"/><path class="sym-line" fill="black" d="M297 2402 l-297 -297 0 -203 0 -202 100 0 100 0 0 163 0 162 200 200 200 200 0 -363 0 -362 300 0 300 0 0 203 0 202 -298 298 c-163 163 -299 297 -302 297 -3 0 -139 -134 -303 -298z M0 700 l0 -700 600 0 600 0 0 700 0 700 -300 0 -300 0 0 -600 0 -600 -200 0 -200 0 0 600 0 600 -100 0 -100 0 0 -700z"/></g></svg>
  <svg x='527' y='637'><g transform="translate(0.0,27.0) scale(0.01,-0.01)"><path class="sym-fill" fill="white" d="M398 2213 l-198 -198 0 -158 0 -157 -100 0 -100 0 0 -150 0 -150 100 0 100 0 0 -600 0 -600 200 0 200 0 0 600 0 600 300 0 300 0 0 150 0 150 -300 0 -300 0 -2 355 -3 355 -197 -197z"/><path class="sym-line" fill="black" d="M297 2402 l-297 -297 0 -203 0 -202 100 0 100 0 0 163 0 162 200 200 200 200 0 -363 0 -362 300 0 300 0 0 203 0 202 -298 298 c-163 163 -299 297 -302 297 -3 0 -139 -134 -303 -298z M0 700 l0 -700 600 0 600 0 0 700 0 700 -300 0 -300 0 0 -600 0 -600 -200 0 -200 0 0 600 0 600 -100 0 -100 0 0 -700z"/></g></svg>
  <svg x='475' y='636'><g transform="translate(0.0,27.0) scale(0.01,-0.01)"><path class="sym-fill" fill="white" d="M600 2057 l0 -357 -300 0 -300 0 0 -150 0 -150 300 0 300 0 0 -600 0 -600 200 0 200 0 0 600 0 600 100 0 100 0 0 150 0 150 -100 0 -100 0 0 158 0 157 -200 200 -200 200 0 -358z"/><path class="sym-line" fill="black" d="M297 2402 l-297 -297 0 -203 0 -202 300 0 300 0 0 362 0 363 200 -200 200 -200 0 -162 0 -163 100 0 100 0 0 203 0 202 -298 298 c-163 163 -299 297 -302 297 -3 0 -139 -134 -303 -298z M0 700 l0 -700 600 0 600 0 0 700 0 700 -100 0 -100 0 0 -600 0 -600 -200 0 -200 0 0 600 0 600 -300 0 -300 0 0 -700z"/></g></svg>
  <svg x='495' y='563'><g transform="translate(0.0,30.0) scale(0.01,-0.01)"><path class="sym-fill" fill="white" d="M200 2250 l0 -550 550 0 550 0 0 550 0 550 -550 0 -550 0 0 -550z"/><path class="sym-line" fill="black" d="M0 1500 l0 -1500 100 0 100 0 0 747 0 748 529 -529 529 -529 76 69 c42 38 76 71 76 74 0 3 -206 211 -457 462 l-458 458 503 0 502 0 0 750 0 750 -750 0 -750 0 0 -1500z m1300 750 l0 -550 -550 0 -550 0 0 550 0 550 550 0 550 0 0 -550z"/></g></svg>
  <svg x='515' y='582'><g transform="translate(-0.0515625354691,14.7505211307) scale(0.0100004540047,-0.00973472242044)"><path class="sym-line" fill="black" d="M20 750 l0 -750 75 0 75 0 0 750 0 750 -75 0 -75 0 0 -750z M1630 750 l0 -750 75 0 75 0 0 750 0 750 -75 0 -75 0 0 -750z M820 1100 c0 -110 -2 -200 -5 -200 -3 0 -76 43 -162 96 -87 53 -161 98 -164 100 -4 2 -23 -28 -44 -67 -30 -57 -35 -73 -24 -80 8 -5 83 -51 166 -101 84 -51 153 -95 153 -98 0 -3 -69 -47 -153 -98 -83 -50 -158 -96 -166 -101 -11 -7 -6 -23 24 -80 21 -39 40 -69 44 -67 3 2 77 47 164 100 86 53 159 96 162 96 3 0 5 -90 5 -200 l0 -200 80 0 80 0 0 200 c0 110 2 200 5 200 3 0 76 -43 162 -96 87 -53 161 -98 164 -100 3 -1 23 29 43 68 31 57 36 72 25 79 -8 5 -83 51 -166 102 -84 50 -153 94 -153 97 0 3 69 47 153 97 83 51 158 97 166 102 11 7 6 22 -25 79 -20 39 -40 69 -43 68 -3 -2 -77 -47 -164 -100 -86 -53 -159 -96 -162 -96 -3 0 -5 90 -5 200 l0 200 -80 0 -80 0 0 -200z"/></g></svg>
  <svg x='498' y='528'><g transform="translate(0.100082305827,28.746731323) scale(0.00978506013307,-0.00984504549816)"><path class="sym-line" fill="black" d="M350 2571 c-190 -184 -345 -341 -345 -349 0 -7 155 -163 345 -346 l345 -333 3 289 2 290 198 -4 197 -3 67 -32 c89 -42 151 -101 191 -182 29 -60 32 -74 32 -161 0 -87 -3 -101 -32 -161 -40 -81 -102 -140 -191 -182 l-67 -32 -347 -3 -348 -3 0 -199 0 -200 375 0 c353 0 377 -1 429 -21 64 -23 132 -85 161 -144 11 -22 21 -69 23 -107 6 -104 -41 -192 -134 -250 -71 -45 -108 -48 -543 -48 l-411 0 0 -195 0 -195 353 0 c318 0 362 2 430 19 247 64 441 255 502 496 19 75 19 233 0 305 -37 139 -143 279 -265 352 l-62 36 34 18 c140 73 252 213 293 369 20 78 20 226 -1 296 -22 74 -76 174 -124 231 -52 60 -169 139 -251 168 -58 21 -85 24 -286 28 l-223 4 -2 291 -3 292 -345 -334z"/></g></svg>
  <svg x='527' y='669'><g transform="translate(0.043463926586,14.7505211307) scale(0.00985915292844,-0.00973472242044)"><path class="sym-fill" fill="white" d="M510 1100 l0 -400 140 0 140 0 0 400 0 400 -140 0 -140 0 0 -400z"/><path class="sym-line" fill="black" d="M330 1100 l0 -400 -159 -2 -160 -3 315 -347 c174 -192 319 -348 324 -348 5 0 150 156 324 348 l315 347 -160 3 -159 2 0 400 0 400 -90 0 -90 0 0 -400 0 -400 -140 0 -140 0 0 400 0 400 -90 0 -90 0 0 -400z"/></g></svg>
  <svg x='474' y='669'><g transform="translate(0.043463926586,14.7505211307) scale(0.00985915292844,-0.00973472242044)"><path class="sym-fill" fill="white" d="M510 1100 l0 -400 140 0 140 0 0 400 0 400 -140 0 -140 0 0 -400z M277 557 c144 -163 368 -407 373 -407 5 0 229 244 373 407 l39 43 -412 0 -412 0 39 -43z"/><path class="sym-line" fill="black" d="M330 1100 l0 -400 -159 -2 -160 -3 315 -347 c174 -192 319 -348 324 -348 5 0 150 156 324 348 l315 347 -160 3 -159 2 0 400 0 400 -90 0 -90 0 0 -400 0 -400 -140 0 -140 0 0 400 0 400 -90 0 -90 0 0 -400z m714 -522 c-82 -96 -388 -428 -394 -428 -6 0 -312 332 -394 428 l-19 22 413 0 413 0 -19 -22z"/></g></svg>
</svg>