<svg version='1.1' xmlns='http://www.w3.org/2000/svg' width='111' height='69' viewBox='432 482 111 69'>
  <text font-size='0'>M543x551S36d00479x518S3770c456x521S37704432x521S32102483x482S34000483x482S37704518x521S3770c519x534S36d00479x547</text>
  <svg x='479' y='518'><g transform="translate(0.0,4.0) scale(0.01,-0.01)"><path class="sym-line" fill="black" d="M0 200 l0 -200 2100 0 2100 0 0 200 0 200 -2100 0 -2100 0 0 -200z"/></g></svg>
  <svg x='456' y='521'><g transform="translate(-0.020299564479,13.5621626665) scale(0.00999540070363,-0.0108715488394)"><path class="sym-line" fill="black" d="M1155 731 c-605 -273 -1111 -501 -1123 -506 -23 -10 -23 -11 29 -83 29 -39 57 -72 64 -72 20 0 2249 1007 2253 1018 5 16 -91 141 -108 141 -8 -1 -510 -225 -1115 -498z"/></g></svg>
  <svg x='432' y='521'><g transform="translate(0.0188989689551,13.6106367293) scale(0.00997904612499,-0.0109283726961)"><path class="sym-line" fill="black" d="M63 1158 c-29 -39 -51 -73 -50 -74 8 -8 2236 -1008 2252 -1010 15 -3 32 12 68 61 27 37 47 71 45 76 -3 10 -2201 1004 -2243 1015 -16 4 -31 -10 -72 -68z"/></g></svg>
  <svg x='483' y='482'><g transform="translate(0.149874875465,34.7500790925) scale(0.00988906872676,-0.00988956850125)"><path class="sym-line" fill="black" d="M1528 3484 c-592 -92 -1088 -447 -1348 -963 -125 -249 -180 -485 -180 -771 0 -480 183 -911 529 -1242 350 -336 780 -508 1271 -508 451 0 864 150 1193 434 326 281 517 620 591 1051 21 121 21 409 0 530 -43 252 -114 444 -237 639 -282 453 -741 750 -1284 831 -127 19 -413 18 -535 -1z m607 -173 c583 -126 1038 -523 1224 -1069 59 -173 75 -277 75 -492 0 -165 -3 -211 -22 -300 -71 -327 -228 -611 -458 -829 -186 -177 -381 -295 -614 -374 -176 -60 -282 -78 -490 -84 -247 -7 -416 19 -628 97 -549 201 -944 674 -1043 1250 -17 97 -17 383 0 480 99 576 495 1050 1043 1250 105 38 177 58 303 81 143 26 467 21 610 -10z M919 2400 l-204 -200 204 -200 c112 -110 209 -200 215 -200 7 0 28 16 47 36 l34 36 -170 164 -170 164 170 164 170 164 -34 36 c-19 20 -40 36 -47 36 -6 0 -103 -90 -215 -200z M2150 2399 l-205 -199 205 -199 c113 -110 210 -200 216 -200 14 -1 77 65 73 76 -2 5 -76 78 -164 163 -88 85 -160 157 -160 160 0 3 72 75 160 160 88 85 162 158 164 163 4 11 -59 77 -73 76 -6 0 -103 -90 -216 -200z M1130 2350 l0 -50 260 0 260 0 0 50 0 50 -260 0 -260 0 0 -50z M2360 2350 l0 -50 265 0 265 0 0 50 0 50 -265 0 -265 0 0 -50z M1130 2050 l0 -50 260 0 260 0 0 50 0 50 -260 0 -260 0 0 -50z M2360 2050 l0 -50 265 0 265 0 0 50 0 50 -265 0 -265 0 0 -50z"/></g></svg>
  <svg x='483' y='482'><g transform="translate(0.149874875465,34.7500790925) scale(0.00988906872676,-0.00988956850125)"><path class="sym-line" fill="black" d="M1528 3484 c-592 -92 -1088 -447 -1348 -963 -125 -249 -180 -485 -180 -771 0 -480 183 -911 529 -1242 350 -336 780 -508 1271 -508 451 0 864 150 1193 434 326 281 517 620 591 1051 21 121 21 409 0 530 -43 252 -114 444 -237 639 -282 453 -741 750 -1284 831 -127 19 -413 18 -535 -1z m607 -173 c583 -126 1038 -523 1224 -1069 59 -173 75 -277 75 -492 0 -165 -3 -211 -22 -300 -71 -327 -228 -611 -458 -829 -186 -177 -381 -295 -614 -374 -176 -60 -282 -78 -490 -84 -247 -7 -416 19 -628 97 -549 201 -944 674 -1043 1250 -17 97 -17 383 0 480 99 576 495 1050 1043 1250 105 38 177 58 303 81 143 26 467 21 610 -10z M972 1133 c172 -279 410 -466 657 -519 98 -21 272 -18 364 5 248 64 470 243 636 514 l41 67 -870 0 -869 0 41 -67z m1327 -166 c-146 -141 -305 -207 -499 -207 -193 0 -350 65 -499 207 l-86 82 585 0 585 0 -86 -82z"/></g></svg>
  <svg x='518' y='521'><g transform="translate(0.0188989689551,13.6106367293) scale(0.00997904612499,-0.0109283726961)"><path class="sym-line" fill="black" d="M63 1158 c-29 -39 -51 -73 -50 -74 8 -8 2236 -1008 2252 -1010 15 -3 32 12 68 61 27 37 47 71 45 76 -3 10 -2201 1004 -2243 1015 -16 4 -31 -10 -72 -68z"/></g></svg>
  <svg x='519' y='534'><g transform="translate(-0.020299564479,13.5621626665) scale(0.00999540070363,-0.0108715488394)"><path class="sym-line" fill="black" d="M1155 731 c-605 -273 -1111 -501 -1123 -506 -23 -10 -23 -11 29 -83 29 -39 57 -72 64 -72 20 0 2249 1007 2253 1018 5 16 -91 141 -108 141 -8 -1 -510 -225 -1115 -498z"/></g></svg>
  <svg x='479' y='547'><g transform="translate(0.0,4.0) scale(0.01,-0.01)"><path class="sym-line" fill="black" d="M0 200 l0 -200 2100 0 2100 0 0 200 0 200 -2100 0 -2100 0 0 -200z"/></g></svg>
</svg>