<svg version='1.1' xmlns='http://www.w3.org/2000/svg' width='86' height='135' viewBox='457 433 86 135'>
  <text font-size='0'>M543x568S10018463x480S10011481x464S2c300489x496S20500459x433S20500459x449S20500459x464S22c14457x526S22c04490x526S2c400503x496</text>
  <svg x='463' y='480'><g transform="translate(0.0,30.0) scale(0.01,-0.01)"><path class="sym-fill" fill="white" d="M700 750 l0 -550 300 0 300 0 0 550 0 550 -300 0 -300 0 0 -550z"/><path class="sym-line" fill="black" d="M0 1500 l0 -1500 750 0 750 0 0 750 0 750 -650 0 -650 0 0 750 0 750 -100 0 -100 0 0 -1500z m1300 -750 l0 -550 -300 0 -300 0 0 550 0 550 300 0 300 0 0 -550z"/></g></svg>
  <svg x='481' y='464'><g transform="translate(0.0827624000386,29.8972374025) scale(0.00988338120185,-0.00991626663417)"><path class="sym-fill" fill="white" d="M601 1204 l-191 -197 42 -46 c23 -25 182 -189 353 -365 l310 -318 193 197 193 198 -128 131 c-71 72 -230 236 -355 363 l-226 233 -191 -196z"/><path class="sym-line" fill="black" d="M76 2931 l-69 -69 486 -498 485 -498 -371 -381 c-204 -209 -393 -403 -419 -431 l-49 -51 481 -494 c264 -272 487 -494 495 -494 8 0 231 222 495 494 l481 494 -49 51 c-152 158 -1893 1946 -1895 1946 -2 0 -33 -31 -71 -69z m1020 -1838 c165 -170 324 -334 353 -365 l54 -58 -188 -192 c-104 -106 -194 -193 -200 -193 -12 0 -696 698 -703 716 -4 9 367 398 379 399 3 0 140 -138 305 -307z"/></g></svg>
  <svg x='489' y='496'><g transform="translate(0.198852735413,22.7498041047) scale(0.00982767908634,-0.00983706505647)"><path class="sym-line" fill="black" d="M775 2285 c-92 -34 -160 -86 -208 -158 -50 -76 -67 -137 -67 -239 l0 -88 -252 0 -253 0 278 -277 277 -278 277 278 278 277 -254 0 -254 0 7 79 c3 43 11 94 18 112 28 85 106 160 193 190 22 7 83 13 135 13 79 0 103 -3 142 -22 86 -42 158 -139 189 -253 8 -29 13 -191 16 -481 l5 -438 -651 0 -651 0 0 -50 0 -50 646 0 647 0 -6 -65 c-8 -85 -54 -220 -127 -372 -56 -118 -171 -321 -232 -410 -15 -23 -28 -44 -28 -47 0 -3 225 -6 500 -6 275 0 500 3 500 6 0 3 -13 24 -28 47 -61 89 -176 292 -232 410 -73 152 -119 287 -127 372 l-6 65 547 0 546 0 0 50 0 50 -550 0 -549 0 -3 463 c-3 456 -3 463 -26 519 -51 126 -166 240 -290 289 -49 20 -79 23 -212 26 -117 2 -165 -1 -195 -12z"/></g></svg>
  <svg x='459' y='433'><g transform="translate(-0.221878406359,10.7500002304) scale(0.0103429235226,-0.00963778430032)"><path class="sym-line" fill="black" d="M430 895 l0 -205 -37 23 c-21 13 -95 61 -165 105 l-128 82 -36 -71 c-19 -40 -32 -75 -27 -79 4 -3 74 -48 156 -99 81 -51 147 -97 147 -101 0 -4 -66 -50 -147 -101 -82 -51 -152 -96 -156 -99 -5 -4 8 -39 27 -79 l36 -71 128 82 c70 44 144 92 165 105 l37 23 0 -205 0 -205 70 0 70 0 0 205 0 205 38 -23 c20 -13 94 -61 164 -105 l128 -82 36 71 c19 40 32 75 27 79 -4 3 -74 48 -155 99 -82 51 -148 97 -148 101 0 4 66 50 148 101 81 51 151 96 155 99 5 4 -8 39 -27 79 l-36 71 -128 -82 c-70 -44 -144 -92 -164 -105 l-38 -23 0 205 0 205 -70 0 -70 0 0 -205z"/></g></svg>
  <svg x='459' y='449'><g transform="translate(-0.221878406359,10.7500002304) scale(0.0103429235226,-0.00963778430032)"><path class="sym-line" fill="black" d="M430 895 l0 -205 -37 23 c-21 13 -95 61 -165 105 l-128 82 -36 -71 c-19 -40 -32 -75 -27 -79 4 -3 74 -48 156 -99 81 -51 147 -97 147 -101 0 -4 -66 -50 -147 -101 -82 -51 -152 -96 -156 -99 -5 -4 8 -39 27 -79 l36 -71 128 82 c70 44 144 92 165 105 l37 23 0 -205 0 -205 70 0 70 0 0 205 0 205 38 -23 c20 -13 94 -61 164 -105 l128 -82 36 71 c19 40 32 75 27 79 -4 3 -74 48 -155 99 -82 51 -148 97 -148 101 0 4 66 50 148 101 81 51 151 96 155 99 5 4 -8 39 -27 79 l-36 71 -128 -82 c-70 -44 -144 -92 -164 -105 l-38 -23 0 205 0 205 -70 0 -70 0 0 -205z"/></g></svg>
  <svg x='459' y='464'><g transform="translate(-0.221878406359,10.7500002304) scale(0.0103429235226,-0.00963778430032)"><path class="sym-line" fill="black" d="M430 895 l0 -205 -37 23 c-21 13 -95 61 -165 105 l-128 82 -36 -71 c-19 -40 -32 -75 -27 -79 4 -3 74 -48 156 -99 81 -51 147 -97 147 -101 0 -4 -66 -50 -147 -101 -82 -51 -152 -96 -156 -99 -5 -4 8 -39 27 -79 l36 -71 128 82 c70 44 144 92 165 105 l37 23 0 -205 0 -205 70 0 70 0 0 205 0 205 38 -23 c20 -13 94 -61 164 -105 l128 -82 36 71 c19 40 32 75 27 79 -4 3 -74 48 -155 99 -82 51 -148 97 -148 101 0 4 66 50 148 101 81 51 151 96 155 99 5 4 -8 39 -27 79 l-36 71 -128 -82 c-70 -44 -144 -92 -164 -105 l-38 -23 0 205 0 205 -70 0 -70 0 0 -205z"/></g></svg>
  <svg x='457' y='526'><g transform="translate(0.198426155669,41.6991942039) scale(0.00968892587986,-0.00989303731046)"><path class="sym-fill" fill="white" d="M600 2500 l0 -1700 200 0 200 0 0 1700 0 1700 -200 0 -200 0 0 -1700z M523 423 l277 -278 277 278 278 277 -555 0 -555 0 278 -277z"/><path class="sym-line" fill="black" d="M400 2500 l0 -1700 -202 0 -203 0 403 -402 402 -403 402 403 403 402 -203 0 -202 0 0 1700 0 1700 -100 0 -100 0 0 -1700 0 -1700 -200 0 -200 0 0 1700 0 1700 -100 0 -100 0 0 -1700z m677 -2077 l-277 -278 -277 278 -278 277 555 0 555 0 -278 -277z"/></g></svg>
  <svg x='490' y='526'><g transform="translate(0.198426155669,41.6991942039) scale(0.00968892587986,-0.00989303731046)"><path class="sym-fill" fill="white" d="M600 2500 l0 -1700 200 0 200 0 0 1700 0 1700 -200 0 -200 0 0 -1700z"/><path class="sym-line" fill="black" d="M400 2500 l0 -1700 -202 0 -203 0 403 -402 402 -403 402 403 403 402 -203 0 -202 0 0 1700 0 1700 -100 0 -100 0 0 -1700 0 -1700 -200 0 -200 0 0 1700 0 1700 -100 0 -100 0 0 -1700z"/></g></svg>
  <svg x='503' y='496'><g transform="translate(0.201255862551,22.7498041047) scale(0.00988761669577,-0.00983706505647)"><path class="sym-line" fill="black" d="M775 2285 c-92 -34 -160 -86 -208 -158 -50 -76 -67 -137 -67 -239 l0 -88 -252 0 -253 0 278 -277 277 -278 277 278 278 277 -254 0 -254 0 7 79 c3 43 11 94 18 112 28 85 106 160 193 190 22 7 83 13 135 13 79 0 103 -3 142 -22 86 -42 158 -139 189 -253 8 -29 13 -191 16 -481 l5 -438 -651 0 -651 0 0 -50 0 -50 646 0 647 0 -6 -65 c-8 -85 -54 -220 -127 -372 -56 -118 -171 -321 -232 -410 -15 -23 -28 -44 -28 -47 0 -3 225 -6 500 -6 275 0 500 3 500 6 0 3 -13 24 -28 47 -61 89 -176 292 -232 410 -73 152 -119 287 -127 372 l-6 65 743 0 743 0 -6 -65 c-8 -85 -54 -220 -127 -372 -56 -118 -171 -321 -232 -410 -15 -23 -28 -44 -28 -47 0 -3 225 -6 500 -6 275 0 500 3 500 6 0 3 -13 24 -28 47 -61 89 -176 292 -232 410 -73 152 -119 287 -127 372 l-6 65 397 0 396 0 0 50 0 50 -400 0 -399 0 -3 463 c-3 456 -3 463 -26 519 -51 126 -166 240 -290 289 -80 32 -324 40 -404 13 -91 -30 -162 -82 -211 -157 -50 -76 -67 -137 -67 -239 l0 -88 -252 0 -253 0 278 -277 277 -278 277 278 278 277 -254 0 -254 0 7 79 c3 43 11 94 18 112 28 85 106 160 193 190 22 7 83 13 135 13 79 0 103 -3 142 -22 86 -42 158 -139 189 -253 8 -29 13 -191 16 -481 l5 -438 -751 0 -750 0 -3 463 c-3 456 -3 463 -26 519 -51 126 -166 240 -290 289 -49 20 -79 23 -212 26 -117 2 -165 -1 -195 -12z"/></g></svg>
</svg>