<svg version='1.1' xmlns='http://www.w3.org/2000/svg' width='65' height='97' viewBox='479 452 65 97'>
  <text font-size='0'>M544x549S36d00479x452S18508496x473S2fb04514x507S2ea48496x496S2ea04529x482S18500516x462S25900528x514S25920497x526</text>
  <svg x='479' y='452'><g transform="translate(0.0,4.0) scale(0.01,-0.01)"><path class="sym-line" fill="black" d="M0 200 l0 -200 2100 0 2100 0 0 200 0 200 -2100 0 -2100 0 0 -200z"/></g></svg>
  <svg x='496' y='473'><g transform="translate(0.0,15.0) scale(0.01,-0.01)"><path class="sym-fill" fill="white" d="M110 750 l0 -650 310 0 310 0 0 650 0 650 -310 0 -310 0 0 -650z"/><path class="sym-line" fill="black" d="M0 750 l0 -750 419 0 420 0 3 51 3 51 520 499 520 498 258 1 257 0 0 200 0 200 -1200 0 -1200 0 0 -750z m730 0 l0 -650 -315 0 -315 0 0 650 0 650 315 0 315 0 0 -650z m834 342 c-12 -11 -558 -536 -651 -626 l-73 -70 0 352 0 352 367 0 c202 0 363 -4 357 -8z"/></g></svg>
  <svg x='514' y='507'><g transform="translate(0.178125321737,5.7484375) scale(0.00969593203301,-0.00933333333333)"><path class="sym-line" fill="black" d="M4 569 c22 -111 99 -242 206 -349 151 -151 320 -220 540 -220 220 0 389 69 540 220 107 107 184 238 206 349 l7 31 -61 0 -61 0 -42 -82 c-54 -104 -163 -218 -264 -274 -154 -85 -340 -108 -501 -61 -176 51 -331 177 -413 335 l-42 82 -61 0 -61 0 7 -31z"/></g></svg>
  <svg x='496' y='496'><g transform="translate(0.165343472914,24.7501251158) scale(0.00972320125617,-0.00984067504631)"><path class="sym-fill" fill="white" d="M838 1552 l-136 -147 145 -3 c79 -1 207 -1 283 0 l138 3 -136 147 c-76 80 -141 146 -147 146 -5 0 -71 -66 -147 -146z M838 952 l-136 -147 145 -3 c79 -1 207 -1 283 0 l138 3 -136 147 c-76 80 -141 146 -147 146 -5 0 -71 -66 -147 -146z"/><path class="sym-line" fill="black" d="M324 2481 c-146 -66 -261 -282 -309 -581 -22 -139 -22 -1161 0 -1300 48 -299 163 -515 309 -581 34 -16 66 -19 196 -19 153 0 156 0 206 30 123 70 221 245 274 488 l18 82 -99 0 -99 0 0 -26 c0 -50 -41 -228 -71 -304 -37 -96 -92 -160 -137 -160 -96 0 -182 196 -217 495 -22 186 -22 1104 0 1290 35 299 121 495 217 495 69 0 144 -130 183 -315 9 -44 18 -90 21 -102 4 -22 9 -23 94 -23 82 0 90 2 90 19 0 41 -53 201 -95 286 -54 108 -110 176 -179 215 -50 30 -53 30 -206 30 -130 0 -162 -3 -196 -19z M717 1575 l-257 -275 520 0 c286 0 520 2 520 5 0 11 -501 540 -513 542 -7 2 -128 -121 -270 -272z m484 -97 l71 -78 -287 0 -288 0 44 48 c24 26 88 96 144 155 l100 108 73 -78 c39 -43 104 -113 143 -155z M717 975 l-257 -275 520 0 c286 0 520 2 520 5 0 11 -501 540 -513 542 -7 2 -128 -121 -270 -272z m484 -97 l71 -78 -287 0 -288 0 44 48 c24 26 88 96 144 155 l100 108 73 -78 c39 -43 104 -113 143 -155z"/></g></svg>
  <svg x='529' y='482'><g transform="translate(0.149734255248,24.7501251158) scale(0.0097007872376,-0.00984067504631)"><path class="sym-line" fill="black" d="M345 2481 c-157 -72 -271 -271 -325 -565 -18 -101 -20 -153 -20 -666 0 -513 2 -565 20 -666 54 -294 168 -493 325 -565 34 -16 66 -19 206 -19 158 0 167 1 217 26 73 36 164 139 212 239 38 79 80 196 80 222 0 10 -39 13 -198 13 l-197 0 -23 -92 c-27 -111 -77 -221 -122 -265 -66 -67 -143 -33 -202 89 -92 189 -118 411 -118 1018 0 607 26 829 118 1018 115 236 269 121 342 -255 11 -57 20 -106 20 -109 0 -2 90 -4 200 -4 153 0 200 3 200 13 0 31 -43 186 -70 252 -58 147 -159 273 -253 315 -36 17 -66 20 -207 20 -139 0 -171 -3 -205 -19z M595 1500 l300 -300 -300 0 -300 0 303 -302 302 -303 302 303 303 302 -300 0 -300 0 300 300 300 300 -605 0 -605 0 300 -300z"/></g></svg>
  <svg x='516' y='462'><g transform="translate(0.0,15.0) scale(0.01,-0.01)"><path class="sym-fill" fill="white" d="M1670 750 l0 -650 310 0 310 0 0 650 0 650 -310 0 -310 0 0 -650z"/><path class="sym-line" fill="black" d="M0 1300 l0 -200 258 0 257 -1 520 -499 520 -499 3 -51 3 -50 420 0 419 0 0 750 0 750 -1200 0 -1200 0 0 -200z m2300 -550 l0 -650 -315 0 -315 0 0 650 0 650 315 0 315 0 0 -650z m-740 -2 l0 -352 -57 55 c-103 98 -627 601 -653 626 l-25 23 368 0 367 0 0 -352z"/></g></svg>
  <svg x='528' y='514'><g transform="translate(0.149194329085,22.7546842669) scale(0.00972778354574,-0.00987013725452)"><path class="sym-fill" fill="white" d="M540 1419 l0 -171 28 8 c35 12 229 12 265 0 l27 -8 0 171 0 171 -160 0 -160 0 0 -171z M540 171 l0 -171 160 0 160 0 0 171 0 171 -27 -8 c-36 -11 -218 -12 -260 -1 l-33 9 0 -171z"/><path class="sym-line" fill="black" d="M348 1944 c-192 -190 -348 -347 -348 -350 0 -2 72 -4 160 -4 l160 0 0 -244 0 -245 -30 -45 c-69 -102 -96 -250 -66 -366 17 -65 56 -151 82 -181 11 -12 14 -66 14 -262 l0 -247 110 0 110 0 0 175 0 175 28 -12 c35 -15 229 -15 265 0 l27 12 0 -175 0 -175 110 0 110 0 0 247 c0 196 3 250 14 262 26 30 65 116 82 181 30 116 3 264 -66 366 l-30 45 0 245 0 244 161 0 c88 0 159 3 157 8 -4 10 -693 692 -699 692 -2 0 -160 -156 -351 -346z m512 -528 l0 -173 -52 14 c-58 16 -193 12 -241 -6 l-27 -11 0 175 0 175 160 0 160 0 0 -174z"/></g></svg>
  <svg x='497' y='526'><g transform="translate(0.149194329085,22.7546842669) scale(0.00972778354574,-0.00987013725452)"><path class="sym-fill" fill="white" d="M540 1424 l0 -176 28 8 c35 12 229 12 265 0 l27 -8 0 176 0 176 -160 0 -160 0 0 -176z M540 171 l0 -171 160 0 160 0 0 171 0 171 -27 -8 c-36 -11 -218 -12 -260 -1 l-33 9 0 -171z"/><path class="sym-line" fill="black" d="M348 1944 c-192 -190 -348 -347 -348 -350 0 -2 69 -4 152 -4 l153 0 195 195 195 195 190 -190 190 -190 -108 0 -107 0 0 -179 0 -178 -52 14 c-58 16 -193 12 -241 -6 l-27 -11 0 180 0 180 -110 0 -110 0 0 -249 0 -250 -30 -45 c-69 -102 -96 -250 -66 -366 17 -65 56 -151 82 -181 11 -12 14 -66 14 -262 l0 -247 110 0 110 0 0 175 0 175 28 -12 c35 -15 229 -15 265 0 l27 12 0 -175 0 -175 110 0 110 0 0 247 c0 196 3 250 14 262 26 30 65 116 82 181 30 116 3 264 -66 366 l-30 45 0 245 0 244 161 0 c88 0 159 3 157 8 -4 10 -693 692 -699 692 -2 0 -160 -156 -351 -346z"/></g></svg>
</svg>