<svg version='1.1' xmlns='http://www.w3.org/2000/svg' width='89' height='68' viewBox='455 466 89 68'>
  <text font-size='0'>M544x534S15d59471x511S15d51507x511S22104467x499S22104483x499S22104505x499S22104521x499S2d610455x481S2d610456x466S2d608514x484S2d608515x469S2fb00491x468</text>
  <svg x='471' y='511'><g transform="translate(0.102420376257,22.8044910805) scale(0.00989015279534,-0.00989169718736)"><path class="sym-fill" fill="white" d="M1077 1902 l-97 -97 413 -413 412 -412 103 103 102 102 -408 408 c-224 224 -412 407 -417 407 -6 0 -54 -44 -108 -98z"/><path class="sym-line" fill="black" d="M1317 2152 l-137 -137 418 -418 417 -417 138 138 137 137 0 418 0 417 -418 0 -417 0 -138 -138z M488 1323 l-483 -483 417 -417 418 -418 108 108 107 107 413 0 412 0 0 100 0 100 -312 0 -313 0 275 278 275 277 -417 415 -418 415 -482 -482z"/></g></svg>
  <svg x='507' y='511'><g transform="translate(0.0510813084209,22.8044910805) scale(0.00989015279534,-0.00989169718736)"><path class="sym-fill" fill="white" d="M697 1592 l-407 -407 103 -103 102 -102 413 413 412 412 -98 98 c-53 53 -102 97 -107 97 -6 0 -193 -183 -418 -408z"/><path class="sym-line" fill="black" d="M10 1872 l0 -417 138 -138 137 -137 418 418 417 417 -138 138 -137 137 -418 0 -417 0 0 -418z M910 1388 l-415 -418 275 -275 275 -275 -313 0 -312 0 0 -100 0 -100 412 0 413 0 107 -107 108 -108 418 418 417 417 -485 483 -485 482 -415 -417z"/></g></svg>
  <svg x='467' y='499'><g transform="translate(0.150398531432,6.94494141144) scale(0.00966757342839,-0.00970929130205)"><path class="sym-line" fill="black" d="M64 638 c-35 -33 -64 -64 -64 -68 0 -10 589 -550 600 -550 11 0 600 540 600 550 0 11 -127 130 -140 130 -6 0 -110 -90 -231 -200 -121 -110 -224 -200 -229 -200 -5 0 -108 90 -229 200 -121 110 -225 200 -231 200 -7 0 -41 -28 -76 -62z"/></g></svg>
  <svg x='483' y='499'><g transform="translate(0.150398531432,6.94494141144) scale(0.00966757342839,-0.00970929130205)"><path class="sym-line" fill="black" d="M64 638 c-35 -33 -64 -64 -64 -68 0 -10 589 -550 600 -550 11 0 600 540 600 550 0 11 -127 130 -140 130 -6 0 -110 -90 -231 -200 -121 -110 -224 -200 -229 -200 -5 0 -108 90 -229 200 -121 110 -225 200 -231 200 -7 0 -41 -28 -76 -62z"/></g></svg>
  <svg x='505' y='499'><g transform="translate(0.150398531432,6.94494141144) scale(0.00966757342839,-0.00970929130205)"><path class="sym-line" fill="black" d="M64 638 c-35 -33 -64 -64 -64 -68 0 -10 589 -550 600 -550 11 0 600 540 600 550 0 11 -127 130 -140 130 -6 0 -110 -90 -231 -200 -121 -110 -224 -200 -229 -200 -5 0 -108 90 -229 200 -121 110 -225 200 -231 200 -7 0 -41 -28 -76 -62z"/></g></svg>
  <svg x='521' y='499'><g transform="translate(0.150398531432,6.94494141144) scale(0.00966757342839,-0.00970929130205)"><path class="sym-line" fill="black" d="M64 638 c-35 -33 -64 -64 -64 -68 0 -10 589 -550 600 -550 11 0 600 540 600 550 0 11 -127 130 -140 130 -6 0 -110 -90 -231 -200 -121 -110 -224 -200 -229 -200 -5 0 -108 90 -229 200 -121 110 -225 200 -231 200 -7 0 -41 -28 -76 -62z"/></g></svg>
  <svg x='455' y='481'><g transform="translate(0.150749190231,11.7548701066) scale(0.00984535298844,-0.00975232896833)"><path class="sym-fill" fill="white" d="M100 475 l0 -375 377 0 378 0 -375 375 c-206 206 -376 375 -377 375 -2 0 -3 -169 -3 -375z"/><path class="sym-line" fill="black" d="M1370 1184 c-148 -27 -311 -87 -434 -161 -104 -63 -176 -122 -319 -262 l-137 -135 -240 239 -240 240 0 -553 0 -552 552 0 553 0 -240 240 -240 241 130 124 c195 186 326 273 500 333 204 69 486 69 690 0 88 -31 209 -92 284 -145 36 -26 168 -147 292 -270 125 -123 231 -223 236 -223 5 0 40 32 78 70 l70 70 -210 211 c-211 212 -319 305 -431 372 -128 77 -285 134 -440 161 -109 19 -348 19 -454 0z m-698 -896 l180 -188 -376 0 -376 0 0 382 0 383 196 -195 c107 -107 277 -279 376 -382z"/></g></svg>
  <svg x='456' y='466'><g transform="translate(0.150749190231,11.7548701066) scale(0.00984535298844,-0.00975232896833)"><path class="sym-fill" fill="white" d="M100 475 l0 -375 377 0 378 0 -375 375 c-206 206 -376 375 -377 375 -2 0 -3 -169 -3 -375z"/><path class="sym-line" fill="black" d="M1370 1184 c-148 -27 -311 -87 -434 -161 -104 -63 -176 -122 -319 -262 l-137 -135 -240 239 -240 240 0 -553 0 -552 552 0 553 0 -240 240 -240 241 130 124 c195 186 326 273 500 333 204 69 486 69 690 0 88 -31 209 -92 284 -145 36 -26 168 -147 292 -270 125 -123 231 -223 236 -223 5 0 40 32 78 70 l70 70 -210 211 c-211 212 -319 305 -431 372 -128 77 -285 134 -440 161 -109 19 -348 19 -454 0z m-698 -896 l180 -188 -376 0 -376 0 0 382 0 383 196 -195 c107 -107 277 -279 376 -382z"/></g></svg>
  <svg x='514' y='484'><g transform="translate(0.198409507087,11.7551245826) scale(0.00984535298844,-0.00974923141752)"><path class="sym-line" fill="black" d="M1070 1184 c-148 -27 -310 -87 -434 -161 -112 -67 -220 -160 -431 -372 l-210 -211 70 -70 c38 -38 73 -70 78 -70 5 0 111 100 236 223 124 123 256 244 292 270 75 53 196 114 284 145 204 69 486 69 690 0 174 -60 305 -147 500 -333 l130 -124 -240 -241 -240 -240 553 0 552 0 0 552 0 553 -240 -240 -240 -239 -137 135 c-76 75 -165 156 -198 180 -169 127 -355 207 -561 243 -109 19 -348 19 -454 0z"/></g></svg>
  <svg x='515' y='469'><g transform="translate(0.198409507087,11.7551245826) scale(0.00984535298844,-0.00974923141752)"><path class="sym-line" fill="black" d="M1070 1184 c-148 -27 -310 -87 -434 -161 -112 -67 -220 -160 -431 -372 l-210 -211 70 -70 c38 -38 73 -70 78 -70 5 0 111 100 236 223 124 123 256 244 292 270 75 53 196 114 284 145 204 69 486 69 690 0 174 -60 305 -147 500 -333 l130 -124 -240 -241 -240 -240 553 0 552 0 0 552 0 553 -240 -240 -240 -239 -137 135 c-76 75 -165 156 -198 180 -169 127 -355 207 -561 243 -109 19 -348 19 -454 0z"/></g></svg>
  <svg x='491' y='468'><g transform="translate(0.169849905175,5.76208528494) scale(0.0097007872376,-0.00950858679199)"><path class="sym-line" fill="black" d="M552 580 c-226 -60 -429 -239 -518 -459 -13 -33 -27 -73 -30 -90 l-6 -31 60 0 61 0 42 83 c54 103 163 217 264 273 205 113 445 113 650 0 101 -56 210 -170 264 -273 l42 -83 61 0 61 0 -7 31 c-22 111 -99 242 -206 349 -99 99 -217 167 -346 200 -105 27 -289 27 -392 0z"/></g></svg>
</svg>