<svg version='1.1' xmlns='http://www.w3.org/2000/svg' width='88' height='119' viewBox='456 441 88 119'>
  <text font-size='0'>M544x560S18557503x510S1855f481x510S2d600510x496S2d618464x494S20500496x496S2fb00494x480S14c27518x463S14c2f456x461S2f800480x441S2f804483x549</text>
  <svg x='503' y='510'><g transform="translate(0.059542940573,26.8017626653) scale(0.00984291035933,-0.00987747758034)"><path class="sym-line" fill="black" d="M146 2560 l-137 -141 175 -180 176 -180 0 -564 c0 -311 4 -565 8 -565 5 0 52 47 105 105 l97 105 0 353 1 352 176 -179 176 -178 138 143 c76 79 138 147 139 150 0 11 -889 914 -903 917 -8 2 -75 -61 -151 -138z M810 1113 c-283 -288 -516 -528 -517 -531 -1 -4 124 -135 277 -292 l280 -285 475 480 c261 264 497 505 524 536 l50 55 -276 282 c-151 155 -280 282 -286 281 -7 0 -244 -237 -527 -526z"/></g></svg>
  <svg x='481' y='510'><g transform="translate(0.130996301548,26.798581355) scale(0.00984089757655,-0.00987042364999)"><path class="sym-line" fill="black" d="M1150 2246 c-245 -250 -445 -458 -445 -463 0 -5 62 -74 137 -153 l137 -143 174 179 174 178 6 -358 6 -358 92 -96 c50 -53 95 -98 100 -100 5 -2 9 235 9 561 l0 564 176 181 176 182 -138 140 c-76 77 -142 140 -148 140 -6 0 -211 -204 -456 -454z M277 1358 l-275 -282 89 -96 c49 -52 285 -293 524 -535 l436 -440 279 285 c154 157 278 288 277 292 -4 13 -1031 1053 -1043 1056 -6 2 -135 -124 -287 -280z"/></g></svg>
  <svg x='510' y='496'><g transform="translate(0.150749190231,11.7548701066) scale(0.00984535298844,-0.00975232896833)"><path class="sym-line" fill="black" d="M1370 1184 c-148 -27 -311 -87 -434 -161 -104 -63 -176 -122 -319 -262 l-137 -135 -240 239 -240 240 0 -553 0 -552 552 0 553 0 -240 240 -240 241 130 124 c195 186 326 273 500 333 204 69 486 69 690 0 88 -31 209 -92 284 -145 36 -26 168 -147 292 -270 125 -123 231 -223 236 -223 5 0 40 32 78 70 l70 70 -210 211 c-211 212 -319 305 -431 372 -128 77 -285 134 -440 161 -109 19 -348 19 -454 0z"/></g></svg>
  <svg x='464' y='494'><g transform="translate(0.198409507087,11.7551245826) scale(0.00984535298844,-0.00974923141752)"><path class="sym-fill" fill="white" d="M2420 475 l-375 -375 378 0 377 0 0 375 c0 206 -1 375 -3 375 -1 0 -171 -169 -377 -375z"/><path class="sym-line" fill="black" d="M1070 1184 c-148 -27 -310 -87 -434 -161 -112 -67 -220 -160 -431 -372 l-210 -211 70 -70 c38 -38 73 -70 78 -70 5 0 111 100 236 223 124 123 256 244 292 270 75 53 196 114 284 145 204 69 486 69 690 0 174 -60 305 -147 500 -333 l130 -124 -240 -241 -240 -240 553 0 552 0 0 552 0 553 -240 -240 -240 -239 -137 135 c-76 75 -165 156 -198 180 -169 127 -355 207 -561 243 -109 19 -348 19 -454 0z m1727 -1081 c-2 -2 -172 -2 -376 -1 l-373 3 373 379 374 379 3 -378 c1 -208 1 -380 -1 -382z"/></g></svg>
  <svg x='496' y='496'><g transform="translate(-0.221878406359,10.7500002304) scale(0.0103429235226,-0.00963778430032)"><path class="sym-line" fill="black" d="M430 895 l0 -205 -37 23 c-21 13 -95 61 -165 105 l-128 82 -36 -71 c-19 -40 -32 -75 -27 -79 4 -3 74 -48 156 -99 81 -51 147 -97 147 -101 0 -4 -66 -50 -147 -101 -82 -51 -152 -96 -156 -99 -5 -4 8 -39 27 -79 l36 -71 128 82 c70 44 144 92 165 105 l37 23 0 -205 0 -205 70 0 70 0 0 205 0 205 38 -23 c20 -13 94 -61 164 -105 l128 -82 36 71 c19 40 32 75 27 79 -4 3 -74 48 -155 99 -82 51 -148 97 -148 101 0 4 66 50 148 101 81 51 151 96 155 99 5 4 -8 39 -27 79 l-36 71 -128 -82 c-70 -44 -144 -92 -164 -105 l-38 -23 0 205 0 205 -70 0 -70 0 0 -205z"/></g></svg>
  <svg x='494' y='480'><g transform="translate(0.169849905175,5.76208528494) scale(0.0097007872376,-0.00950858679199)"><path class="sym-line" fill="black" d="M552 580 c-226 -60 -429 -239 -518 -459 -13 -33 -27 -73 -30 -90 l-6 -31 60 0 61 0 42 83 c54 103 163 217 264 273 205 113 445 113 650 0 101 -56 210 -170 264 -273 l42 -83 61 0 61 0 -7 31 c-22 111 -99 242 -206 349 -99 99 -217 167 -346 200 -105 27 -289 27 -392 0z"/></g></svg>
  <svg x='518' y='463'><g transform="translate(-0.0515628792229,26.8533581039) scale(0.010004854053,-0.00992571299309)"><path class="sym-line" fill="black" d="M1344 2260 l-109 -430 -62 0 -61 0 -254 -266 -253 -266 -3 301 -2 301 -95 0 -95 0 0 -404 0 -404 -127 -134 c-70 -73 -158 -165 -195 -203 l-68 -71 321 -337 c176 -185 324 -337 329 -337 5 0 181 180 391 400 l381 400 454 0 454 0 0 100 0 100 -356 2 -356 3 66 71 66 72 0 60 0 59 328 93 c180 50 361 101 402 113 41 11 77 22 79 23 3 3 -39 185 -44 192 -1 1 -172 -45 -379 -103 -207 -58 -379 -105 -381 -105 -3 0 -5 46 -5 103 l1 102 190 200 c105 110 249 262 320 337 l130 137 -68 72 -69 71 -324 -341 -325 -341 -92 0 c-59 0 -93 4 -93 11 0 6 43 182 96 392 53 210 97 388 98 396 1 9 -28 22 -84 37 -47 13 -88 24 -91 24 -3 0 -55 -193 -115 -430z"/></g></svg>
  <svg x='456' y='461'><g transform="translate(-0.0593713605178,26.8533249356) scale(0.0100033275266,-0.00993004493302)"><path class="sym-line" fill="black" d="M1045 2665 c-53 -15 -80 -27 -79 -36 1 -8 45 -186 98 -396 53 -210 96 -386 96 -392 0 -7 -34 -11 -93 -11 l-92 0 -325 341 -324 342 -69 -72 -68 -72 130 -137 c71 -75 215 -227 320 -337 l190 -200 1 -102 c0 -57 -2 -103 -5 -103 -2 0 -174 47 -381 105 -207 58 -378 104 -379 103 -5 -7 -47 -189 -44 -192 2 -1 38 -12 79 -23 41 -12 222 -63 403 -113 l327 -93 0 -60 0 -60 67 -71 67 -71 -357 -3 -357 -2 0 -100 0 -100 454 0 454 0 382 -400 c209 -220 385 -400 390 -400 5 0 153 152 330 337 l320 337 -68 71 c-38 38 -125 130 -195 203 l-127 134 0 404 0 404 -95 0 -95 0 -2 -301 -3 -301 -253 266 -254 266 -61 0 -62 0 -109 430 c-63 247 -114 430 -120 429 -6 0 -47 -11 -91 -24z"/></g></svg>
  <svg x='480' y='441'><g transform="translate(0.149758714638,10.7522867807) scale(0.00989487676809,-0.00965101211298)"><path class="sym-line" fill="black" d="M1630 1089 c-414 -53 -829 -232 -1140 -492 -94 -79 -489 -476 -490 -492 0 -14 92 -105 106 -105 6 0 85 75 175 168 194 198 287 284 390 363 268 204 611 346 948 393 146 21 416 21 562 0 337 -47 680 -189 948 -393 103 -79 196 -165 390 -364 90 -92 169 -167 176 -167 13 0 105 92 105 105 -1 16 -398 415 -490 492 -315 263 -730 441 -1150 493 -98 12 -435 11 -530 -1z"/></g></svg>
  <svg x='483' y='549'><g transform="translate(0.0,11.0) scale(0.01,-0.01)"><path class="sym-line" fill="black" d="M47 1052 c-26 -26 -47 -52 -47 -57 1 -16 398 -415 490 -492 315 -263 730 -441 1150 -493 109 -13 411 -13 520 0 420 52 835 230 1150 493 94 79 489 476 490 492 0 14 -92 105 -106 105 -6 0 -85 -75 -175 -167 -194 -199 -287 -285 -390 -364 -268 -204 -611 -346 -948 -393 -146 -21 -416 -21 -562 0 -337 47 -680 189 -948 393 -103 79 -196 165 -390 364 -90 92 -169 167 -176 167 -6 0 -32 -22 -58 -48z"/></g></svg>
</svg>