<svg version='1.1' xmlns='http://www.w3.org/2000/svg' width='88' height='89' viewBox='456 456 88 89'>
  <text font-size='0'>M544x545S10050500x456S10058483x456S22b35501x490S24033517x502S24001505x517S22b33478x490S2403b456x502S24019470x517</text>
  <svg x='500' y='456'><g transform="translate(0.0,30.0) scale(0.01,-0.01)"><path class="sym-line" fill="black" d="M0 2250 l0 -750 100 0 100 0 0 750 0 750 -100 0 -100 0 0 -750z M0 650 l0 -650 750 0 750 0 0 650 0 650 -750 0 -750 0 0 -650z"/></g></svg>
  <svg x='483' y='456'><g transform="translate(0.0,30.0) scale(0.01,-0.01)"><path class="sym-line" fill="black" d="M1300 2250 l0 -750 100 0 100 0 0 750 0 750 -100 0 -100 0 0 -750z M0 650 l0 -650 750 0 750 0 0 650 0 650 -750 0 -750 0 0 -650z"/></g></svg>
  <svg x='501' y='490'><g transform="translate(0.0995665585315,20.7060077739) scale(0.0098196233026,-0.00983291001503)"><path class="sym-fill" fill="white" d="M287 1812 l-137 -137 768 -767 767 -767 139 136 139 135 -769 769 -769 769 -138 -138z"/><path class="sym-line" fill="black" d="M497 2022 l-67 -67 769 -770 769 -770 68 73 67 74 -764 764 c-420 420 -766 764 -769 764 -3 0 -36 -30 -73 -68z M75 1600 l-70 -70 768 -768 767 -767 70 70 70 70 -768 768 -767 767 -70 -70z"/></g></svg>
  <svg x='517' y='502'><g transform="translate(0.14921255395,20.7910752967) scale(0.00992218480251,-0.00996610173476)"><path class="sym-fill" fill="white" d="M0 1615 l0 -225 651 -2 652 -3 -369 -441 c-203 -242 -375 -448 -382 -457 -12 -14 2 -35 113 -167 70 -82 131 -152 135 -155 7 -4 1376 1617 1403 1662 7 11 -184 13 -1098 13 l-1105 0 0 -225z"/><path class="sym-line" fill="black" d="M0 1960 l0 -110 1112 -2 1111 -3 -703 -840 c-387 -462 -707 -841 -711 -843 -12 -5 123 -163 135 -159 9 3 1632 1932 1712 2035 l25 32 -1340 0 -1341 0 0 -110z M0 1275 l0 -115 420 0 420 0 -220 -262 -219 -261 63 -76 c35 -41 67 -76 72 -77 7 -2 623 725 742 877 l23 29 -650 0 -651 0 0 -115z"/></g></svg>
  <svg x='505' y='517'><g transform="translate(-0.149215626109,27.8756434139) scale(0.0100003099675,-0.00997113826563)"><path class="sym-fill" fill="white" d="M1788 2107 l-3 -674 -430 364 c-236 201 -446 378 -467 394 l-36 29 -161 -136 c-89 -75 -161 -137 -161 -139 0 -5 1710 -1450 1720 -1453 7 -3 9 396 8 1140 l-3 1143 -232 3 -233 2 -2 -673z"/><path class="sym-line" fill="black" d="M1558 2346 l-3 -434 -260 221 c-143 121 -260 223 -260 227 0 3 63 60 140 125 77 65 149 126 160 136 19 19 4 19 -643 19 l-662 0 0 -555 c0 -305 4 -555 8 -555 4 0 79 60 167 134 l159 134 32 -26 c17 -15 491 -416 1053 -892 562 -476 1026 -867 1031 -868 7 -2 10 492 10 1382 l0 1386 -115 0 -115 0 -2 -1150 -3 -1150 -840 710 c-462 391 -851 722 -864 734 l-23 24 156 133 c87 74 161 135 165 137 5 2 216 -173 470 -388 254 -214 463 -390 466 -390 3 0 5 301 5 670 l0 670 -115 0 -115 0 -2 -434z"/></g></svg>
  <svg x='478' y='490'><g transform="translate(0.151010881047,20.7555925104) scale(0.00983226844767,-0.00985825931631)"><path class="sym-fill" fill="white" d="M905 1180 l-770 -770 138 -137 137 -138 770 770 770 770 -138 138 -137 137 -770 -770z"/><path class="sym-line" fill="black" d="M762 1327 c-419 -419 -762 -766 -762 -772 0 -5 29 -39 65 -75 l65 -65 770 770 770 770 -67 67 c-37 38 -70 68 -73 68 -3 0 -348 -343 -768 -763z M1185 900 l-770 -770 65 -65 c36 -36 70 -65 75 -65 6 0 354 344 775 765 l765 765 -70 70 -70 70 -770 -770z"/></g></svg>
  <svg x='456' y='502'><g transform="translate(-0.0279581968702,20.7910752967) scale(0.0099178815361,-0.00996610173476)"><path class="sym-fill" fill="white" d="M501 1823 c138 -176 1393 -1662 1400 -1658 5 4 66 74 135 156 l126 150 -39 47 c-21 25 -193 231 -382 457 l-343 410 651 3 651 2 0 225 0 225 -1106 0 c-1052 0 -1106 -1 -1093 -17z"/><path class="sym-line" fill="black" d="M48 2033 c127 -158 1699 -2027 1708 -2030 12 -4 147 154 135 159 -4 2 -324 381 -711 843 l-703 840 1111 3 1112 2 0 110 0 110 -1341 0 -1341 0 30 -37z M1412 1373 c8 -10 178 -214 378 -453 200 -239 365 -437 368 -440 4 -5 54 49 112 121 l29 36 -214 256 c-118 141 -215 258 -215 261 0 4 187 6 415 6 l415 0 0 115 0 115 -652 0 c-619 0 -650 -1 -636 -17z"/></g></svg>
  <svg x='470' y='517'><g transform="translate(0.0499969487573,27.8756434139) scale(0.0100003099675,-0.00997113826563)"><path class="sym-fill" fill="white" d="M247 2773 c-10 -9 -9 -2283 1 -2283 6 0 1672 1406 1710 1444 11 11 -16 38 -148 150 l-162 136 -36 -29 c-21 -16 -230 -194 -467 -394 l-430 -365 -3 674 -2 674 -228 0 c-126 0 -232 -3 -235 -7z M1450 2526 c54 -50 874 -738 886 -743 12 -4 14 47 12 373 l-3 379 -455 3 c-387 2 -452 0 -440 -12z"/><path class="sym-line" fill="black" d="M10 1394 c0 -908 3 -1385 10 -1382 5 2 469 392 1031 868 562 476 1036 877 1053 892 l32 26 159 -134 c88 -74 163 -134 167 -134 4 0 8 250 8 555 l0 555 -662 0 c-567 0 -660 -2 -648 -14 8 -8 80 -69 160 -136 80 -68 145 -126 145 -130 0 -4 -117 -107 -260 -228 l-260 -220 -3 434 -2 434 -115 0 -115 0 0 -670 c0 -369 2 -670 6 -670 3 0 210 174 461 386 250 213 461 387 468 388 16 1 324 -256 321 -269 -1 -5 -389 -338 -862 -738 l-859 -728 -3 1151 -2 1150 -115 0 -115 0 0 -1386z m2340 761 c0 -212 -2 -385 -5 -385 -5 0 -845 708 -885 746 l-25 24 458 0 457 0 0 -385z"/></g></svg>
</svg>