<svg version='1.1' xmlns='http://www.w3.org/2000/svg' width='89' height='92' viewBox='456 454 89 92'>
  <text font-size='0'>M545x546S15a5a499x507S37906461x507S10e00476x473S10e02515x531S28a05482x514S37b03456x455S37b03479x455S37b0b467x455S37b0b491x454</text>
  <svg x='499' y='507'><g transform="translate(0.150976194493,11.7516936221) scale(0.00983400277537,-0.00966938010173)"><path class="sym-fill" fill="white" d="M1400 600 l0 -600 150 0 150 0 0 600 0 600 -150 0 -150 0 0 -600z"/><path class="sym-line" fill="black" d="M0 600 l0 -600 700 0 700 0 0 600 0 600 -700 0 -700 0 0 -600z M1700 600 l0 -600 203 0 202 0 300 300 300 300 -300 300 -300 300 -202 0 -203 0 0 -600z"/></g></svg>
  <svg x='461' y='507'><g transform="translate(0.0,2.0) scale(0.01,-0.01)"><path class="sym-line" fill="black" d="M0 100 l0 -100 2000 0 2000 0 0 100 0 100 -2000 0 -2000 0 0 -100z"/></g></svg>
  <svg x='476' y='473'><g transform="translate(0.0,30.0) scale(0.01,-0.01)"><path class="sym-fill" fill="white" d="M200 750 l0 -550 550 0 550 0 0 550 0 550 -550 0 -550 0 0 -550z"/><path class="sym-line" fill="black" d="M1300 2253 l0 -748 -529 529 -529 529 -76 -69 c-42 -38 -76 -71 -76 -74 0 -3 206 -211 457 -462 l458 -458 -503 0 -502 0 0 -750 0 -750 750 0 750 0 0 1500 0 1500 -100 0 -100 0 0 -747z m0 -1503 l0 -550 -550 0 -550 0 0 550 0 550 550 0 550 0 0 -550z"/></g></svg>
  <svg x='515' y='531'><g transform="translate(0.0,15.0) scale(0.01,-0.01)"><path class="sym-fill" fill="white" d="M1700 750 l0 -550 550 0 550 0 0 550 0 550 -550 0 -550 0 0 -550z"/><path class="sym-line" fill="black" d="M0 1400 l0 -100 747 0 748 0 -529 -529 -529 -529 69 -76 c38 -42 71 -76 74 -76 3 0 211 206 462 457 l458 458 0 -503 0 -502 750 0 750 0 0 750 0 750 -1500 0 -1500 0 0 -100z m2800 -650 l0 -550 -550 0 -550 0 0 550 0 550 550 0 550 0 0 -550z"/></g></svg>
  <svg x='482' y='514'><g transform="translate(0.150274728092,29.8703723718) scale(0.00986907609542,-0.00990731162392)"><path class="sym-fill" fill="white" d="M150 2476 c0 -473 2 -535 19 -638 42 -242 125 -435 272 -628 62 -83 187 -208 263 -266 85 -64 227 -143 331 -183 209 -80 292 -91 703 -91 l332 0 0 200 0 200 -314 0 c-339 0 -418 8 -555 55 -279 95 -510 330 -606 617 -49 148 -55 230 -55 766 l0 492 -195 0 -195 0 0 -524z"/><path class="sym-line" fill="black" d="M0 2461 c0 -612 5 -669 79 -891 161 -481 548 -859 1018 -995 172 -50 237 -57 615 -62 l358 -5 2 -248 3 -248 410 420 c226 231 411 425 413 432 1 6 -183 202 -410 435 l-413 423 -3 -251 -2 -251 -238 0 c-415 1 -536 18 -692 102 -214 114 -353 294 -423 547 -19 72 -21 106 -25 604 l-4 527 -74 0 -74 0 0 -452 c0 -494 9 -636 46 -765 111 -382 437 -659 827 -702 53 -6 222 -11 377 -11 l280 0 0 -201 0 -200 -377 4 c-313 3 -391 7 -453 21 -483 113 -859 453 -1018 921 -66 194 -65 185 -69 813 l-4 572 -75 0 -74 0 0 -539z"/></g></svg>
  <svg x='456' y='455'><g transform="translate(-0.317686828344,12.2573476591) scale(0.0104501836903,-0.0104965031273)"><path class="sym-line" fill="black" d="M110 1085 l-65 -65 488 -488 487 -487 67 68 68 67 -485 485 c-267 267 -487 485 -490 485 -3 0 -35 -29 -70 -65z"/></g></svg>
  <svg x='479' y='455'><g transform="translate(-0.317686828344,12.2573476591) scale(0.0104501836903,-0.0104965031273)"><path class="sym-line" fill="black" d="M110 1085 l-65 -65 488 -488 487 -487 67 68 68 67 -485 485 c-267 267 -487 485 -490 485 -3 0 -35 -29 -70 -65z"/></g></svg>
  <svg x='467' y='455'><g transform="translate(-0.317686828344,12.2573476591) scale(0.0104501836903,-0.0104965031273)"><path class="sym-line" fill="black" d="M530 665 l-485 -485 68 -67 67 -68 487 487 488 488 -65 65 c-35 36 -67 65 -70 65 -3 0 -223 -218 -490 -485z"/></g></svg>
  <svg x='491' y='454'><g transform="translate(-0.317686828344,12.2573476591) scale(0.0104501836903,-0.0104965031273)"><path class="sym-line" fill="black" d="M530 665 l-485 -485 68 -67 67 -68 487 487 488 488 -65 65 c-35 36 -67 65 -70 65 -3 0 -223 -218 -490 -485z"/></g></svg>
</svg>