<svg version='1.1' xmlns='http://www.w3.org/2000/svg' width='92' height='93' viewBox='453 454 92 93'>
  <text font-size='0'>M545x547S1ce17518x467S22c04517x495S36d00479x454S20500506x470S20500482x479S20500505x504S1ce1f453x476S20500482x514S22c14466x505S2fd04488x536</text>
  <svg x='518' y='467'><g transform="translate(0.0624176249514,22.8695901698) scale(0.00993655603278,-0.010004384046)"><path class="sym-fill" fill="white" d="M633 1336 c-148 -36 -306 -163 -371 -298 -89 -182 -78 -407 27 -564 78 -116 19 -154 472 306 l400 405 -43 37 c-120 105 -325 153 -485 114z"/><path class="sym-line" fill="black" d="M1760 1801 l-462 -469 -60 48 c-79 64 -175 113 -273 142 -115 33 -298 32 -405 -1 -145 -45 -243 -104 -342 -208 -143 -150 -210 -322 -209 -538 1 -341 209 -629 529 -732 95 -31 256 -41 358 -24 238 42 448 206 556 437 l30 64 474 0 474 0 0 100 0 100 -455 0 -456 0 3 82 3 82 577 191 c317 104 580 193 583 197 7 7 -41 166 -54 181 -4 4 -267 -79 -585 -184 -318 -104 -579 -189 -581 -187 -1 2 -12 21 -23 44 l-21 41 475 483 474 484 -67 68 c-37 37 -71 68 -74 68 -4 0 -215 -211 -469 -469z m-850 -468 c75 -20 180 -77 220 -118 l33 -34 -399 -405 -399 -406 -37 42 c-80 91 -128 229 -128 366 0 380 351 654 710 555z"/></g></svg>
  <svg x='517' y='495'><g transform="translate(0.198426155669,41.6991942039) scale(0.00968892587986,-0.00989303731046)"><path class="sym-fill" fill="white" d="M600 2500 l0 -1700 200 0 200 0 0 1700 0 1700 -200 0 -200 0 0 -1700z"/><path class="sym-line" fill="black" d="M400 2500 l0 -1700 -202 0 -203 0 403 -402 402 -403 402 403 403 402 -203 0 -202 0 0 1700 0 1700 -100 0 -100 0 0 -1700 0 -1700 -200 0 -200 0 0 1700 0 1700 -100 0 -100 0 0 -1700z"/></g></svg>
  <svg x='479' y='454'><g transform="translate(0.0,4.0) scale(0.01,-0.01)"><path class="sym-line" fill="black" d="M0 200 l0 -200 2100 0 2100 0 0 200 0 200 -2100 0 -2100 0 0 -200z"/></g></svg>
  <svg x='506' y='470'><g transform="translate(-0.221878406359,10.7500002304) scale(0.0103429235226,-0.00963778430032)"><path class="sym-line" fill="black" d="M430 895 l0 -205 -37 23 c-21 13 -95 61 -165 105 l-128 82 -36 -71 c-19 -40 -32 -75 -27 -79 4 -3 74 -48 156 -99 81 -51 147 -97 147 -101 0 -4 -66 -50 -147 -101 -82 -51 -152 -96 -156 -99 -5 -4 8 -39 27 -79 l36 -71 128 82 c70 44 144 92 165 105 l37 23 0 -205 0 -205 70 0 70 0 0 205 0 205 38 -23 c20 -13 94 -61 164 -105 l128 -82 36 71 c19 40 32 75 27 79 -4 3 -74 48 -155 99 -82 51 -148 97 -148 101 0 4 66 50 148 101 81 51 151 96 155 99 5 4 -8 39 -27 79 l-36 71 -128 -82 c-70 -44 -144 -92 -164 -105 l-38 -23 0 205 0 205 -70 0 -70 0 0 -205z"/></g></svg>
  <svg x='482' y='479'><g transform="translate(-0.221878406359,10.7500002304) scale(0.0103429235226,-0.00963778430032)"><path class="sym-line" fill="black" d="M430 895 l0 -205 -37 23 c-21 13 -95 61 -165 105 l-128 82 -36 -71 c-19 -40 -32 -75 -27 -79 4 -3 74 -48 156 -99 81 -51 147 -97 147 -101 0 -4 -66 -50 -147 -101 -82 -51 -152 -96 -156 -99 -5 -4 8 -39 27 -79 l36 -71 128 82 c70 44 144 92 165 105 l37 23 0 -205 0 -205 70 0 70 0 0 205 0 205 38 -23 c20 -13 94 -61 164 -105 l128 -82 36 71 c19 40 32 75 27 79 -4 3 -74 48 -155 99 -82 51 -148 97 -148 101 0 4 66 50 148 101 81 51 151 96 155 99 5 4 -8 39 -27 79 l-36 71 -128 -82 c-70 -44 -144 -92 -164 -105 l-38 -23 0 205 0 205 -70 0 -70 0 0 -205z"/></g></svg>
  <svg x='505' y='504'><g transform="translate(-0.221878406359,10.7500002304) scale(0.0103429235226,-0.00963778430032)"><path class="sym-line" fill="black" d="M430 895 l0 -205 -37 23 c-21 13 -95 61 -165 105 l-128 82 -36 -71 c-19 -40 -32 -75 -27 -79 4 -3 74 -48 156 -99 81 -51 147 -97 147 -101 0 -4 -66 -50 -147 -101 -82 -51 -152 -96 -156 -99 -5 -4 8 -39 27 -79 l36 -71 128 82 c70 44 144 92 165 105 l37 23 0 -205 0 -205 70 0 70 0 0 205 0 205 38 -23 c20 -13 94 -61 164 -105 l128 -82 36 71 c19 40 32 75 27 79 -4 3 -74 48 -155 99 -82 51 -148 97 -148 101 0 4 66 50 148 101 81 51 151 96 155 99 5 4 -8 39 -27 79 l-36 71 -128 -82 c-70 -44 -144 -92 -164 -105 l-38 -23 0 205 0 205 -70 0 -70 0 0 -205z"/></g></svg>
  <svg x='453' y='476'><g transform="translate(-0.000458332653033,22.8695901698) scale(0.00993224029441,-0.010004384046)"><path class="sym-fill" fill="white" d="M1806 1334 c-77 -19 -171 -65 -224 -112 l-43 -37 397 -402 c217 -222 399 -403 404 -403 18 0 111 154 131 218 66 212 15 426 -141 583 -143 145 -331 200 -524 153z"/><path class="sym-line" fill="black" d="M397 2202 l-67 -68 474 -483 474 -483 -17 -39 c-10 -22 -20 -42 -23 -45 -4 -3 -266 81 -584 185 -318 105 -581 188 -585 184 -15 -17 -61 -175 -53 -182 5 -5 270 -94 589 -199 l580 -191 -3 -80 -4 -81 -454 0 -454 0 0 -100 0 -100 474 0 474 0 30 -64 c108 -231 314 -392 556 -436 95 -18 262 -8 351 20 297 94 503 347 534 657 40 389 -203 738 -580 834 -89 23 -278 18 -374 -9 -98 -28 -194 -78 -273 -142 l-60 -48 -462 469 c-254 258 -465 469 -469 469 -3 0 -37 -31 -74 -68z m1688 -869 c183 -45 349 -215 400 -409 8 -32 15 -100 15 -151 0 -113 -31 -219 -89 -308 -74 -114 -23 -148 -475 312 l-400 406 45 40 c130 116 316 156 504 110z"/></g></svg>
  <svg x='482' y='514'><g transform="translate(-0.221878406359,10.7500002304) scale(0.0103429235226,-0.00963778430032)"><path class="sym-line" fill="black" d="M430 895 l0 -205 -37 23 c-21 13 -95 61 -165 105 l-128 82 -36 -71 c-19 -40 -32 -75 -27 -79 4 -3 74 -48 156 -99 81 -51 147 -97 147 -101 0 -4 -66 -50 -147 -101 -82 -51 -152 -96 -156 -99 -5 -4 8 -39 27 -79 l36 -71 128 82 c70 44 144 92 165 105 l37 23 0 -205 0 -205 70 0 70 0 0 205 0 205 38 -23 c20 -13 94 -61 164 -105 l128 -82 36 71 c19 40 32 75 27 79 -4 3 -74 48 -155 99 -82 51 -148 97 -148 101 0 4 66 50 148 101 81 51 151 96 155 99 5 4 -8 39 -27 79 l-36 71 -128 -82 c-70 -44 -144 -92 -164 -105 l-38 -23 0 205 0 205 -70 0 -70 0 0 -205z"/></g></svg>
  <svg x='466' y='505'><g transform="translate(0.198426155669,41.6991942039) scale(0.00968892587986,-0.00989303731046)"><path class="sym-fill" fill="white" d="M600 2500 l0 -1700 200 0 200 0 0 1700 0 1700 -200 0 -200 0 0 -1700z M523 423 l277 -278 277 278 278 277 -555 0 -555 0 278 -277z"/><path class="sym-line" fill="black" d="M400 2500 l0 -1700 -202 0 -203 0 403 -402 402 -403 402 403 403 402 -203 0 -202 0 0 1700 0 1700 -100 0 -100 0 0 -1700 0 -1700 -200 0 -200 0 0 1700 0 1700 -100 0 -100 0 0 -1700z m677 -2077 l-277 -278 -277 278 -278 277 555 0 555 0 -278 -277z"/></g></svg>
  <svg x='488' y='536'><g transform="translate(0.179499103211,5.7484375) scale(0.00980544418547,-0.00933333333333)"><path class="sym-line" fill="black" d="M4 569 c22 -111 99 -242 206 -349 151 -151 320 -220 539 -220 137 0 216 17 324 67 l77 36 78 -36 c107 -50 186 -67 323 -67 219 0 388 69 539 220 107 107 184 238 206 349 l6 31 -60 0 -61 0 -42 -82 c-54 -104 -163 -218 -264 -274 -151 -84 -336 -107 -495 -63 -40 11 -77 22 -82 25 -4 3 11 27 34 55 76 88 147 221 165 311 l6 28 -61 0 -61 0 -43 -82 c-46 -88 -158 -218 -188 -218 -30 0 -142 130 -188 218 l-43 82 -61 0 -60 0 5 -28 c18 -90 89 -223 165 -311 23 -28 38 -52 34 -55 -5 -3 -42 -14 -82 -25 -159 -44 -344 -21 -495 63 -101 56 -210 170 -264 274 l-42 82 -61 0 -61 0 7 -31z"/></g></svg>
</svg>