<svg version='1.1' xmlns='http://www.w3.org/2000/svg' width='109' height='93' viewBox='436 482 109 93'>
  <text font-size='0'>M545x575S1dc2e436x551S1dc02451x524S26606485x531S26616471x559S1e102519x523S1e12e505x551S33c00462x482S34500502x483</text>
  <svg x='436' y='551'><g transform="translate(0.0,24.0) scale(0.01,-0.01)"><path class="sym-line" fill="black" d="M2200 1950 l0 -450 -1100 0 -1100 0 0 -100 0 -100 750 0 750 0 0 -650 0 -650 750 0 750 0 0 750 0 750 -300 0 -300 0 0 450 0 450 -100 0 -100 0 0 -450z"/></g></svg>
  <svg x='451' y='524'><g transform="translate(0.0,24.0) scale(0.01,-0.01)"><path class="sym-fill" fill="white" d="M1700 750 l0 -550 550 0 550 0 0 550 0 550 -550 0 -550 0 0 -550z"/><path class="sym-line" fill="black" d="M2200 1950 l0 -450 -1100 0 -1100 0 0 -100 0 -100 750 0 750 0 0 -650 0 -650 750 0 750 0 0 750 0 750 -300 0 -300 0 0 450 0 450 -100 0 -100 0 0 -450z m600 -1200 l0 -550 -550 0 -550 0 0 550 0 550 550 0 550 0 0 -550z"/></g></svg>
  <svg x='485' y='531'><g transform="translate(0.150646944493,15.6976811299) scale(0.00985046527537,-0.00968799012796)"><path class="sym-line" fill="black" d="M2200 1252 l0 -352 -1100 0 -1100 0 0 -100 0 -100 1100 0 1100 0 0 -352 0 -353 402 403 403 402 -403 402 -402 403 0 -353z"/></g></svg>
  <svg x='471' y='559'><g transform="translate(0.150646944493,15.6976811299) scale(0.00985046527537,-0.00968799012796)"><path class="sym-fill" fill="white" d="M2300 800 l0 -555 277 278 278 277 -278 277 -277 278 0 -555z"/><path class="sym-line" fill="black" d="M2200 1252 l0 -352 -1100 0 -1100 0 0 -100 0 -100 1100 0 1100 0 0 -352 0 -353 402 403 403 402 -403 402 -402 403 0 -353z m377 -729 l-277 -278 0 555 0 555 277 -278 278 -277 -278 -277z"/></g></svg>
  <svg x='519' y='523'><g transform="translate(0.0,24.0) scale(0.01,-0.01)"><path class="sym-fill" fill="white" d="M1300 750 l0 -550 550 0 550 0 0 550 0 550 -550 0 -550 0 0 -550z"/><path class="sym-line" fill="black" d="M1700 1950 l0 -450 -850 0 -850 0 0 -400 0 -400 350 0 350 0 0 100 0 100 -250 0 -250 0 0 200 0 200 450 0 450 0 0 -650 0 -650 750 0 750 0 0 750 0 750 -350 0 -350 0 0 450 0 450 -100 0 -100 0 0 -450z m700 -1200 l0 -550 -550 0 -550 0 0 550 0 550 550 0 550 0 0 -550z"/></g></svg>
  <svg x='505' y='551'><g transform="translate(0.0,24.0) scale(0.01,-0.01)"><path class="sym-line" fill="black" d="M1700 1950 l0 -450 -750 0 -750 0 0 200 0 200 250 0 250 0 0 100 0 100 -350 0 -350 0 0 -400 0 -400 550 0 550 0 0 -650 0 -650 750 0 750 0 0 750 0 750 -350 0 -350 0 0 450 0 450 -100 0 -100 0 0 -450z"/></g></svg>
  <svg x='462' y='482'><g transform="translate(0.149874875465,34.7500790925) scale(0.00988906872676,-0.00988956850125)"><path class="sym-line" fill="black" d="M1528 3484 c-592 -92 -1088 -447 -1348 -963 -125 -249 -180 -485 -180 -771 0 -480 183 -911 529 -1242 350 -336 780 -508 1271 -508 451 0 864 150 1193 434 326 281 517 620 591 1051 21 121 21 409 0 530 -43 252 -114 444 -237 639 -282 453 -741 750 -1284 831 -127 19 -413 18 -535 -1z m607 -173 c583 -126 1038 -523 1224 -1069 59 -173 75 -277 75 -492 0 -165 -3 -211 -22 -300 -71 -327 -228 -611 -458 -829 -186 -177 -381 -295 -614 -374 -176 -60 -282 -78 -490 -84 -247 -7 -416 19 -628 97 -549 201 -944 674 -1043 1250 -17 97 -17 383 0 480 99 576 495 1050 1043 1250 105 38 177 58 303 81 143 26 467 21 610 -10z M758 1417 c-60 -100 -119 -201 -133 -224 l-25 -42 43 -25 c24 -14 48 -26 53 -26 5 0 47 63 93 140 46 77 85 140 86 140 1 0 40 -63 86 -140 46 -77 88 -140 93 -140 5 0 29 11 53 25 35 21 41 29 34 43 -62 110 -258 426 -266 429 -6 1 -58 -79 -117 -180z M2713 1588 c-21 -27 -253 -425 -253 -434 0 -10 72 -54 88 -54 5 0 42 55 82 123 40 67 79 130 86 140 11 16 21 3 95 -120 45 -76 84 -140 86 -143 8 -9 98 46 95 59 -4 19 -256 441 -263 441 -4 0 -11 -6 -16 -12z M820 900 l0 -200 55 0 55 0 0 200 0 200 -55 0 -55 0 0 -200z M2670 900 l0 -200 55 0 55 0 0 200 0 200 -55 0 -55 0 0 -200z M1230 875 l0 -75 570 0 570 0 0 75 0 75 -570 0 -570 0 0 -75z"/></g></svg>
  <svg x='502' y='483'><g transform="translate(0.149874875465,34.7500790925) scale(0.00988906872676,-0.00988956850125)"><path class="sym-line" fill="black" d="M1528 3484 c-592 -92 -1088 -447 -1348 -963 -125 -249 -180 -485 -180 -771 0 -480 183 -911 529 -1242 350 -336 780 -508 1271 -508 451 0 864 150 1193 434 326 281 517 620 591 1051 21 121 21 409 0 530 -43 252 -114 444 -237 639 -282 453 -741 750 -1284 831 -127 19 -413 18 -535 -1z m607 -173 c583 -126 1038 -523 1224 -1069 59 -173 75 -277 75 -492 0 -165 -3 -211 -22 -300 -71 -327 -228 -611 -458 -829 -186 -177 -381 -295 -614 -374 -176 -60 -282 -78 -490 -84 -247 -7 -416 19 -628 97 -549 201 -944 674 -1043 1250 -17 97 -17 383 0 480 99 576 495 1050 1043 1250 105 38 177 58 303 81 143 26 467 21 610 -10z M844 1389 c-69 -116 -128 -219 -131 -228 -2 -11 10 -23 36 -38 22 -13 44 -23 49 -23 5 0 47 63 93 139 45 77 86 138 89 136 3 -2 42 -65 86 -139 43 -75 85 -136 92 -136 7 0 31 11 53 26 l40 25 -21 37 c-125 214 -246 412 -252 412 -4 0 -64 -95 -134 -211z M2510 1423 c-58 -97 -118 -198 -133 -224 l-28 -48 44 -25 c24 -14 48 -26 53 -26 6 0 42 55 81 123 40 67 78 130 86 141 13 17 20 7 97 -123 45 -77 87 -141 93 -141 6 0 30 11 54 25 35 21 41 29 34 43 -63 110 -258 426 -266 428 -6 2 -57 -76 -115 -173z M1660 1386 c-119 -33 -235 -123 -283 -219 -114 -223 21 -482 288 -553 65 -18 206 -18 270 0 137 37 243 121 297 235 28 58 31 76 31 151 0 75 -3 93 -31 151 -54 114 -160 198 -297 235 -61 17 -214 17 -275 0z m295 -178 c193 -101 193 -313 0 -416 -45 -24 -61 -27 -155 -27 -90 0 -111 3 -147 23 -187 99 -205 288 -39 400 67 44 97 52 201 48 74 -2 99 -7 140 -28z M920 900 l0 -200 55 0 55 0 0 200 0 200 -55 0 -55 0 0 -200z M2570 900 l0 -200 55 0 55 0 0 200 0 200 -55 0 -55 0 0 -200z"/></g></svg>
</svg>