<svg version='1.1' xmlns='http://www.w3.org/2000/svg' width='95' height='51' viewBox='451 467 95 51'>
  <text font-size='0'>M546x518S2ff00482x483S18540518x488S30e30488x492S22130514x476S22130514x468S22130451x476S22130452x467S18548456x488</text>
  <svg x='482' y='483'><g transform="translate(0.149874875465,34.7500790925) scale(0.00988906872676,-0.00988956850125)"><path class="sym-line" fill="black" d="M1528 3484 c-592 -92 -1088 -447 -1348 -963 -125 -249 -180 -485 -180 -771 0 -480 183 -911 529 -1242 350 -336 780 -508 1271 -508 451 0 864 150 1193 434 326 281 517 620 591 1051 21 121 21 409 0 530 -43 252 -114 444 -237 639 -282 453 -741 750 -1284 831 -127 19 -413 18 -535 -1z m607 -173 c583 -126 1038 -523 1224 -1069 59 -173 75 -277 75 -492 0 -165 -3 -211 -22 -300 -71 -327 -228 -611 -458 -829 -186 -177 -381 -295 -614 -374 -176 -60 -282 -78 -490 -84 -247 -7 -416 19 -628 97 -549 201 -944 674 -1043 1250 -17 97 -17 383 0 480 99 576 495 1050 1043 1250 105 38 177 58 303 81 143 26 467 21 610 -10z"/></g></svg>
  <svg x='518' y='488'><g transform="translate(0.0,15.0) scale(0.01,-0.01)"><path class="sym-fill" fill="white" d="M1810 750 l0 -650 165 0 165 0 0 650 0 650 -165 0 -165 0 0 -650z"/><path class="sym-line" fill="black" d="M0 1300 l0 -200 278 0 277 0 452 -400 c249 -220 455 -400 458 -400 3 0 5 65 5 144 l0 145 -284 253 -284 253 284 3 284 2 0 200 0 200 -735 0 -735 0 0 -200z M1690 750 l0 -750 455 0 455 0 0 750 0 750 -455 0 -455 0 0 -750z m460 0 l0 -650 -170 0 -170 0 0 650 0 650 170 0 170 0 0 -650z"/></g></svg>
  <svg x='488' y='492'><g transform="translate(0.0,8.0) scale(0.01,-0.01)"><path class="sym-line" fill="black" d="M190 750 l0 -50 218 0 217 0 229 -241 229 -240 40 40 40 40 -239 249 -239 250 -247 1 -248 1 0 -50z M1476 548 l-239 -249 40 -40 40 -40 229 240 229 241 218 0 217 0 0 50 0 50 -247 -1 -248 -1 -239 -250z M0 450 l0 -50 238 -1 237 0 190 -200 c104 -109 194 -199 200 -199 6 0 26 16 45 35 l34 35 -94 98 c-52 53 -147 150 -210 215 l-115 117 -262 0 -263 0 0 -50z M1760 383 c-63 -65 -158 -162 -210 -215 l-94 -98 34 -35 c19 -19 39 -35 45 -35 6 0 96 90 200 199 l190 200 238 0 237 1 0 50 0 50 -263 0 -262 0 -115 -117z"/></g></svg>
  <svg x='514' y='476'><g transform="translate(0.13015919731,7.0162115137) scale(0.00988728257331,-0.0100604999865)"><path class="sym-line" fill="black" d="M295 433 c-160 -135 -291 -251 -293 -257 -1 -6 29 -38 68 -70 64 -52 73 -57 88 -44 9 8 113 94 229 192 l212 177 247 -206 c147 -122 252 -204 261 -201 7 3 121 96 253 206 l240 201 246 -206 c147 -122 252 -204 261 -201 7 3 121 96 253 207 l240 201 213 -178 c116 -97 220 -184 229 -192 15 -13 24 -8 88 44 39 32 69 64 68 70 -4 15 -584 504 -598 504 -6 0 -119 -91 -251 -202 -131 -112 -244 -203 -249 -203 -5 0 -118 91 -249 203 -132 111 -245 202 -251 202 -6 0 -119 -91 -251 -203 -131 -111 -244 -202 -249 -202 -5 0 -118 91 -249 203 -132 111 -246 202 -253 201 -7 0 -143 -111 -303 -246z"/></g></svg>
  <svg x='514' y='468'><g transform="translate(0.13015919731,7.0162115137) scale(0.00988728257331,-0.0100604999865)"><path class="sym-line" fill="black" d="M295 433 c-160 -135 -291 -251 -293 -257 -1 -6 29 -38 68 -70 64 -52 73 -57 88 -44 9 8 113 94 229 192 l212 177 247 -206 c147 -122 252 -204 261 -201 7 3 121 96 253 206 l240 201 246 -206 c147 -122 252 -204 261 -201 7 3 121 96 253 207 l240 201 213 -178 c116 -97 220 -184 229 -192 15 -13 24 -8 88 44 39 32 69 64 68 70 -4 15 -584 504 -598 504 -6 0 -119 -91 -251 -202 -131 -112 -244 -203 -249 -203 -5 0 -118 91 -249 203 -132 111 -245 202 -251 202 -6 0 -119 -91 -251 -203 -131 -111 -244 -202 -249 -202 -5 0 -118 91 -249 203 -132 111 -246 202 -253 201 -7 0 -143 -111 -303 -246z"/></g></svg>
  <svg x='451' y='476'><g transform="translate(0.13015919731,7.0162115137) scale(0.00988728257331,-0.0100604999865)"><path class="sym-line" fill="black" d="M295 433 c-160 -135 -291 -251 -293 -257 -1 -6 29 -38 68 -70 64 -52 73 -57 88 -44 9 8 113 94 229 192 l212 177 247 -206 c147 -122 252 -204 261 -201 7 3 121 96 253 206 l240 201 246 -206 c147 -122 252 -204 261 -201 7 3 121 96 253 207 l240 201 213 -178 c116 -97 220 -184 229 -192 15 -13 24 -8 88 44 39 32 69 64 68 70 -4 15 -584 504 -598 504 -6 0 -119 -91 -251 -202 -131 -112 -244 -203 -249 -203 -5 0 -118 91 -249 203 -132 111 -245 202 -251 202 -6 0 -119 -91 -251 -203 -131 -111 -244 -202 -249 -202 -5 0 -118 91 -249 203 -132 111 -246 202 -253 201 -7 0 -143 -111 -303 -246z"/></g></svg>
  <svg x='452' y='467'><g transform="translate(0.13015919731,7.0162115137) scale(0.00988728257331,-0.0100604999865)"><path class="sym-line" fill="black" d="M295 433 c-160 -135 -291 -251 -293 -257 -1 -6 29 -38 68 -70 64 -52 73 -57 88 -44 9 8 113 94 229 192 l212 177 247 -206 c147 -122 252 -204 261 -201 7 3 121 96 253 206 l240 201 246 -206 c147 -122 252 -204 261 -201 7 3 121 96 253 207 l240 201 213 -178 c116 -97 220 -184 229 -192 15 -13 24 -8 88 44 39 32 69 64 68 70 -4 15 -584 504 -598 504 -6 0 -119 -91 -251 -202 -131 -112 -244 -203 -249 -203 -5 0 -118 91 -249 203 -132 111 -245 202 -251 202 -6 0 -119 -91 -251 -203 -131 -111 -244 -202 -249 -202 -5 0 -118 91 -249 203 -132 111 -246 202 -253 201 -7 0 -143 -111 -303 -246z"/></g></svg>
  <svg x='456' y='488'><g transform="translate(0.0,15.0) scale(0.01,-0.01)"><path class="sym-fill" fill="white" d="M450 750 l0 -650 170 0 170 0 0 650 0 650 -170 0 -170 0 0 -650z"/><path class="sym-line" fill="black" d="M0 750 l0 -750 455 0 455 0 0 750 0 750 -455 0 -455 0 0 -750z m790 0 l0 -650 -170 0 -170 0 0 650 0 650 170 0 170 0 0 -650z M1130 1300 l0 -200 283 -2 284 -3 -284 -253 -283 -253 0 -144 c0 -80 2 -145 5 -145 3 0 208 180 457 400 l452 400 278 0 278 0 0 200 0 200 -735 0 -735 0 0 -200z"/></g></svg>
</svg>