<svg version='1.1' xmlns='http://www.w3.org/2000/svg' width='96' height='137' viewBox='452 482 96 137'>
  <text font-size='0'>M548x619S22113524x538S22115471x539S15a07505x553S37706520x617S37706488x617S37706456x617S34c00452x482S35c00483x483S35000512x483S15a01487x552S37c03502x553S37c0b503x553</text>
  <svg x='524' y='538'><g transform="translate(-0.0476479296012,19.0600877117) scale(0.00989349889578,-0.0100536774246)"><path class="sym-line" fill="black" d="M20 1450 l0 -430 440 0 440 0 0 105 0 105 -330 0 -330 0 0 325 0 325 -110 0 -110 0 0 -430z M1030 460 l0 -430 435 0 435 0 0 105 0 105 -323 0 -324 0 -6 127 c-4 71 -7 217 -7 326 l0 197 -105 0 -105 0 0 -430z"/></g></svg>
  <svg x='471' y='539'><g transform="translate(-0.0515667767902,18.9471577776) scale(0.0100547429145,-0.009894063304)"><path class="sym-line" fill="black" d="M1660 1576 l0 -323 -61 -7 c-34 -3 -181 -6 -325 -6 l-264 0 0 -105 0 -105 430 0 430 0 0 435 0 435 -105 0 -105 0 0 -324z M670 570 l0 -330 -325 0 -325 0 0 -110 0 -110 430 0 430 0 0 440 0 440 -105 0 -105 0 0 -330z"/></g></svg>
  <svg x='505' y='553'><g transform="translate(-0.000223836172357,22.7560476437) scale(0.00989189550009,-0.00991168243272)"><path class="sym-fill" fill="white" d="M922 1457 l-622 -622 275 -275 275 -275 625 625 625 625 0 272 0 273 -278 0 -277 0 -623 -623z"/><path class="sym-line" fill="black" d="M740 1555 l-725 -725 415 -415 415 -415 727 727 728 728 0 412 0 413 -418 0 -417 0 -725 -725z m1358 255 l2 -275 -627 -628 -628 -627 -275 275 -275 275 630 630 630 630 270 -2 270 -3 3 -275z"/></g></svg>
  <svg x='520' y='617'><g transform="translate(0.0,2.0) scale(0.01,-0.01)"><path class="sym-line" fill="black" d="M0 100 l0 -100 1250 0 1250 0 0 100 0 100 -1250 0 -1250 0 0 -100z"/></g></svg>
  <svg x='488' y='617'><g transform="translate(0.0,2.0) scale(0.01,-0.01)"><path class="sym-line" fill="black" d="M0 100 l0 -100 1250 0 1250 0 0 100 0 100 -1250 0 -1250 0 0 -100z"/></g></svg>
  <svg x='456' y='617'><g transform="translate(0.0,2.0) scale(0.01,-0.01)"><path class="sym-line" fill="black" d="M0 100 l0 -100 1250 0 1250 0 0 100 0 100 -1250 0 -1250 0 0 -100z"/></g></svg>
  <svg x='452' y='482'><g transform="translate(0.149874875465,34.7500790925) scale(0.00988906872676,-0.00988956850125)"><path class="sym-line" fill="black" d="M1528 3484 c-592 -92 -1088 -447 -1348 -963 -125 -249 -180 -485 -180 -771 0 -480 183 -911 529 -1242 350 -336 780 -508 1271 -508 451 0 864 150 1193 434 326 281 517 620 591 1051 21 121 21 409 0 530 -43 252 -114 444 -237 639 -282 453 -741 750 -1284 831 -127 19 -413 18 -535 -1z m607 -173 c583 -126 1038 -523 1224 -1069 59 -173 75 -277 75 -492 0 -165 -3 -211 -22 -300 -71 -327 -228 -611 -458 -829 -186 -177 -381 -295 -614 -374 -176 -60 -282 -78 -490 -84 -247 -7 -416 19 -628 97 -549 201 -944 674 -1043 1250 -17 97 -17 383 0 480 99 576 495 1050 1043 1250 105 38 177 58 303 81 143 26 467 21 610 -10z M1490 800 l0 -450 310 0 310 0 0 450 0 450 -310 0 -310 0 0 -450z m460 0 l0 -350 -150 0 -150 0 0 350 0 350 150 0 150 0 0 -350z"/></g></svg>
  <svg x='483' y='483'><g transform="translate(0.149874875465,34.7500790925) scale(0.00988906872676,-0.00988956850125)"><path class="sym-line" fill="black" d="M1528 3484 c-592 -92 -1088 -447 -1348 -963 -125 -249 -180 -485 -180 -771 0 -480 183 -911 529 -1242 350 -336 780 -508 1271 -508 451 0 864 150 1193 434 326 281 517 620 591 1051 21 121 21 409 0 530 -43 252 -114 444 -237 639 -282 453 -741 750 -1284 831 -127 19 -413 18 -535 -1z m607 -173 c583 -126 1038 -523 1224 -1069 59 -173 75 -277 75 -492 0 -165 -3 -211 -22 -300 -71 -327 -228 -611 -458 -829 -186 -177 -381 -295 -614 -374 -176 -60 -282 -78 -490 -84 -247 -7 -416 19 -628 97 -549 201 -944 674 -1043 1250 -17 97 -17 383 0 480 99 576 495 1050 1043 1250 105 38 177 58 303 81 143 26 467 21 610 -10z M1650 1481 c-93 -30 -158 -69 -221 -132 -272 -272 -148 -721 230 -833 75 -22 220 -21 291 2 93 30 162 72 225 136 267 274 149 707 -225 828 -74 24 -225 23 -300 -1z m350 -141 c171 -87 251 -314 173 -490 l-18 -41 -75 51 c-96 66 -155 124 -180 175 -17 36 -20 62 -20 198 l0 156 38 -13 c22 -8 58 -24 82 -36z m-280 -115 c0 -134 -3 -161 -19 -193 -25 -48 -98 -117 -186 -177 l-70 -47 -17 39 c-42 97 -39 223 8 321 35 71 114 148 188 183 100 48 96 53 96 -126z"/></g></svg>
  <svg x='512' y='483'><g transform="translate(0.149874875465,34.7500790925) scale(0.00988906872676,-0.00988956850125)"><path class="sym-line" fill="black" d="M1528 3484 c-592 -92 -1088 -447 -1348 -963 -125 -249 -180 -485 -180 -771 0 -480 183 -911 529 -1242 350 -336 780 -508 1271 -508 451 0 864 150 1193 434 326 281 517 620 591 1051 21 121 21 409 0 530 -43 252 -114 444 -237 639 -282 453 -741 750 -1284 831 -127 19 -413 18 -535 -1z m607 -173 c583 -126 1038 -523 1224 -1069 59 -173 75 -277 75 -492 0 -165 -3 -211 -22 -300 -71 -327 -228 -611 -458 -829 -186 -177 -381 -295 -614 -374 -176 -60 -282 -78 -490 -84 -247 -7 -416 19 -628 97 -549 201 -944 674 -1043 1250 -17 97 -17 383 0 480 99 576 495 1050 1043 1250 105 38 177 58 303 81 143 26 467 21 610 -10z M1454 980 c-103 -41 -177 -136 -209 -271 -27 -115 -32 -109 94 -109 l108 0 7 46 c12 89 66 144 141 144 48 0 85 -20 157 -87 33 -30 85 -66 115 -80 50 -23 64 -25 156 -21 113 5 157 21 226 83 59 54 121 200 121 287 l0 29 -107 -3 -107 -3 -8 -42 c-15 -92 -65 -143 -141 -143 -50 0 -94 25 -167 95 -75 72 -119 90 -235 92 -80 2 -110 -1 -151 -17z"/></g></svg>
  <svg x='487' y='552'><g transform="translate(-0.0476493766782,22.899520137) scale(0.00991202148038,-0.00989177505957)"><path class="sym-fill" fill="white" d="M220 1822 l0 -277 623 -623 622 -622 275 275 275 275 -625 625 -625 625 -272 0 -273 0 0 -278z"/><path class="sym-line" fill="black" d="M20 1882 l0 -417 725 -725 725 -725 415 415 415 415 -727 727 -728 728 -412 0 -413 0 0 -418z m1373 -410 l627 -627 -275 -275 -275 -275 -630 630 -630 630 0 266 c0 146 3 269 7 272 3 4 128 7 277 7 l271 0 628 -628z"/></g></svg>
  <svg x='502' y='553'><g transform="translate(0.19916154051,9.70210126134) scale(0.00950383888307,-0.00955366376134)"><path class="sym-line" fill="black" d="M70 925 l-75 -75 428 -428 427 -427 77 78 78 77 -425 425 c-234 234 -427 425 -430 425 -3 0 -39 -34 -80 -75z"/></g></svg>
  <svg x='503' y='553'><g transform="translate(0.19916154051,9.70210126134) scale(0.00950383888307,-0.00955366376134)"><path class="sym-line" fill="black" d="M420 575 l-425 -425 78 -77 77 -78 427 427 428 428 -75 75 c-41 41 -77 75 -80 75 -3 0 -196 -191 -430 -425z"/></g></svg>
</svg>