<svg version='1.1' xmlns='http://www.w3.org/2000/svg' width='96' height='217' viewBox='452 392 96 217'>
  <text font-size='0'>M548x609S15a02476x428S15a1a510x463S27200452x392S37803502x433S37806478x469S20500538x463S15a20476x502S10002486x515S26520485x488S15a40501x560S15a48453x561S22a04501x594S22a14452x593</text>
  <svg x='476' y='428'><g transform="translate(0.198694149149,11.7516936221) scale(0.00983400277537,-0.00966938010173)"><path class="sym-fill" fill="white" d="M485 800 l-200 -200 200 -200 200 -200 907 0 908 0 0 400 0 400 -908 0 -907 0 -200 -200z"/><path class="sym-line" fill="black" d="M295 900 l-300 -300 300 -300 300 -300 1052 0 1053 0 0 600 0 600 -1053 0 -1052 0 -300 -300z m2205 -300 l0 -400 -913 0 -912 0 -200 200 -200 200 200 200 200 200 912 0 913 0 0 -400z"/></g></svg>
  <svg x='510' y='463'><g transform="translate(0.150976194493,11.7516936221) scale(0.00983400277537,-0.00966938010173)"><path class="sym-fill" fill="white" d="M200 400 l0 -200 908 0 907 0 200 200 200 200 -1108 0 -1107 0 0 -200z"/><path class="sym-line" fill="black" d="M0 600 l0 -600 1053 0 1052 0 300 300 300 300 -300 300 -300 300 -1052 0 -1053 0 0 -600z m2225 -200 l-200 -200 -912 0 -913 0 0 200 0 200 1112 0 1113 0 -200 -200z"/></g></svg>
  <svg x='452' y='392'><g transform="translate(0.197637623324,18.7501235081) scale(0.00987613215407,-0.00979036105688)"><path class="sym-line" fill="black" d="M345 1550 l-350 -350 303 0 302 0 0 -350 0 -350 100 0 100 0 0 350 0 350 302 0 303 0 -350 350 c-192 193 -352 350 -355 350 -3 0 -163 -157 -355 -350z M2945 1550 l-350 -350 303 0 302 0 0 -350 0 -350 100 0 100 0 0 350 0 350 302 0 303 0 -350 350 c-192 193 -352 350 -355 350 -3 0 -163 -157 -355 -350z M1900 1450 l0 -350 -302 0 -303 0 353 -352 352 -353 352 353 353 352 -303 0 -302 0 0 350 0 350 -100 0 -100 0 0 -350z M0 100 l0 -100 2000 0 2000 0 0 100 0 100 -2000 0 -2000 0 0 -100z"/></g></svg>
  <svg x='502' y='433'><g transform="translate(-0.966847664685,30.9549291903) scale(0.0106284204702,-0.0106474025028)"><path class="sym-line" fill="black" d="M190 2805 l-85 -85 1305 -1305 c718 -718 1310 -1305 1315 -1305 13 0 165 152 165 165 0 10 -2600 2615 -2610 2615 -3 0 -44 -38 -90 -85z"/></g></svg>
  <svg x='478' y='469'><g transform="translate(0.0,2.0) scale(0.01,-0.01)"><path class="sym-line" fill="black" d="M0 100 l0 -100 1600 0 1600 0 0 100 0 100 -1600 0 -1600 0 0 -100z"/></g></svg>
  <svg x='538' y='463'><g transform="translate(-0.221878406359,10.7500002304) scale(0.0103429235226,-0.00963778430032)"><path class="sym-line" fill="black" d="M430 895 l0 -205 -37 23 c-21 13 -95 61 -165 105 l-128 82 -36 -71 c-19 -40 -32 -75 -27 -79 4 -3 74 -48 156 -99 81 -51 147 -97 147 -101 0 -4 -66 -50 -147 -101 -82 -51 -152 -96 -156 -99 -5 -4 8 -39 27 -79 l36 -71 128 82 c70 44 144 92 165 105 l37 23 0 -205 0 -205 70 0 70 0 0 205 0 205 38 -23 c20 -13 94 -61 164 -105 l128 -82 36 71 c19 40 32 75 27 79 -4 3 -74 48 -155 99 -82 51 -148 97 -148 101 0 4 66 50 148 101 81 51 151 96 155 99 5 4 -8 39 -27 79 l-36 71 -128 -82 c-70 -44 -144 -92 -164 -105 l-38 -23 0 205 0 205 -70 0 -70 0 0 -205z"/></g></svg>
  <svg x='476' y='502'><g transform="translate(0.0,27.0) scale(0.01,-0.01)"><path class="sym-line" fill="black" d="M297 2402 l-297 -297 0 -1053 0 -1052 600 0 600 0 0 1053 0 1052 -298 298 c-163 163 -299 297 -302 297 -3 0 -139 -134 -303 -298z"/></g></svg>
  <svg x='486' y='515'><g transform="translate(0.0,15.0) scale(0.01,-0.01)"><path class="sym-fill" fill="white" d="M1700 750 l0 -550 550 0 550 0 0 550 0 550 -550 0 -550 0 0 -550z"/><path class="sym-line" fill="black" d="M0 1400 l0 -100 750 0 750 0 0 -650 0 -650 750 0 750 0 0 750 0 750 -1500 0 -1500 0 0 -100z m2800 -650 l0 -550 -550 0 -550 0 0 550 0 550 550 0 550 0 0 -550z"/></g></svg>
  <svg x='485' y='488'><g transform="translate(0.199517282911,14.7505211307) scale(0.00964541675618,-0.00973472242044)"><path class="sym-line" fill="black" d="M345 1150 l-350 -350 145 0 144 0 202 207 202 208 209 -207 208 -208 150 0 150 0 -350 350 c-192 193 -352 350 -355 350 -3 0 -163 -157 -355 -350z M600 400 l0 -400 100 0 100 0 0 400 0 400 -100 0 -100 0 0 -400z"/></g></svg>
  <svg x='501' y='560'><g transform="translate(0.0,27.0) scale(0.01,-0.01)"><path class="sym-fill" fill="white" d="M398 2213 l-198 -198 0 -158 0 -157 -100 0 -100 0 0 -150 0 -150 100 0 100 0 0 -600 0 -600 200 0 200 0 0 600 0 600 300 0 300 0 0 150 0 150 -300 0 -300 0 -2 355 -3 355 -197 -197z"/><path class="sym-line" fill="black" d="M297 2402 l-297 -297 0 -203 0 -202 100 0 100 0 0 163 0 162 200 200 200 200 0 -363 0 -362 300 0 300 0 0 203 0 202 -298 298 c-163 163 -299 297 -302 297 -3 0 -139 -134 -303 -298z M0 700 l0 -700 600 0 600 0 0 700 0 700 -300 0 -300 0 0 -600 0 -600 -200 0 -200 0 0 600 0 600 -100 0 -100 0 0 -700z"/></g></svg>
  <svg x='453' y='561'><g transform="translate(0.0,27.0) scale(0.01,-0.01)"><path class="sym-fill" fill="white" d="M600 2057 l0 -357 -300 0 -300 0 0 -150 0 -150 300 0 300 0 0 -600 0 -600 200 0 200 0 0 600 0 600 100 0 100 0 0 150 0 150 -100 0 -100 0 0 158 0 157 -200 200 -200 200 0 -358z"/><path class="sym-line" fill="black" d="M297 2402 l-297 -297 0 -203 0 -202 300 0 300 0 0 362 0 363 200 -200 200 -200 0 -162 0 -163 100 0 100 0 0 203 0 202 -298 298 c-163 163 -299 297 -302 297 -3 0 -139 -134 -303 -298z M0 700 l0 -700 600 0 600 0 0 700 0 700 -100 0 -100 0 0 -600 0 -600 -200 0 -200 0 0 600 0 600 -300 0 -300 0 0 -700z"/></g></svg>
  <svg x='501' y='594'><g transform="translate(0.043463926586,14.7505211307) scale(0.00985915292844,-0.00973472242044)"><path class="sym-fill" fill="white" d="M510 1100 l0 -400 140 0 140 0 0 400 0 400 -140 0 -140 0 0 -400z"/><path class="sym-line" fill="black" d="M330 1100 l0 -400 -159 -2 -160 -3 315 -347 c174 -192 319 -348 324 -348 5 0 150 156 324 348 l315 347 -160 3 -159 2 0 400 0 400 -90 0 -90 0 0 -400 0 -400 -140 0 -140 0 0 400 0 400 -90 0 -90 0 0 -400z"/></g></svg>
  <svg x='452' y='593'><g transform="translate(0.043463926586,14.7505211307) scale(0.00985915292844,-0.00973472242044)"><path class="sym-fill" fill="white" d="M510 1100 l0 -400 140 0 140 0 0 400 0 400 -140 0 -140 0 0 -400z M277 557 c144 -163 368 -407 373 -407 5 0 229 244 373 407 l39 43 -412 0 -412 0 39 -43z"/><path class="sym-line" fill="black" d="M330 1100 l0 -400 -159 -2 -160 -3 315 -347 c174 -192 319 -348 324 -348 5 0 150 156 324 348 l315 347 -160 3 -159 2 0 400 0 400 -90 0 -90 0 0 -400 0 -400 -140 0 -140 0 0 400 0 400 -90 0 -90 0 0 -400z m714 -522 c-82 -96 -388 -428 -394 -428 -6 0 -312 332 -394 428 l-19 22 413 0 413 0 -19 -22z"/></g></svg>
</svg>