<svg version='1.1' xmlns='http://www.w3.org/2000/svg' width='107' height='164' viewBox='442 471 107 164'>
  <text font-size='0'>M549x635S20300467x599S20300521x599S10000524x527S10008460x527S22b00517x562S22b04533x565S22b10442x560S22b14456x562S22b10470x560S2f804476x624S2f804495x624S33b00482x471S2ff10482x501S34310493x515</text>
  <svg x='467' y='599'><g transform="translate(0.0,15.0) scale(0.01,-0.01)"><path class="sym-fill" fill="white" d="M200 750 l0 -550 550 0 550 0 0 550 0 550 -550 0 -550 0 0 -550z"/><path class="sym-line" fill="black" d="M0 750 l0 -750 750 0 750 0 0 750 0 750 -750 0 -750 0 0 -750z m1300 0 l0 -550 -550 0 -550 0 0 550 0 550 550 0 550 0 0 -550z"/></g></svg>
  <svg x='521' y='599'><g transform="translate(0.0,15.0) scale(0.01,-0.01)"><path class="sym-fill" fill="white" d="M200 750 l0 -550 550 0 550 0 0 550 0 550 -550 0 -550 0 0 -550z"/><path class="sym-line" fill="black" d="M0 750 l0 -750 750 0 750 0 0 750 0 750 -750 0 -750 0 0 -750z m1300 0 l0 -550 -550 0 -550 0 0 550 0 550 550 0 550 0 0 -550z"/></g></svg>
  <svg x='524' y='527'><g transform="translate(0.0,30.0) scale(0.01,-0.01)"><path class="sym-fill" fill="white" d="M200 750 l0 -550 550 0 550 0 0 550 0 550 -550 0 -550 0 0 -550z"/><path class="sym-line" fill="black" d="M1300 2250 l0 -750 -650 0 -650 0 0 -750 0 -750 750 0 750 0 0 1500 0 1500 -100 0 -100 0 0 -750z m0 -1500 l0 -550 -550 0 -550 0 0 550 0 550 550 0 550 0 0 -550z"/></g></svg>
  <svg x='460' y='527'><g transform="translate(0.0,30.0) scale(0.01,-0.01)"><path class="sym-fill" fill="white" d="M200 750 l0 -550 550 0 550 0 0 550 0 550 -550 0 -550 0 0 -550z"/><path class="sym-line" fill="black" d="M0 1500 l0 -1500 750 0 750 0 0 750 0 750 -650 0 -650 0 0 750 0 750 -100 0 -100 0 0 -1500z m1300 -750 l0 -550 -550 0 -550 0 0 550 0 550 550 0 550 0 0 -550z"/></g></svg>
  <svg x='517' y='562'><g transform="translate(0.198426155669,29.7519795905) scale(0.00968892587986,-0.00986784736349)"><path class="sym-fill" fill="white" d="M600 1100 l0 -1100 200 0 200 0 0 1100 0 1100 -200 0 -200 0 0 -1100z"/><path class="sym-line" fill="black" d="M395 2600 l-400 -400 203 0 202 0 0 -1100 0 -1100 100 0 100 0 0 1100 0 1100 200 0 200 0 0 -1100 0 -1100 100 0 100 0 0 1100 0 1100 202 0 203 0 -400 400 c-220 220 -402 400 -405 400 -3 0 -185 -180 -405 -400z"/></g></svg>
  <svg x='533' y='565'><g transform="translate(0.198426155669,29.702611239) scale(0.00968892587986,-0.00985139124633)"><path class="sym-fill" fill="white" d="M600 1900 l0 -1100 200 0 200 0 0 1100 0 1100 -200 0 -200 0 0 -1100z"/><path class="sym-line" fill="black" d="M400 1900 l0 -1100 -202 0 -203 0 403 -402 402 -403 402 403 403 402 -203 0 -202 0 0 1100 0 1100 -100 0 -100 0 0 -1100 0 -1100 -200 0 -200 0 0 1100 0 1100 -100 0 -100 0 0 -1100z"/></g></svg>
  <svg x='442' y='560'><g transform="translate(0.198426155669,29.7519795905) scale(0.00968892587986,-0.00986784736349)"><path class="sym-fill" fill="white" d="M520 2575 l-275 -275 555 0 555 0 -275 275 c-151 151 -277 275 -280 275 -3 0 -129 -124 -280 -275z M600 1100 l0 -1100 200 0 200 0 0 1100 0 1100 -200 0 -200 0 0 -1100z"/><path class="sym-line" fill="black" d="M395 2600 l-400 -400 203 0 202 0 0 -1100 0 -1100 100 0 100 0 0 1100 0 1100 200 0 200 0 0 -1100 0 -1100 100 0 100 0 0 1100 0 1100 202 0 203 0 -400 400 c-220 220 -402 400 -405 400 -3 0 -185 -180 -405 -400z m685 -25 l275 -275 -555 0 -555 0 275 275 c151 151 277 275 280 275 3 0 129 -124 280 -275z"/></g></svg>
  <svg x='456' y='562'><g transform="translate(0.198426155669,29.702611239) scale(0.00968892587986,-0.00985139124633)"><path class="sym-fill" fill="white" d="M600 1900 l0 -1100 200 0 200 0 0 1100 0 1100 -200 0 -200 0 0 -1100z M523 423 l277 -278 277 278 278 277 -555 0 -555 0 278 -277z"/><path class="sym-line" fill="black" d="M400 1900 l0 -1100 -202 0 -203 0 403 -402 402 -403 402 403 403 402 -203 0 -202 0 0 1100 0 1100 -100 0 -100 0 0 -1100 0 -1100 -200 0 -200 0 0 1100 0 1100 -100 0 -100 0 0 -1100z m677 -1477 l-277 -278 -277 278 -278 277 555 0 555 0 -278 -277z"/></g></svg>
  <svg x='470' y='560'><g transform="translate(0.198426155669,29.7519795905) scale(0.00968892587986,-0.00986784736349)"><path class="sym-fill" fill="white" d="M520 2575 l-275 -275 555 0 555 0 -275 275 c-151 151 -277 275 -280 275 -3 0 -129 -124 -280 -275z M600 1100 l0 -1100 200 0 200 0 0 1100 0 1100 -200 0 -200 0 0 -1100z"/><path class="sym-line" fill="black" d="M395 2600 l-400 -400 203 0 202 0 0 -1100 0 -1100 100 0 100 0 0 1100 0 1100 200 0 200 0 0 -1100 0 -1100 100 0 100 0 0 1100 0 1100 202 0 203 0 -400 400 c-220 220 -402 400 -405 400 -3 0 -185 -180 -405 -400z m685 -25 l275 -275 -555 0 -555 0 275 275 c151 151 277 275 280 275 3 0 129 -124 280 -275z"/></g></svg>
  <svg x='476' y='624'><g transform="translate(0.0,11.0) scale(0.01,-0.01)"><path class="sym-line" fill="black" d="M47 1052 c-26 -26 -47 -52 -47 -57 1 -16 398 -415 490 -492 315 -263 730 -441 1150 -493 109 -13 411 -13 520 0 420 52 835 230 1150 493 94 79 489 476 490 492 0 14 -92 105 -106 105 -6 0 -85 -75 -175 -167 -194 -199 -287 -285 -390 -364 -268 -204 -611 -346 -948 -393 -146 -21 -416 -21 -562 0 -337 47 -680 189 -948 393 -103 79 -196 165 -390 364 -90 92 -169 167 -176 167 -6 0 -32 -22 -58 -48z"/></g></svg>
  <svg x='495' y='624'><g transform="translate(0.0,11.0) scale(0.01,-0.01)"><path class="sym-line" fill="black" d="M47 1052 c-26 -26 -47 -52 -47 -57 1 -16 398 -415 490 -492 315 -263 730 -441 1150 -493 109 -13 411 -13 520 0 420 52 835 230 1150 493 94 79 489 476 490 492 0 14 -92 105 -106 105 -6 0 -85 -75 -175 -167 -194 -199 -287 -285 -390 -364 -268 -204 -611 -346 -948 -393 -146 -21 -416 -21 -562 0 -337 47 -680 189 -948 393 -103 79 -196 165 -390 364 -90 92 -169 167 -176 167 -6 0 -32 -22 -58 -48z"/></g></svg>
  <svg x='482' y='471'><g transform="translate(0.149874875465,34.7500790925) scale(0.00988906872676,-0.00988956850125)"><path class="sym-line" fill="black" d="M1528 3484 c-592 -92 -1088 -447 -1348 -963 -125 -249 -180 -485 -180 -771 0 -480 183 -911 529 -1242 350 -336 780 -508 1271 -508 451 0 864 150 1193 434 326 281 517 620 591 1051 21 121 21 409 0 530 -43 252 -114 444 -237 639 -282 453 -741 750 -1284 831 -127 19 -413 18 -535 -1z m607 -173 c583 -126 1038 -523 1224 -1069 59 -173 75 -277 75 -492 0 -165 -3 -211 -22 -300 -71 -327 -228 -611 -458 -829 -186 -177 -381 -295 -614 -374 -176 -60 -282 -78 -490 -84 -247 -7 -416 19 -628 97 -549 201 -944 674 -1043 1250 -17 97 -17 383 0 480 99 576 495 1050 1043 1250 105 38 177 58 303 81 143 26 467 21 610 -10z M1020 875 l0 -75 780 0 780 0 0 75 0 75 -780 0 -780 0 0 -75z"/></g></svg>
  <svg x='482' y='501'><g transform="translate(0.161768798498,28.7483836208) scale(0.00988693497871,-0.00986205038648)"><path class="sym-line" fill="black" d="M389 2842 c-170 -211 -296 -471 -353 -727 -57 -258 -48 -567 23 -825 118 -427 407 -801 801 -1037 281 -168 596 -253 940 -253 451 0 864 150 1193 434 326 281 517 620 591 1051 20 114 21 396 2 520 -46 300 -166 571 -360 817 -33 43 -65 78 -70 78 -12 0 -116 -89 -116 -99 0 -4 23 -37 52 -72 183 -228 299 -501 339 -797 16 -125 6 -357 -21 -487 -81 -386 -300 -727 -617 -961 -190 -141 -417 -243 -658 -294 -142 -31 -430 -39 -575 -16 -419 67 -771 262 -1028 570 -449 539 -494 1272 -115 1855 30 47 75 109 99 138 24 28 44 56 44 61 0 13 -101 102 -115 101 -5 0 -31 -26 -56 -57z"/></g></svg>
  <svg x='493' y='515'><g transform="translate(0.0513286356622,5.76112244942) scale(0.00986502748829,-0.00948620094263)"><path class="sym-line" fill="black" d="M599 586 c-170 -47 -350 -189 -477 -377 -44 -66 -112 -189 -112 -204 0 -3 333 -5 740 -5 407 0 740 2 740 5 0 14 -57 117 -105 190 -129 198 -310 344 -488 391 -64 17 -236 17 -298 0z m271 -157 c99 -22 190 -78 282 -170 49 -48 88 -92 88 -98 0 -8 -145 -11 -490 -11 -345 0 -490 3 -490 11 0 6 39 50 88 97 131 131 239 180 397 181 44 0 100 -4 125 -10z"/></g></svg>
</svg>