<svg version='1.1' xmlns='http://www.w3.org/2000/svg' width='115' height='153' viewBox='434 424 115 153'>
  <text font-size='0'>M549x577S36d00479x424S20320472x436S20320489x436S22a04491x456S20334490x476S20350475x562S20350492x562S26507510x544S26511461x544S14c57523x517S14c5f434x517</text>
  <svg x='479' y='424'><g transform="translate(0.0,4.0) scale(0.01,-0.01)"><path class="sym-line" fill="black" d="M0 200 l0 -200 2100 0 2100 0 0 200 0 200 -2100 0 -2100 0 0 -200z"/></g></svg>
  <svg x='472' y='436'><g transform="translate(0.0,15.0) scale(0.01,-0.01)"><path class="sym-line" fill="black" d="M0 750 l0 -750 750 0 750 0 0 750 0 750 -750 0 -750 0 0 -750z"/></g></svg>
  <svg x='489' y='436'><g transform="translate(0.0,15.0) scale(0.01,-0.01)"><path class="sym-line" fill="black" d="M0 750 l0 -750 750 0 750 0 0 750 0 750 -750 0 -750 0 0 -750z"/></g></svg>
  <svg x='491' y='456'><g transform="translate(0.043463926586,14.7505211307) scale(0.00985915292844,-0.00973472242044)"><path class="sym-fill" fill="white" d="M510 1100 l0 -400 140 0 140 0 0 400 0 400 -140 0 -140 0 0 -400z"/><path class="sym-line" fill="black" d="M330 1100 l0 -400 -159 -2 -160 -3 315 -347 c174 -192 319 -348 324 -348 5 0 150 156 324 348 l315 347 -160 3 -159 2 0 400 0 400 -90 0 -90 0 0 -400 0 -400 -140 0 -140 0 0 400 0 400 -90 0 -90 0 0 -400z"/></g></svg>
  <svg x='490' y='476'><g transform="translate(0.0,15.0) scale(0.01,-0.01)"><path class="sym-fill" fill="white" d="M200 1000 l0 -300 -100 0 -100 0 0 -150 0 -150 100 0 100 0 0 -100 0 -100 550 0 550 0 0 100 0 100 100 0 100 0 0 150 0 150 -100 0 -100 0 0 300 0 300 -550 0 -550 0 0 -300z"/><path class="sym-line" fill="black" d="M0 1100 l0 -400 100 0 100 0 0 300 0 300 550 0 550 0 0 -300 0 -300 100 0 100 0 0 400 0 400 -750 0 -750 0 0 -400z M0 200 l0 -200 750 0 750 0 0 200 0 200 -100 0 -100 0 0 -100 0 -100 -550 0 -550 0 0 100 0 100 -100 0 -100 0 0 -200z"/></g></svg>
  <svg x='475' y='562'><g transform="translate(0.0,15.0) scale(0.01,-0.01)"><path class="sym-fill" fill="white" d="M0 950 l0 -150 750 0 750 0 0 150 0 150 -750 0 -750 0 0 -150z"/><path class="sym-line" fill="black" d="M0 1300 l0 -200 750 0 750 0 0 200 0 200 -750 0 -750 0 0 -200z M0 400 l0 -400 750 0 750 0 0 400 0 400 -750 0 -750 0 0 -400z"/></g></svg>
  <svg x='492' y='562'><g transform="translate(0.0,15.0) scale(0.01,-0.01)"><path class="sym-fill" fill="white" d="M0 950 l0 -150 750 0 750 0 0 150 0 150 -750 0 -750 0 0 -150z"/><path class="sym-line" fill="black" d="M0 1300 l0 -200 750 0 750 0 0 200 0 200 -750 0 -750 0 0 -200z M0 400 l0 -400 750 0 750 0 0 400 0 400 -750 0 -750 0 0 -400z"/></g></svg>
  <svg x='510' y='544'><g transform="translate(-0.0990227783968,12.7676076804) scale(0.00988294432064,-0.00992219549537)"><path class="sym-line" fill="black" d="M420 1035 l235 -235 -315 -315 -315 -315 85 -85 85 -85 315 315 315 315 237 -237 238 -238 0 558 0 557 -557 0 -558 0 235 -235z"/></g></svg>
  <svg x='461' y='544'><g transform="translate(-0.146131080007,12.9974802419) scale(0.00991877655743,-0.00988387903225)"><path class="sym-fill" fill="white" d="M140 825 c0 -195 3 -355 8 -355 4 0 167 160 362 355 l355 355 -363 0 -362 0 0 -355z"/><path class="sym-line" fill="black" d="M30 743 l0 -558 235 235 235 235 315 -315 315 -315 85 85 85 85 -315 315 -315 315 237 237 238 238 -558 0 -557 0 0 -557z m830 434 c0 -1 -162 -164 -360 -362 l-360 -360 0 363 0 362 360 0 c198 0 360 -1 360 -3z"/></g></svg>
  <svg x='523' y='517'><g transform="translate(-0.0515626425162,26.8533581039) scale(0.0100018242071,-0.00992571299309)"><path class="sym-line" fill="black" d="M1357 2313 c-54 -208 -100 -388 -103 -400 -6 -23 -5 -23 94 -23 l100 0 16 63 c50 191 168 664 170 676 1 9 -28 21 -84 37 -47 13 -88 24 -91 24 -3 0 -49 -170 -102 -377z M1997 2222 c-152 -160 -277 -293 -277 -296 0 -3 29 -6 65 -6 l64 0 3 -68 3 -68 185 194 c102 106 227 238 278 292 l93 99 -68 72 -68 71 -278 -290z M410 1559 c0 -187 3 -339 8 -337 4 2 46 44 95 94 l87 90 0 247 0 247 -95 0 -95 0 0 -341z M639 1333 c-260 -274 -506 -532 -546 -574 l-73 -75 321 -337 c176 -185 325 -337 330 -337 5 0 254 258 554 573 l545 572 0 338 0 337 -329 0 -329 0 -473 -497z M2220 1614 c-162 -46 -312 -89 -332 -94 l-38 -11 0 -105 c0 -81 3 -105 13 -102 6 3 170 49 362 103 193 54 352 100 354 101 8 6 -44 194 -53 193 -6 -1 -144 -39 -306 -85z M1669 933 c-41 -43 -83 -88 -93 -100 l-19 -23 396 0 397 0 0 100 0 100 -303 0 -302 0 -76 -77z"/></g></svg>
  <svg x='434' y='517'><g transform="translate(-0.0554674755118,26.8844421949) scale(0.0100018126054,-0.00994152334566)"><path class="sym-line" fill="black" d="M1045 2665 c-53 -15 -80 -27 -79 -36 2 -12 120 -484 170 -676 l16 -63 100 0 c99 0 100 0 94 23 -3 12 -49 192 -102 400 -55 214 -102 377 -108 376 -6 0 -47 -11 -91 -24z M256 2439 l-67 -70 93 -99 c51 -54 176 -186 278 -292 l185 -194 3 68 3 68 64 0 c36 0 65 3 65 6 0 5 -550 584 -555 584 -1 0 -33 -32 -69 -71z M2000 1653 l0 -247 88 -90 c48 -50 90 -92 95 -94 4 -2 7 150 7 337 l0 341 -95 0 -95 0 0 -247z M830 1493 l0 -338 543 -569 c298 -313 547 -571 553 -573 7 -2 156 148 333 333 l321 338 -73 75 c-40 42 -286 300 -546 574 l-473 497 -329 0 -329 0 0 -337z M41 1604 c-13 -52 -22 -96 -20 -98 2 -1 162 -47 354 -101 193 -54 356 -100 363 -102 9 -4 12 20 12 100 l0 106 -52 15 c-93 26 -628 176 -631 176 -2 0 -13 -43 -26 -96z M250 910 l0 -100 397 0 396 0 -19 23 c-10 12 -52 57 -93 100 l-76 77 -302 0 -303 0 0 -100z"/></g></svg>
</svg>