<svg version='1.1' xmlns='http://www.w3.org/2000/svg' width='101' height='104' viewBox='448 482 101 104'>
  <text font-size='0'>M549x586S37100475x539S15a58535x503S15a58451x503S26810448x536S26800533x535S34300482x482S30a40504x487S30a50486x487S31a40500x495S31a40490x495</text>
  <svg x='475' y='539'><g transform="translate(0.149256125502,10.7579371025) scale(0.0099200062249,-0.00971470013478)"><path class="sym-line" fill="black" d="M4645 1081 c-92 -41 -145 -126 -145 -231 0 -109 60 -199 156 -236 l44 -17 0 -298 0 -299 50 0 50 0 0 299 0 298 44 17 c96 37 156 127 156 236 0 105 -53 190 -145 231 -54 25 -156 25 -210 0z M0 400 l0 -200 2100 0 2100 0 0 200 0 200 -2100 0 -2100 0 0 -200z"/></g></svg>
  <svg x='535' y='503'><g transform="translate(0.0,27.0) scale(0.01,-0.01)"><path class="sym-fill" fill="white" d="M0 1550 l0 -150 600 0 600 0 0 150 0 150 -600 0 -600 0 0 -150z"/><path class="sym-line" fill="black" d="M297 2402 l-297 -297 0 -203 0 -202 600 0 600 0 0 203 0 202 -298 298 c-163 163 -299 297 -302 297 -3 0 -139 -134 -303 -298z M0 700 l0 -700 600 0 600 0 0 700 0 700 -600 0 -600 0 0 -700z"/></g></svg>
  <svg x='451' y='503'><g transform="translate(0.0,27.0) scale(0.01,-0.01)"><path class="sym-fill" fill="white" d="M0 1550 l0 -150 600 0 600 0 0 150 0 150 -600 0 -600 0 0 -150z"/><path class="sym-line" fill="black" d="M297 2402 l-297 -297 0 -203 0 -202 600 0 600 0 0 203 0 202 -298 298 c-163 163 -299 297 -302 297 -3 0 -139 -134 -303 -298z M0 700 l0 -700 600 0 600 0 0 700 0 700 -600 0 -600 0 0 -700z"/></g></svg>
  <svg x='448' y='536'><g transform="translate(0.198426155669,49.751687713) scale(0.00968892587986,-0.00992065004259)"><path class="sym-fill" fill="white" d="M520 4575 l-275 -275 555 0 555 0 -275 275 c-151 151 -277 275 -280 275 -3 0 -129 -124 -280 -275z"/><path class="sym-line" fill="black" d="M395 4600 l-400 -400 353 0 352 0 0 -2100 0 -2100 100 0 100 0 0 2100 0 2100 352 0 353 0 -400 400 c-220 220 -402 400 -405 400 -3 0 -185 -180 -405 -400z m685 -25 l275 -275 -555 0 -555 0 275 275 c151 151 277 275 280 275 3 0 129 -124 280 -275z"/></g></svg>
  <svg x='533' y='535'><g transform="translate(0.198426155669,49.751687713) scale(0.00968892587986,-0.00992065004259)"><path class="sym-line" fill="black" d="M395 4600 l-400 -400 353 0 352 0 0 -2100 0 -2100 100 0 100 0 0 2100 0 2100 352 0 353 0 -400 400 c-220 220 -402 400 -405 400 -3 0 -185 -180 -405 -400z"/></g></svg>
  <svg x='482' y='482'><g transform="translate(0.149874875465,34.7500790925) scale(0.00988906872676,-0.00988956850125)"><path class="sym-line" fill="black" d="M1528 3484 c-592 -92 -1088 -447 -1348 -963 -125 -249 -180 -485 -180 -771 0 -480 183 -911 529 -1242 350 -336 780 -508 1271 -508 451 0 864 150 1193 434 326 281 517 620 591 1051 21 121 21 409 0 530 -43 252 -114 444 -237 639 -282 453 -741 750 -1284 831 -127 19 -413 18 -535 -1z m607 -173 c583 -126 1038 -523 1224 -1069 59 -173 75 -277 75 -492 0 -165 -3 -211 -22 -300 -71 -327 -228 -611 -458 -829 -186 -177 -381 -295 -614 -374 -176 -60 -282 -78 -490 -84 -247 -7 -416 19 -628 97 -549 201 -944 674 -1043 1250 -17 97 -17 383 0 480 99 576 495 1050 1043 1250 105 38 177 58 303 81 143 26 467 21 610 -10z M1625 1185 c-244 -53 -483 -242 -653 -517 l-41 -68 869 0 870 0 -41 67 c-166 271 -388 450 -636 514 -90 23 -273 25 -368 4z m349 -165 c121 -31 226 -91 325 -187 l86 -82 -585 0 -585 0 86 82 c99 94 207 157 321 187 100 26 250 26 352 0z"/></g></svg>
  <svg x='504' y='487'><g transform="translate(0.198890105016,9.70210126134) scale(0.0095146624791,-0.00955366376134)"><path class="sym-line" fill="black" d="M257 962 l-37 -37 353 -353 353 -352 39 40 39 40 -349 350 c-193 193 -352 350 -355 350 -3 0 -23 -17 -43 -38z M35 740 l-40 -40 353 -353 352 -352 40 40 40 40 -353 353 -353 352 -39 -40z"/></g></svg>
  <svg x='486' y='487'><g transform="translate(0.186602600109,9.70210126134) scale(0.0095146624791,-0.00955366376134)"><path class="sym-line" fill="black" d="M345 650 l-349 -350 39 -40 39 -40 353 352 353 353 -37 37 c-20 21 -40 38 -43 38 -3 0 -162 -157 -355 -350z M572 427 l-352 -353 40 -39 40 -40 353 353 352 352 -40 40 -40 40 -353 -353z"/></g></svg>
  <svg x='500' y='495'><g transform="translate(0.145459417632,7.7569354617) scale(0.00951442013667,-0.00959794917003)"><path class="sym-line" fill="black" d="M275 784 c-126 -44 -218 -136 -258 -258 -22 -64 -22 -188 0 -252 56 -169 203 -274 383 -274 180 0 327 105 383 274 22 64 22 188 0 252 -41 122 -134 216 -257 257 -61 21 -195 21 -251 1z m240 -152 c47 -24 95 -73 121 -122 26 -49 26 -171 0 -220 -26 -49 -74 -98 -121 -123 -31 -17 -58 -22 -115 -22 -85 0 -133 20 -186 77 -54 57 -69 95 -69 178 0 83 15 121 69 178 31 34 70 58 116 73 41 14 142 3 185 -19z"/></g></svg>
  <svg x='490' y='495'><g transform="translate(0.145459417632,7.7569354617) scale(0.00951442013667,-0.00959794917003)"><path class="sym-line" fill="black" d="M275 784 c-126 -44 -218 -136 -258 -258 -22 -64 -22 -188 0 -252 56 -169 203 -274 383 -274 180 0 327 105 383 274 22 64 22 188 0 252 -41 122 -134 216 -257 257 -61 21 -195 21 -251 1z m240 -152 c47 -24 95 -73 121 -122 26 -49 26 -171 0 -220 -26 -49 -74 -98 -121 -123 -31 -17 -58 -22 -115 -22 -85 0 -133 20 -186 77 -54 57 -69 95 -69 178 0 83 15 121 69 178 31 34 70 58 116 73 41 14 142 3 185 -19z"/></g></svg>
</svg>