<svg version='1.1' xmlns='http://www.w3.org/2000/svg' width='100' height='81' viewBox='449 482 100 81'>
  <text font-size='0'>M549x563S1fb20449x542S19220467x540S1de01489x531S12d01506x533S1fb20534x544S2f700498x523S2f900538x535S36100482x482</text>
  <svg x='449' y='542'><g transform="translate(0.0,19.0) scale(0.01,-0.01)"><path class="sym-line" fill="black" d="M300 1700 l0 -200 -150 0 -150 0 0 -750 0 -750 750 0 750 0 0 750 0 750 -400 0 -400 0 0 200 0 200 -200 0 -200 0 0 -200z"/></g></svg>
  <svg x='467' y='540'><g transform="translate(0.151301014747,18.749322358) scale(0.00981776176264,-0.00979417818707)"><path class="sym-line" fill="black" d="M1560 1665 l-245 -235 -657 0 -658 0 0 -715 0 -715 750 0 750 0 0 528 0 527 300 284 c166 157 299 290 298 296 -4 16 -270 265 -283 264 -5 0 -120 -105 -255 -234z"/></g></svg>
  <svg x='489' y='531'><g transform="translate(0.0826909694211,29.8972374025) scale(0.00988888910488,-0.00991626663417)"><path class="sym-fill" fill="white" d="M763 1370 l-353 -363 70 -76 c39 -42 197 -206 353 -365 l282 -289 353 363 352 362 -80 86 c-44 48 -203 212 -353 366 l-272 278 -352 -362z"/><path class="sym-line" fill="black" d="M76 2931 l-69 -69 486 -498 485 -498 -371 -381 c-204 -209 -393 -403 -419 -431 l-49 -51 481 -494 c264 -272 487 -494 495 -494 8 0 231 222 495 494 l480 493 -100 108 -100 108 0 511 0 511 -95 0 -95 0 -2 -414 -3 -413 -682 701 c-375 385 -724 743 -775 794 l-93 92 -69 -69z m1394 -1560 c190 -194 345 -359 345 -366 0 -16 -684 -720 -700 -720 -16 0 -700 704 -700 720 0 16 687 724 700 722 6 -1 166 -161 355 -356z"/></g></svg>
  <svg x='506' y='533'><g transform="translate(-0.149294802465,26.8726902058) scale(0.00999245370886,-0.00993284619873)"><path class="sym-fill" fill="white" d="M1128 1317 c-197 -188 -357 -346 -356 -352 0 -5 136 -140 302 -299 165 -159 327 -313 358 -344 l57 -55 361 348 c354 341 360 348 343 368 -27 30 -695 672 -702 674 -3 2 -167 -151 -363 -340z"/><path class="sym-line" fill="black" d="M621 2626 c-35 -35 -62 -68 -60 -74 2 -5 178 -177 392 -382 213 -204 387 -375 387 -379 0 -4 -42 -46 -93 -93 l-92 -85 -494 473 c-271 261 -496 474 -500 474 -8 0 -131 -123 -131 -132 0 -4 221 -219 490 -478 269 -260 490 -475 489 -478 -1 -4 -117 -117 -259 -252 -142 -135 -258 -248 -259 -252 -2 -12 989 -960 1000 -956 6 2 233 217 506 478 l495 475 -166 160 -167 160 1 498 0 497 -100 0 -100 0 -2 -400 -3 -399 -630 604 c-346 333 -632 605 -635 605 -3 0 -34 -29 -69 -64z m1231 -1308 c197 -189 358 -347 359 -352 1 -9 -712 -696 -723 -696 -7 0 -728 689 -728 695 0 7 720 695 727 695 5 0 169 -154 365 -342z"/></g></svg>
  <svg x='534' y='544'><g transform="translate(0.0,19.0) scale(0.01,-0.01)"><path class="sym-line" fill="black" d="M300 1700 l0 -200 -150 0 -150 0 0 -750 0 -750 750 0 750 0 0 750 0 750 -400 0 -400 0 0 200 0 200 -200 0 -200 0 0 -200z"/></g></svg>
  <svg x='498' y='523'><g transform="translate(0.0,7.0) scale(0.01,-0.01)"><path class="sym-line" fill="black" d="M463 432 l-463 -267 0 -82 0 -83 600 0 600 0 0 100 0 100 -355 2 -355 3 355 205 355 204 0 43 0 43 -137 0 -138 -1 -462 -267z"/></g></svg>
  <svg x='538' y='535'><g transform="translate(0.180786096011,4.75000053092) scale(0.00958087152387,-0.00920312606184)"><path class="sym-line" fill="black" d="M245 488 c-55 -20 -116 -69 -150 -121 -45 -68 -84 -193 -92 -289 l-6 -78 107 0 106 0 0 40 c0 57 36 145 71 175 37 30 91 33 131 7 15 -10 53 -49 85 -87 82 -98 136 -129 231 -134 87 -4 139 9 200 51 86 59 157 215 169 371 l6 77 -107 0 -106 0 0 -40 c0 -57 -36 -145 -71 -175 -37 -30 -91 -33 -131 -7 -15 10 -53 49 -85 87 -32 38 -81 83 -107 100 -44 27 -59 30 -135 32 -47 1 -99 -3 -116 -9z"/></g></svg>
  <svg x='482' y='482'><g transform="translate(0.149874875465,34.7500790925) scale(0.00988906872676,-0.00988956850125)"><path class="sym-line" fill="black" d="M1528 3484 c-592 -92 -1088 -447 -1348 -963 -125 -249 -180 -485 -180 -771 0 -480 183 -911 529 -1242 350 -336 780 -508 1271 -508 451 0 864 150 1193 434 326 281 517 620 591 1051 21 121 21 409 0 530 -43 252 -114 444 -237 639 -282 453 -741 750 -1284 831 -127 19 -413 18 -535 -1z m607 -173 c583 -126 1038 -523 1224 -1069 59 -173 75 -277 75 -492 0 -165 -3 -211 -22 -300 -71 -327 -228 -611 -458 -829 -186 -177 -381 -295 -614 -374 -176 -60 -282 -78 -490 -84 -247 -7 -416 19 -628 97 -549 201 -944 674 -1043 1250 -17 97 -17 383 0 480 99 576 495 1050 1043 1250 105 38 177 58 303 81 143 26 467 21 610 -10z M1315 1286 c-133 -42 -235 -144 -272 -269 -57 -191 35 -394 217 -481 l65 -31 475 0 475 0 68 32 c309 146 309 580 0 726 l-68 32 -460 2 c-352 2 -469 -1 -500 -11z m425 -386 l0 -250 -95 0 -95 0 0 250 0 250 95 0 95 0 0 -250z m310 0 l0 -250 -95 0 -95 0 0 250 0 250 95 0 95 0 0 -250z m-610 0 l0 -240 -22 0 c-55 0 -103 23 -152 73 -103 104 -103 230 0 334 50 50 90 70 147 72 l27 1 0 -240z m818 225 c49 -21 110 -80 133 -130 24 -52 24 -138 0 -190 -35 -75 -130 -145 -196 -145 l-25 0 0 240 0 240 25 0 c14 0 42 -7 63 -15z"/></g></svg>
</svg>