<svg version='1.1' xmlns='http://www.w3.org/2000/svg' width='103' height='76' viewBox='448 462 103 76'>
  <text font-size='0'>M551x538S20301473x473S20301505x472S37600488x488S2df09509x514S2df11468x514S2d608522x467S2d610448x468S2fb00492x462</text>
  <svg x='473' y='473'><g transform="translate(0.199328273943,20.7485491077) scale(0.00980871680229,-0.00980957695607)"><path class="sym-fill" fill="white" d="M665 1430 l-380 -380 380 -380 380 -380 380 380 380 380 -380 380 -380 380 -380 -380z"/><path class="sym-line" fill="black" d="M520 1575 l-525 -525 525 -525 525 -525 525 525 525 525 -525 525 -525 525 -525 -525z m915 -145 l380 -380 -380 -380 c-209 -209 -384 -380 -390 -380 -6 0 -181 171 -390 380 l-380 380 380 380 c209 209 384 380 390 380 6 0 181 -171 390 -380z"/></g></svg>
  <svg x='505' y='472'><g transform="translate(0.199328273943,20.7485491077) scale(0.00980871680229,-0.00980957695607)"><path class="sym-fill" fill="white" d="M665 1430 l-380 -380 380 -380 380 -380 380 380 380 380 -380 380 -380 380 -380 -380z"/><path class="sym-line" fill="black" d="M520 1575 l-525 -525 525 -525 525 -525 525 525 525 525 -525 525 -525 525 -525 -525z m915 -145 l380 -380 -380 -380 c-209 -209 -384 -380 -390 -380 -6 0 -181 171 -390 380 l-380 380 380 380 c209 209 384 380 390 380 6 0 181 -171 390 -380z"/></g></svg>
  <svg x='488' y='488'><g transform="translate(0.151007603865,22.7701047694) scale(0.00983243230676,-0.00983550750842)"><path class="sym-line" fill="black" d="M66 2239 c-37 -34 -66 -68 -64 -75 2 -7 238 -238 525 -513 l523 -501 -525 -502 c-289 -277 -525 -508 -525 -515 0 -11 121 -124 140 -131 4 -2 243 222 531 497 287 276 525 501 529 501 4 0 242 -225 529 -501 288 -275 527 -499 531 -497 19 7 140 120 140 131 0 7 -236 238 -525 515 l-525 502 523 501 c287 275 523 506 525 513 3 13 -123 136 -140 136 -5 0 -243 -225 -530 -500 -287 -275 -525 -500 -528 -500 -3 0 -241 225 -528 500 -287 275 -525 500 -530 500 -5 0 -39 -28 -76 -61z"/></g></svg>
  <svg x='509' y='514'><g transform="translate(0.151950695684,23.7506512493) scale(0.00978527771578,-0.00983425572888)"><path class="sym-fill" fill="white" d="M600 1200 l0 -1200 150 0 150 0 0 1200 0 1200 -150 0 -150 0 0 -1200z"/><path class="sym-line" fill="black" d="M500 2100 l0 -300 -250 0 -250 0 0 -50 0 -50 250 0 250 0 0 -850 0 -850 50 0 50 0 0 1200 0 1200 -50 0 -50 0 0 -300z M900 1200 l0 -1200 50 0 50 0 0 447 0 448 275 -275 275 -275 278 278 277 277 -202 0 -202 0 -3 262 c-3 247 -5 267 -26 320 -50 125 -166 240 -290 289 -49 20 -80 24 -219 27 l-163 4 0 299 0 299 -50 0 -50 0 0 -1200z m291 478 c82 -27 156 -102 189 -188 10 -25 15 -115 18 -312 l4 -278 -201 0 -201 0 0 401 0 402 79 -7 c43 -3 94 -11 112 -18z"/></g></svg>
  <svg x='468' y='514'><g transform="translate(0.199916082284,23.7506512493) scale(0.00978527771578,-0.00983425572888)"><path class="sym-fill" fill="white" d="M1200 1200 l0 -1200 150 0 150 0 0 1200 0 1200 -150 0 -150 0 0 -1200z M398 648 l152 -153 152 153 153 152 -305 0 -305 0 153 -152z"/><path class="sym-line" fill="black" d="M1100 2101 l0 -299 -162 -4 c-140 -3 -171 -7 -220 -27 -124 -49 -240 -164 -290 -289 -21 -53 -23 -73 -26 -320 l-3 -262 -202 0 -202 0 277 -277 278 -278 275 275 275 275 0 -448 0 -447 50 0 50 0 0 1200 0 1200 -50 0 -50 0 0 -299z m0 -801 l0 -400 -200 0 -200 0 0 238 c0 327 12 384 95 467 64 64 137 91 258 94 l47 1 0 -400z m-398 -652 l-152 -153 -152 153 -153 152 305 0 305 0 -153 -152z M1500 1200 l0 -1200 50 0 50 0 0 850 0 850 250 0 250 0 0 50 0 50 -250 0 -250 0 0 300 0 300 -50 0 -50 0 0 -1200z"/></g></svg>
  <svg x='522' y='467'><g transform="translate(0.198409507087,11.7551245826) scale(0.00984535298844,-0.00974923141752)"><path class="sym-line" fill="black" d="M1070 1184 c-148 -27 -310 -87 -434 -161 -112 -67 -220 -160 -431 -372 l-210 -211 70 -70 c38 -38 73 -70 78 -70 5 0 111 100 236 223 124 123 256 244 292 270 75 53 196 114 284 145 204 69 486 69 690 0 174 -60 305 -147 500 -333 l130 -124 -240 -241 -240 -240 553 0 552 0 0 552 0 553 -240 -240 -240 -239 -137 135 c-76 75 -165 156 -198 180 -169 127 -355 207 -561 243 -109 19 -348 19 -454 0z"/></g></svg>
  <svg x='448' y='468'><g transform="translate(0.150749190231,11.7548701066) scale(0.00984535298844,-0.00975232896833)"><path class="sym-fill" fill="white" d="M100 475 l0 -375 377 0 378 0 -375 375 c-206 206 -376 375 -377 375 -2 0 -3 -169 -3 -375z"/><path class="sym-line" fill="black" d="M1370 1184 c-148 -27 -311 -87 -434 -161 -104 -63 -176 -122 -319 -262 l-137 -135 -240 239 -240 240 0 -553 0 -552 552 0 553 0 -240 240 -240 241 130 124 c195 186 326 273 500 333 204 69 486 69 690 0 88 -31 209 -92 284 -145 36 -26 168 -147 292 -270 125 -123 231 -223 236 -223 5 0 40 32 78 70 l70 70 -210 211 c-211 212 -319 305 -431 372 -128 77 -285 134 -440 161 -109 19 -348 19 -454 0z m-698 -896 l180 -188 -376 0 -376 0 0 382 0 383 196 -195 c107 -107 277 -279 376 -382z"/></g></svg>
  <svg x='492' y='462'><g transform="translate(0.169849905175,5.76208528494) scale(0.0097007872376,-0.00950858679199)"><path class="sym-line" fill="black" d="M552 580 c-226 -60 -429 -239 -518 -459 -13 -33 -27 -73 -30 -90 l-6 -31 60 0 61 0 42 83 c54 103 163 217 264 273 205 113 445 113 650 0 101 -56 210 -170 264 -273 l42 -83 61 0 61 0 -7 31 c-22 111 -99 242 -206 349 -99 99 -217 167 -346 200 -105 27 -289 27 -392 0z"/></g></svg>
</svg>