<svg version='1.1' xmlns='http://www.w3.org/2000/svg' width='104' height='175' viewBox='448 413 104 175'>
  <text font-size='0'>M552x588S1fb10465x420S1f720483x424S10610509x413S19220531x420S17600513x492S17600471x493S27107521x473S27111448x474S15a40509x541S15a48476x541S22a04509x573S22a14475x573</text>
  <svg x='465' y='420'><g transform="translate(0.0,19.0) scale(0.01,-0.01)"><path class="sym-fill" fill="white" d="M200 750 l0 -550 300 0 300 0 0 550 0 550 -300 0 -300 0 0 -550z"/><path class="sym-line" fill="black" d="M800 1700 l0 -200 -400 0 -400 0 0 -750 0 -750 750 0 750 0 0 750 0 750 -150 0 -150 0 0 200 0 200 -200 0 -200 0 0 -200z m0 -950 l0 -550 -300 0 -300 0 0 550 0 550 300 0 300 0 0 -550z"/></g></svg>
  <svg x='483' y='424'><g transform="translate(0.131576825216,14.7505211307) scale(0.00980873003133,-0.00973472242044)"><path class="sym-line" fill="black" d="M498 959 l-3 -542 -159 277 c-87 152 -161 276 -164 276 -2 0 -42 -21 -88 -47 -55 -31 -83 -53 -82 -63 2 -9 113 -206 247 -438 l244 -422 753 0 754 0 0 750 0 750 -750 0 -750 0 -2 -541z"/></g></svg>
  <svg x='509' y='413'><g transform="translate(0.0,26.0) scale(0.01,-0.01)"><path class="sym-fill" fill="white" d="M200 750 l0 -550 300 0 300 0 0 550 0 550 -300 0 -300 0 0 -550z"/><path class="sym-line" fill="black" d="M700 2250 l0 -350 100 0 100 0 0 250 0 250 200 0 200 0 0 -450 0 -450 -650 0 -650 0 0 -750 0 -750 750 0 750 0 0 1300 0 1300 -400 0 -400 0 0 -350z m100 -1500 l0 -550 -300 0 -300 0 0 550 0 550 300 0 300 0 0 -550z"/></g></svg>
  <svg x='531' y='420'><g transform="translate(0.151301014747,18.749322358) scale(0.00981776176264,-0.00979417818707)"><path class="sym-line" fill="black" d="M1560 1665 l-245 -235 -657 0 -658 0 0 -715 0 -715 750 0 750 0 0 528 0 527 300 284 c166 157 299 290 298 296 -4 16 -270 265 -283 264 -5 0 -120 -105 -255 -234z"/></g></svg>
  <svg x='513' y='492'><g transform="translate(0.0996925829584,15.7992338797) scale(0.00981117768656,-0.00980419842474)"><path class="sym-fill" fill="white" d="M725 1394 c-175 -27 -365 -163 -446 -319 -58 -112 -73 -168 -73 -275 0 -258 177 -487 444 -576 75 -25 225 -25 300 0 208 69 357 218 426 426 25 75 25 225 0 300 -68 204 -213 352 -412 420 -57 20 -183 32 -239 24z"/><path class="sym-line" fill="black" d="M670 1594 c-235 -45 -460 -214 -578 -434 -73 -135 -87 -195 -87 -360 0 -125 3 -155 23 -215 88 -265 292 -469 557 -557 60 -20 90 -23 215 -23 125 0 155 3 215 23 265 88 469 292 557 557 20 60 23 90 23 215 0 125 -3 155 -23 215 -71 214 -218 389 -413 494 -125 67 -187 83 -334 86 -71 2 -141 1 -155 -1z m242 -205 c169 -35 349 -178 426 -340 84 -176 84 -322 0 -498 -57 -120 -169 -232 -289 -289 -176 -84 -322 -84 -498 0 -120 57 -232 169 -289 289 -84 176 -84 322 0 498 75 158 244 296 410 337 67 16 171 17 240 3z"/></g></svg>
  <svg x='471' y='493'><g transform="translate(0.0996925829584,15.7992338797) scale(0.00981117768656,-0.00980419842474)"><path class="sym-fill" fill="white" d="M725 1394 c-175 -27 -365 -163 -446 -319 -58 -112 -73 -168 -73 -275 0 -258 177 -487 444 -576 75 -25 225 -25 300 0 208 69 357 218 426 426 25 75 25 225 0 300 -68 204 -213 352 -412 420 -57 20 -183 32 -239 24z"/><path class="sym-line" fill="black" d="M670 1594 c-235 -45 -460 -214 -578 -434 -73 -135 -87 -195 -87 -360 0 -125 3 -155 23 -215 88 -265 292 -469 557 -557 60 -20 90 -23 215 -23 125 0 155 3 215 23 265 88 469 292 557 557 20 60 23 90 23 215 0 125 -3 155 -23 215 -71 214 -218 389 -413 494 -125 67 -187 83 -334 86 -71 2 -141 1 -155 -1z m242 -205 c169 -35 349 -178 426 -340 84 -176 84 -322 0 -498 -57 -120 -169 -232 -289 -289 -176 -84 -322 -84 -498 0 -120 57 -232 169 -289 289 -84 176 -84 322 0 498 75 158 244 296 410 337 67 16 171 17 240 3z"/></g></svg>
  <svg x='521' y='473'><g transform="translate(0.199847962197,25.7049530599) scale(0.00994375727063,-0.00990229310173)"><path class="sym-line" fill="black" d="M250 2389 l195 -189 -225 -220 -225 -219 67 -67 67 -68 138 131 c76 72 158 152 183 178 25 26 67 65 93 87 l49 41 111 -109 c62 -60 149 -145 195 -189 l82 -80 0 448 0 447 -462 0 -463 -1 195 -190z M1465 1551 l-229 -219 -189 181 c-104 100 -193 184 -198 185 -5 2 -9 -176 -9 -437 l0 -441 463 0 462 1 -194 187 -194 188 227 219 227 220 -69 68 -68 67 -229 -219z M1940 760 l195 -190 -225 -219 -225 -220 67 -68 68 -68 62 61 c35 33 136 131 226 218 90 86 167 156 172 154 5 -2 94 -86 199 -186 l191 -184 0 446 0 446 -462 0 -463 0 195 -190z"/></g></svg>
  <svg x='448' y='474'><g transform="translate(-0.0476500634659,25.7747512277) scale(0.00992081236304,-0.00993042539779)"><path class="sym-fill" fill="white" d="M1880 2194 l0 -286 133 123 c72 69 200 187 282 263 83 77 161 150 175 163 l25 23 -308 0 -307 0 0 -286z M1514 1194 l-300 -279 299 -3 c165 -1 302 -1 304 1 2 2 2 129 1 282 l-3 277 -301 -278z M120 569 c0 -175 4 -279 10 -277 10 3 571 520 591 544 10 12 -34 14 -295 14 l-306 0 0 -281z"/><path class="sym-line" fill="black" d="M1780 2134 c0 -424 1 -446 18 -433 17 13 253 232 343 317 l46 43 233 -215 c128 -119 237 -216 242 -216 6 0 39 28 75 63 l65 63 -68 66 c-38 35 -142 133 -232 216 -90 83 -163 154 -163 157 0 3 88 87 196 187 107 100 195 185 195 190 0 4 -214 8 -475 8 l-475 0 0 -446z m710 342 c0 -2 -118 -113 -262 -247 -145 -133 -282 -261 -305 -283 l-43 -40 0 287 0 287 305 0 c168 0 305 -2 305 -4z M965 1695 c-62 -56 -68 -65 -55 -78 8 -8 115 -107 237 -220 l221 -205 -199 -184 c-109 -101 -199 -186 -199 -190 0 -5 214 -8 475 -8 l475 0 0 447 0 447 -32 -31 c-185 -173 -373 -343 -378 -341 -4 2 -109 97 -233 213 -125 115 -230 211 -234 212 -5 1 -39 -26 -78 -62z m855 -505 l0 -290 -306 0 c-190 0 -304 4 -302 10 2 7 598 567 606 569 1 1 2 -129 2 -289z M20 504 c0 -258 4 -444 9 -442 5 1 97 85 205 186 l196 183 59 -53 c32 -29 138 -127 235 -216 96 -90 180 -162 185 -160 15 6 131 117 131 126 0 4 -104 105 -231 223 l-231 214 128 120 c71 66 163 152 204 192 l75 73 -482 0 -483 0 0 -446z m714 338 c-5 -5 -135 -125 -289 -267 -154 -142 -290 -268 -302 -279 l-23 -19 0 286 0 287 312 0 c172 0 308 -4 302 -8z"/></g></svg>
  <svg x='509' y='541'><g transform="translate(0.0,27.0) scale(0.01,-0.01)"><path class="sym-fill" fill="white" d="M398 2213 l-198 -198 0 -158 0 -157 -100 0 -100 0 0 -150 0 -150 100 0 100 0 0 -600 0 -600 200 0 200 0 0 600 0 600 300 0 300 0 0 150 0 150 -300 0 -300 0 -2 355 -3 355 -197 -197z"/><path class="sym-line" fill="black" d="M297 2402 l-297 -297 0 -203 0 -202 100 0 100 0 0 163 0 162 200 200 200 200 0 -363 0 -362 300 0 300 0 0 203 0 202 -298 298 c-163 163 -299 297 -302 297 -3 0 -139 -134 -303 -298z M0 700 l0 -700 600 0 600 0 0 700 0 700 -300 0 -300 0 0 -600 0 -600 -200 0 -200 0 0 600 0 600 -100 0 -100 0 0 -700z"/></g></svg>
  <svg x='476' y='541'><g transform="translate(0.0,27.0) scale(0.01,-0.01)"><path class="sym-fill" fill="white" d="M600 2057 l0 -357 -300 0 -300 0 0 -150 0 -150 300 0 300 0 0 -600 0 -600 200 0 200 0 0 600 0 600 100 0 100 0 0 150 0 150 -100 0 -100 0 0 158 0 157 -200 200 -200 200 0 -358z"/><path class="sym-line" fill="black" d="M297 2402 l-297 -297 0 -203 0 -202 300 0 300 0 0 362 0 363 200 -200 200 -200 0 -162 0 -163 100 0 100 0 0 203 0 202 -298 298 c-163 163 -299 297 -302 297 -3 0 -139 -134 -303 -298z M0 700 l0 -700 600 0 600 0 0 700 0 700 -100 0 -100 0 0 -600 0 -600 -200 0 -200 0 0 600 0 600 -300 0 -300 0 0 -700z"/></g></svg>
  <svg x='509' y='573'><g transform="translate(0.043463926586,14.7505211307) scale(0.00985915292844,-0.00973472242044)"><path class="sym-fill" fill="white" d="M510 1100 l0 -400 140 0 140 0 0 400 0 400 -140 0 -140 0 0 -400z"/><path class="sym-line" fill="black" d="M330 1100 l0 -400 -159 -2 -160 -3 315 -347 c174 -192 319 -348 324 -348 5 0 150 156 324 348 l315 347 -160 3 -159 2 0 400 0 400 -90 0 -90 0 0 -400 0 -400 -140 0 -140 0 0 400 0 400 -90 0 -90 0 0 -400z"/></g></svg>
  <svg x='475' y='573'><g transform="translate(0.043463926586,14.7505211307) scale(0.00985915292844,-0.00973472242044)"><path class="sym-fill" fill="white" d="M510 1100 l0 -400 140 0 140 0 0 400 0 400 -140 0 -140 0 0 -400z M277 557 c144 -163 368 -407 373 -407 5 0 229 244 373 407 l39 43 -412 0 -412 0 39 -43z"/><path class="sym-line" fill="black" d="M330 1100 l0 -400 -159 -2 -160 -3 315 -347 c174 -192 319 -348 324 -348 5 0 150 156 324 348 l315 347 -160 3 -159 2 0 400 0 400 -90 0 -90 0 0 -400 0 -400 -140 0 -140 0 0 400 0 400 -90 0 -90 0 0 -400z m714 -522 c-82 -96 -388 -428 -394 -428 -6 0 -312 332 -394 428 l-19 22 413 0 413 0 -19 -22z"/></g></svg>
</svg>