<svg version='1.1' xmlns='http://www.w3.org/2000/svg' width='104' height='94' viewBox='448 453 104 94'>
  <text font-size='0'>M552x547S1a520517x466S37800472x492S37800523x489S2f200517x529S2f202464x530S1a528460x467S22627530x453S22621448x454</text>
  <svg x='517' y='466'><g transform="translate(0.15928766289,27.7982121184) scale(0.0098196233026,-0.00987491950656)"><path class="sym-line" fill="black" d="M2 1698 c3 -1095 3 -1103 24 -1158 80 -209 209 -353 399 -445 153 -75 223 -90 415 -90 192 0 262 15 415 90 190 92 326 244 397 445 28 78 36 271 14 361 -19 81 -54 163 -97 225 l-32 47 29 25 c193 166 534 477 531 485 -2 6 -35 39 -74 74 l-70 63 -283 -249 -283 -250 -44 30 c-67 47 -178 94 -278 120 -181 47 -424 27 -595 -48 l-55 -24 35 35 c19 19 226 204 460 411 234 207 426 380 428 385 1 4 -32 37 -74 74 l-77 67 -26 -24 c-14 -13 -233 -208 -486 -432 l-460 -409 -3 647 -2 647 -105 0 -106 0 3 -1102z"/></g></svg>
  <svg x='472' y='492'><g transform="translate(0.0,32.0) scale(0.01,-0.01)"><path class="sym-line" fill="black" d="M0 1600 l0 -1600 100 0 100 0 0 1600 0 1600 -100 0 -100 0 0 -1600z"/></g></svg>
  <svg x='523' y='489'><g transform="translate(0.0,32.0) scale(0.01,-0.01)"><path class="sym-line" fill="black" d="M0 1600 l0 -1600 100 0 100 0 0 1600 0 1600 -100 0 -100 0 0 -1600z"/></g></svg>
  <svg x='517' y='529'><g transform="translate(0.0,17.0) scale(0.01,-0.01)"><path class="sym-line" fill="black" d="M590 1575 l-125 -125 125 -125 c69 -69 130 -125 135 -125 13 0 75 62 75 75 0 5 -37 47 -82 92 l-83 83 83 83 c45 45 82 87 82 93 0 13 -62 74 -76 74 -5 0 -65 -56 -134 -125z M990 1575 l-125 -125 125 -125 c69 -69 130 -125 135 -125 13 0 75 62 75 75 0 5 -37 47 -82 92 l-83 83 83 83 c45 45 82 87 82 93 0 13 -62 74 -76 74 -5 0 -65 -56 -134 -125z M100 1200 l0 -100 100 0 100 0 0 100 0 100 -100 0 -100 0 0 -100z M1300 1200 l0 -100 100 0 100 0 0 100 0 100 -100 0 -100 0 0 -100z M0 800 l0 -100 100 0 100 0 0 100 0 100 -100 0 -100 0 0 -100z M1400 800 l0 -100 100 0 100 0 0 100 0 100 -100 0 -100 0 0 -100z M100 400 l0 -100 100 0 100 0 0 100 0 100 -100 0 -100 0 0 -100z M1300 400 l0 -100 100 0 100 0 0 100 0 100 -100 0 -100 0 0 -100z M400 200 l0 -100 100 0 100 0 0 100 0 100 -100 0 -100 0 0 -100z M1000 200 l0 -100 100 0 100 0 0 100 0 100 -100 0 -100 0 0 -100z M700 100 l0 -100 100 0 100 0 0 100 0 100 -100 0 -100 0 0 -100z"/></g></svg>
  <svg x='464' y='530'><g transform="translate(0.0,17.0) scale(0.01,-0.01)"><path class="sym-line" fill="black" d="M700 1600 l0 -100 100 0 100 0 0 100 0 100 -100 0 -100 0 0 -100z M400 1500 l0 -100 100 0 100 0 0 100 0 100 -100 0 -100 0 0 -100z M1000 1500 l0 -100 100 0 100 0 0 100 0 100 -100 0 -100 0 0 -100z M100 1300 l0 -100 100 0 100 0 0 100 0 100 -100 0 -100 0 0 -100z M1300 1300 l0 -100 100 0 100 0 0 100 0 100 -100 0 -100 0 0 -100z M0 900 l0 -100 100 0 100 0 0 100 0 100 -100 0 -100 0 0 -100z M1400 900 l0 -100 100 0 100 0 0 100 0 100 -100 0 -100 0 0 -100z M100 500 l0 -100 100 0 100 0 0 100 0 100 -100 0 -100 0 0 -100z M1300 500 l0 -100 100 0 100 0 0 100 0 100 -100 0 -100 0 0 -100z M432 467 c-18 -18 -32 -37 -32 -42 0 -5 37 -47 82 -92 l83 -83 -83 -83 c-45 -45 -82 -87 -82 -93 0 -13 62 -74 76 -74 5 0 65 56 134 125 l125 125 -125 125 c-69 69 -130 125 -135 125 -6 0 -25 -15 -43 -33z M832 467 c-18 -18 -32 -37 -32 -42 0 -5 37 -47 82 -92 l83 -83 -83 -83 c-45 -45 -82 -87 -82 -93 0 -13 62 -74 76 -74 5 0 65 56 134 125 l125 125 -125 125 c-69 69 -130 125 -135 125 -6 0 -25 -15 -43 -33z"/></g></svg>
  <svg x='460' y='467'><g transform="translate(0.119450106769,27.7982121184) scale(0.0098196233026,-0.00987491950656)"><path class="sym-line" fill="black" d="M1888 2153 l-3 -647 -460 409 c-253 224 -472 419 -486 432 l-26 24 -77 -67 c-42 -37 -75 -70 -74 -74 2 -5 194 -178 428 -385 234 -207 441 -392 460 -411 l35 -35 -55 24 c-171 75 -414 95 -595 48 -100 -26 -211 -73 -278 -120 l-44 -30 -283 250 -283 249 -70 -63 c-39 -35 -72 -68 -74 -74 -3 -8 338 -319 531 -485 l29 -25 -32 -47 c-43 -62 -78 -144 -97 -225 -22 -90 -14 -283 14 -361 71 -201 207 -353 397 -445 153 -75 223 -90 415 -90 192 0 262 15 415 90 190 92 319 236 399 445 21 55 21 63 24 1158 l3 1102 -106 0 -105 0 -2 -647z"/></g></svg>
  <svg x='530' y='453'><g transform="translate(0.0513539698677,21.751847129) scale(0.00986245385471,-0.00981973164957)"><path class="sym-line" fill="black" d="M300 2140 l0 -60 310 0 310 0 0 -290 0 -290 290 0 290 0 0 -290 0 -290 295 0 295 0 0 -315 0 -315 55 0 55 0 0 370 0 370 -290 0 -290 0 0 290 0 290 -290 0 -290 0 0 295 0 295 -370 0 -370 0 0 -60z M10 1850 l0 -60 310 0 310 0 0 -290 0 -290 290 0 290 0 0 -290 0 -290 295 0 295 0 0 -315 0 -315 55 0 55 0 0 370 0 370 -290 0 -290 0 0 290 0 290 -295 0 -295 0 0 295 0 295 -365 0 -365 0 0 -60z"/></g></svg>
  <svg x='448' y='454'><g transform="translate(0.151309565221,21.8502439916) scale(0.00981733423896,-0.00986445749619)"><path class="sym-line" fill="black" d="M1170 1910 l0 -290 -290 0 -290 0 0 -290 0 -290 -295 0 -295 0 0 -370 0 -370 60 0 60 0 0 310 0 310 290 0 290 0 0 295 0 295 290 0 290 0 0 290 0 290 315 0 315 0 0 55 0 55 -370 0 -370 0 0 -290z M1460 1620 l0 -290 -290 0 -290 0 0 -290 0 -290 -295 0 -295 0 0 -370 0 -370 60 0 60 0 0 310 0 310 290 0 290 0 0 290 0 290 290 0 290 0 0 295 0 295 315 0 315 0 0 55 0 55 -370 0 -370 0 0 -290z"/></g></svg>
</svg>