<svg version='1.1' xmlns='http://www.w3.org/2000/svg' width='99' height='88' viewBox='453 482 99 88'>
  <text font-size='0'>M552x570S20310500x539S20318489x555S20500507x557S22a07519x531S22a11474x544S2f710456x509S2f700536x495S1530c537x511S15324453x523S34b00482x482</text>
  <svg x='500' y='539'><g transform="translate(0.0,15.0) scale(0.01,-0.01)"><path class="sym-fill" fill="white" d="M200 750 l0 -550 300 0 300 0 0 550 0 550 -300 0 -300 0 0 -550z"/><path class="sym-line" fill="black" d="M0 750 l0 -750 750 0 750 0 0 750 0 750 -750 0 -750 0 0 -750z m800 0 l0 -550 -300 0 -300 0 0 550 0 550 300 0 300 0 0 -550z"/></g></svg>
  <svg x='489' y='555'><g transform="translate(0.0,15.0) scale(0.01,-0.01)"><path class="sym-fill" fill="white" d="M700 750 l0 -550 300 0 300 0 0 550 0 550 -300 0 -300 0 0 -550z"/><path class="sym-line" fill="black" d="M0 750 l0 -750 750 0 750 0 0 750 0 750 -750 0 -750 0 0 -750z m1300 0 l0 -550 -300 0 -300 0 0 550 0 550 300 0 300 0 0 -550z"/></g></svg>
  <svg x='507' y='557'><g transform="translate(-0.221878406359,10.7500002304) scale(0.0103429235226,-0.00963778430032)"><path class="sym-line" fill="black" d="M430 895 l0 -205 -37 23 c-21 13 -95 61 -165 105 l-128 82 -36 -71 c-19 -40 -32 -75 -27 -79 4 -3 74 -48 156 -99 81 -51 147 -97 147 -101 0 -4 -66 -50 -147 -101 -82 -51 -152 -96 -156 -99 -5 -4 8 -39 27 -79 l36 -71 128 82 c70 44 144 92 165 105 l37 23 0 -205 0 -205 70 0 70 0 0 205 0 205 38 -23 c20 -13 94 -61 164 -105 l128 -82 36 71 c19 40 32 75 27 79 -4 3 -74 48 -155 99 -82 51 -148 97 -148 101 0 4 66 50 148 101 81 51 151 96 155 99 5 4 -8 39 -27 79 l-36 71 -128 -82 c-70 -44 -144 -92 -164 -105 l-38 -23 0 205 0 205 -70 0 -70 0 0 -205z"/></g></svg>
  <svg x='519' y='531'><g transform="translate(-0.0674515882592,14.0731065957) scale(0.00985915292844,-0.0101494544892)"><path class="sym-fill" fill="white" d="M438 684 c-150 -157 -274 -290 -276 -294 -2 -5 43 -56 100 -114 l103 -106 272 288 c149 158 273 290 275 293 2 4 -43 54 -99 112 l-102 106 -273 -285z"/><path class="sym-line" fill="black" d="M346 1348 c10 -13 63 -69 117 -124 91 -94 98 -104 86 -121 -8 -11 -129 -140 -269 -287 -140 -146 -256 -272 -258 -279 -1 -7 28 -42 65 -79 l68 -68 274 288 c150 158 276 288 280 290 4 1 53 -47 109 -107 l101 -109 -274 -288 c-151 -159 -275 -292 -275 -296 0 -12 122 -138 134 -138 6 0 133 128 281 285 l270 286 122 -128 122 -128 1 513 0 512 -487 0 -486 0 19 -22z"/></g></svg>
  <svg x='474' y='544'><g transform="translate(-0.0515675887627,13.9964478699) scale(0.0100651361624,-0.00989143597848)"><path class="sym-fill" fill="white" d="M130 953 c0 -185 4 -333 8 -327 5 5 140 154 300 331 161 177 292 325 292 328 0 3 -135 5 -300 5 l-300 0 0 -337z M496 873 l-96 -107 23 -25 c13 -14 133 -147 267 -296 134 -148 246 -271 249 -272 3 -2 50 47 105 107 l98 111 -39 42 c-21 23 -141 156 -267 295 -125 138 -232 252 -236 252 -5 0 -51 -48 -104 -107z"/><path class="sym-line" fill="black" d="M20 875 c0 -289 3 -525 8 -524 4 0 59 58 122 129 63 71 115 128 116 127 26 -36 529 -582 536 -582 6 0 39 32 74 71 l63 70 -269 298 c-149 163 -270 299 -270 303 0 9 194 221 201 220 3 -1 127 -136 274 -299 l269 -297 60 66 c34 36 64 71 68 77 4 7 -100 130 -258 305 -146 160 -264 296 -262 301 2 5 51 62 111 128 59 66 107 123 107 126 0 3 -214 6 -475 6 l-475 0 0 -525z m624 308 c-53 -60 -189 -210 -302 -335 -113 -126 -210 -228 -214 -228 -4 0 -8 151 -8 335 l0 335 311 0 311 0 -98 -107z"/></g></svg>
  <svg x='456' y='509'><g transform="translate(0.0,7.0) scale(0.01,-0.01)"><path class="sym-line" fill="black" d="M0 657 l0 -43 355 -204 355 -205 -355 -3 -355 -2 0 -100 0 -100 600 0 600 0 0 83 0 82 -464 268 -464 267 -136 0 -136 0 0 -43z"/></g></svg>
  <svg x='536' y='495'><g transform="translate(0.0,7.0) scale(0.01,-0.01)"><path class="sym-line" fill="black" d="M463 432 l-463 -267 0 -82 0 -83 600 0 600 0 0 100 0 100 -355 2 -355 3 355 205 355 204 0 43 0 43 -137 0 -138 -1 -462 -267z"/></g></svg>
  <svg x='537' y='511'><g transform="translate(0.177665292134,24.7996699563) scale(0.00971582520501,-0.00985576040764)"><path class="sym-fill" fill="white" d="M900 1300 c0 -949 1 -1001 18 -997 9 3 35 8 56 12 93 16 210 103 258 192 63 115 63 121 63 763 -1 574 -1 586 -23 665 -33 117 -68 182 -136 251 -60 60 -116 90 -203 109 l-33 7 0 -1002z"/><path class="sym-line" fill="black" d="M268 2481 c-159 -51 -253 -164 -266 -317 l-5 -64 107 0 106 0 0 27 c0 50 39 111 88 141 46 26 52 27 197 27 167 0 205 -11 259 -75 37 -44 41 -67 41 -220 0 -153 -4 -176 -41 -220 -54 -64 -92 -75 -259 -75 -132 0 -154 2 -184 20 -50 30 -92 86 -98 134 l-6 41 -105 0 -105 0 5 -64 c13 -155 108 -267 269 -317 88 -27 398 -27 478 0 l54 19 -6 -99 c-8 -129 -30 -169 -117 -215 -48 -26 -305 -27 -361 -2 -46 20 -84 70 -100 131 l-13 47 -104 0 -105 0 5 -64 c13 -155 108 -267 269 -317 88 -27 398 -27 478 0 l54 19 -6 -99 c-8 -128 -31 -171 -115 -213 -74 -38 -325 -32 -384 8 -43 28 -77 80 -84 128 l-7 38 -105 0 -105 0 5 -64 c13 -155 108 -267 269 -317 88 -27 398 -27 478 0 l54 19 -6 -93 c-6 -104 -26 -156 -77 -199 -44 -37 -67 -41 -225 -41 -117 0 -146 3 -175 19 -71 37 -110 89 -110 146 l0 30 -105 0 c-119 0 -114 5 -94 -92 28 -128 98 -226 198 -275 56 -28 56 -28 271 -28 238 0 261 4 355 61 36 22 97 45 154 60 144 36 232 84 326 179 92 91 133 164 165 289 19 75 20 112 20 660 0 624 -2 659 -53 799 -77 212 -260 372 -488 427 -109 26 -159 27 -159 2 0 -18 -2 -18 -52 -1 -77 27 -397 26 -480 0z m726 -201 c106 -36 177 -101 235 -216 65 -130 64 -121 68 -759 5 -634 2 -664 -52 -779 -32 -67 -105 -145 -165 -176 -51 -26 -126 -50 -157 -50 l-23 0 0 1000 c0 965 1 1000 18 1000 11 0 45 -9 76 -20z"/></g></svg>
  <svg x='453' y='523'><g transform="translate(0.14948546608,24.7999058682) scale(0.009713226696,-0.00985583226867)"><path class="sym-line" fill="black" d="M536 2479 c-224 -55 -407 -216 -483 -426 -51 -140 -53 -175 -53 -799 0 -548 1 -585 20 -660 32 -125 73 -198 165 -289 94 -95 182 -143 326 -179 57 -15 118 -38 154 -60 94 -57 117 -61 355 -61 215 0 215 0 271 28 100 49 170 147 198 275 20 97 25 92 -94 92 l-105 0 0 -30 c0 -57 -39 -109 -110 -146 -29 -16 -58 -19 -175 -19 -158 0 -181 4 -225 41 -51 43 -71 95 -77 199 l-6 93 54 -19 c80 -27 390 -27 478 0 161 50 256 162 269 317 l5 64 -105 0 -105 0 -7 -38 c-7 -48 -41 -100 -84 -128 -59 -40 -310 -46 -384 -8 -84 42 -107 85 -115 213 l-6 99 54 -19 c80 -27 390 -27 478 0 161 50 256 162 269 317 l5 64 -105 0 -104 0 -13 -47 c-16 -61 -54 -111 -100 -131 -56 -25 -313 -24 -361 2 -87 46 -109 86 -117 215 l-6 99 54 -19 c80 -27 390 -27 478 0 161 50 256 162 269 317 l5 64 -105 0 -105 0 -6 -41 c-6 -48 -48 -104 -98 -134 -30 -18 -52 -20 -184 -20 -167 0 -205 11 -259 75 -37 44 -41 67 -41 220 0 153 4 176 41 220 54 64 92 75 259 75 145 0 151 -1 197 -27 49 -30 88 -91 88 -141 l0 -27 106 0 107 0 -5 64 c-13 155 -108 267 -269 317 -87 27 -398 27 -476 0 -51 -17 -53 -17 -53 1 0 24 -57 23 -164 -3z"/></g></svg>
  <svg x='482' y='482'><g transform="translate(0.149874875465,34.7500790925) scale(0.00988906872676,-0.00988956850125)"><path class="sym-line" fill="black" d="M1528 3484 c-592 -92 -1088 -447 -1348 -963 -125 -249 -180 -485 -180 -771 0 -480 183 -911 529 -1242 350 -336 780 -508 1271 -508 451 0 864 150 1193 434 326 281 517 620 591 1051 21 121 21 409 0 530 -43 252 -114 444 -237 639 -282 453 -741 750 -1284 831 -127 19 -413 18 -535 -1z m607 -173 c583 -126 1038 -523 1224 -1069 59 -173 75 -277 75 -492 0 -165 -3 -211 -22 -300 -71 -327 -228 -611 -458 -829 -186 -177 -381 -295 -614 -374 -176 -60 -282 -78 -490 -84 -247 -7 -416 19 -628 97 -549 201 -944 674 -1043 1250 -17 97 -17 383 0 480 99 576 495 1050 1043 1250 105 38 177 58 303 81 143 26 467 21 610 -10z M1458 1567 c-21 -12 -38 -26 -38 -31 0 -4 29 -58 65 -118 36 -61 65 -112 65 -114 0 -2 -38 -4 -85 -4 l-85 0 -106 60 c-58 33 -109 60 -114 60 -10 0 -65 -89 -59 -94 2 -1 55 -31 117 -65 l112 -63 0 -74 0 -74 -155 0 -155 0 0 -50 0 -50 155 0 155 0 0 -74 0 -74 -112 -63 c-62 -34 -115 -64 -117 -65 -6 -5 49 -94 59 -94 5 0 56 27 114 60 l106 60 85 0 c47 0 85 -2 85 -4 0 -2 -29 -53 -65 -114 -36 -60 -65 -114 -65 -118 0 -13 89 -58 97 -50 4 4 44 69 88 144 l81 137 115 2 114 3 85 -145 c46 -80 88 -145 93 -145 16 0 87 45 87 55 0 6 -29 60 -65 120 l-64 110 84 3 84 3 108 -61 c59 -33 112 -59 119 -56 13 5 59 85 52 91 -2 1 -54 30 -115 64 l-113 63 0 74 0 74 155 0 155 0 0 50 0 50 -155 0 -155 0 0 74 0 74 113 63 c61 34 113 63 115 64 7 6 -39 86 -52 91 -7 3 -60 -23 -119 -56 l-108 -61 -84 3 -84 3 64 110 c36 61 65 115 65 120 0 10 -71 55 -87 55 -5 0 -47 -65 -93 -145 l-85 -145 -114 3 -115 2 -83 140 c-45 77 -88 141 -95 142 -7 0 -30 -9 -50 -20z m702 -567 l0 -150 -355 0 -355 0 0 150 0 150 355 0 355 0 0 -150z"/></g></svg>
</svg>