<svg version='1.1' xmlns='http://www.w3.org/2000/svg' width='89' height='125' viewBox='463 393 89 125'>
  <text font-size='0'>M552x518S15a56478x431S1c111484x403S2c300503x393S2c305525x395S20800463x414S32107482x483S20310526x460S2f900528x479</text>
  <svg x='478' y='431'><g transform="translate(0.150976194493,11.7516936221) scale(0.00983400277537,-0.00966938010173)"><path class="sym-fill" fill="white" d="M1400 600 l0 -600 150 0 150 0 0 600 0 600 -150 0 -150 0 0 -600z"/><path class="sym-line" fill="black" d="M0 600 l0 -600 700 0 700 0 0 600 0 600 -700 0 -700 0 0 -600z M1700 600 l0 -600 203 0 202 0 300 300 300 300 -300 300 -300 300 -202 0 -203 0 0 -600z"/></g></svg>
  <svg x='484' y='403'><g transform="translate(-0.000372025209554,28.8898190038) scale(0.00992063519216,-0.00991082120821)"><path class="sym-fill" fill="white" d="M1222 1497 l-92 -92 420 -420 420 -420 95 95 95 95 -417 417 c-230 230 -420 418 -423 418 -3 0 -47 -42 -98 -93z"/><path class="sym-line" fill="black" d="M472 2837 c-34 -34 -62 -67 -62 -72 0 -6 217 -227 482 -492 l483 -483 -125 -125 -125 -125 -385 385 c-212 212 -389 385 -395 385 -5 0 -38 -28 -72 -62 l-63 -63 297 -297 298 -298 -318 0 -317 0 0 -95 0 -95 407 0 408 0 -485 -485 -485 -485 65 -65 c35 -36 70 -65 76 -65 7 0 227 218 490 483 l477 484 276 -280 c152 -153 277 -282 279 -287 2 -4 -192 -121 -430 -259 -238 -138 -439 -255 -447 -260 -11 -7 -5 -24 30 -86 24 -43 49 -79 54 -81 6 -3 222 118 479 267 l468 271 62 -61 c34 -33 66 -61 71 -61 6 0 127 117 270 260 l260 260 -975 975 c-536 536 -977 975 -980 975 -3 0 -34 -28 -68 -63z m1591 -2179 l-98 -98 -417 417 c-230 230 -418 422 -418 428 0 5 42 51 92 102 l93 93 422 -422 423 -423 -97 -97z"/></g></svg>
  <svg x='503' y='393'><g transform="translate(0.198852735413,22.7498041047) scale(0.00982767908634,-0.00983706505647)"><path class="sym-line" fill="black" d="M775 2285 c-92 -34 -160 -86 -208 -158 -50 -76 -67 -137 -67 -239 l0 -88 -252 0 -253 0 278 -277 277 -278 277 278 278 277 -254 0 -254 0 7 79 c3 43 11 94 18 112 28 85 106 160 193 190 22 7 83 13 135 13 79 0 103 -3 142 -22 86 -42 158 -139 189 -253 8 -29 13 -191 16 -481 l5 -438 -651 0 -651 0 0 -50 0 -50 646 0 647 0 -6 -65 c-8 -85 -54 -220 -127 -372 -56 -118 -171 -321 -232 -410 -15 -23 -28 -44 -28 -47 0 -3 225 -6 500 -6 275 0 500 3 500 6 0 3 -13 24 -28 47 -61 89 -176 292 -232 410 -73 152 -119 287 -127 372 l-6 65 547 0 546 0 0 50 0 50 -550 0 -549 0 -3 463 c-3 456 -3 463 -26 519 -51 126 -166 240 -290 289 -49 20 -79 23 -212 26 -117 2 -165 -1 -195 -12z"/></g></svg>
  <svg x='525' y='395'><g transform="translate(0.150637931881,23.7039172086) scale(0.00985091590593,-0.00986267660793)"><path class="sym-line" fill="black" d="M975 2384 c-90 -32 -160 -84 -208 -157 -62 -95 -67 -123 -67 -389 l0 -238 99 0 99 0 4 223 c3 203 5 225 25 262 37 70 94 105 173 105 80 0 136 -35 176 -110 17 -32 19 -65 22 -334 4 -328 -3 -411 -45 -538 -30 -93 -120 -276 -203 -415 l-55 -93 -150 0 -150 0 353 -352 352 -353 352 353 353 352 -150 0 -150 0 -55 93 c-136 227 -220 425 -240 564 -5 37 -10 215 -10 394 0 362 -2 377 -67 476 -48 73 -119 127 -207 156 -61 21 -195 21 -251 1z M0 1250 l0 -50 550 0 550 0 0 50 0 50 -550 0 -550 0 0 -50z M1700 1250 l0 -50 500 0 500 0 0 50 0 50 -500 0 -500 0 0 -50z"/></g></svg>
  <svg x='463' y='414'><g transform="translate(0.0,10.0) scale(0.01,-0.01)"><path class="sym-line" fill="black" d="M400 800 l0 -200 -200 0 -200 0 0 -100 0 -100 200 0 200 0 0 -200 0 -200 100 0 100 0 0 200 0 200 200 0 200 0 0 100 0 100 -200 0 -200 0 0 200 0 200 -100 0 -100 0 0 -200z"/></g></svg>
  <svg x='482' y='483'><g transform="translate(0.149874875465,34.7500790925) scale(0.00988906872676,-0.00988956850125)"><path class="sym-line" fill="black" d="M1528 3484 c-592 -92 -1088 -447 -1348 -963 -125 -249 -180 -485 -180 -771 0 -480 183 -911 529 -1242 350 -336 780 -508 1271 -508 451 0 864 150 1193 434 326 281 517 620 591 1051 21 121 21 409 0 530 -43 252 -114 444 -237 639 -282 453 -741 750 -1284 831 -127 19 -413 18 -535 -1z m607 -173 c583 -126 1038 -523 1224 -1069 59 -173 75 -277 75 -492 0 -165 -3 -211 -22 -300 -71 -327 -228 -611 -458 -829 -186 -177 -381 -295 -614 -374 -176 -60 -282 -78 -490 -84 -247 -7 -416 19 -628 97 -549 201 -944 674 -1043 1250 -17 97 -17 383 0 480 99 576 495 1050 1043 1250 105 38 177 58 303 81 143 26 467 21 610 -10z M1060 2545 l0 -56 240 3 240 3 0 -232 0 -233 55 0 55 0 0 285 0 285 -295 0 -295 0 0 -55z M2190 2545 l0 -55 240 0 240 0 0 -230 0 -230 55 0 55 0 0 285 0 285 -295 0 -295 0 0 -55z M1020 2283 l-181 -176 40 -40 39 -40 186 178 186 179 -37 38 c-20 21 -40 38 -44 38 -4 0 -89 -80 -189 -177z M2152 2282 l-184 -177 41 -39 40 -39 158 150 c87 83 171 165 187 182 l30 31 -40 34 c-21 20 -41 35 -44 35 -3 1 -88 -79 -188 -177z M1239 2071 l-184 -179 34 -36 c19 -20 39 -36 44 -36 13 0 367 342 367 355 0 11 -61 75 -71 75 -4 0 -89 -81 -190 -179z M2370 2070 l-185 -180 40 -35 c22 -19 43 -34 47 -32 4 1 88 80 188 176 l181 174 -37 38 c-21 22 -41 39 -44 39 -3 0 -88 -81 -190 -180z"/></g></svg>
  <svg x='526' y='460'><g transform="translate(0.0,15.0) scale(0.01,-0.01)"><path class="sym-fill" fill="white" d="M200 750 l0 -550 300 0 300 0 0 550 0 550 -300 0 -300 0 0 -550z"/><path class="sym-line" fill="black" d="M0 750 l0 -750 750 0 750 0 0 750 0 750 -750 0 -750 0 0 -750z m800 0 l0 -550 -300 0 -300 0 0 550 0 550 300 0 300 0 0 -550z"/></g></svg>
  <svg x='528' y='479'><g transform="translate(0.180786096011,4.75000053092) scale(0.00958087152387,-0.00920312606184)"><path class="sym-line" fill="black" d="M245 488 c-55 -20 -116 -69 -150 -121 -45 -68 -84 -193 -92 -289 l-6 -78 107 0 106 0 0 40 c0 57 36 145 71 175 37 30 91 33 131 7 15 -10 53 -49 85 -87 82 -98 136 -129 231 -134 87 -4 139 9 200 51 86 59 157 215 169 371 l6 77 -107 0 -106 0 0 -40 c0 -57 -36 -145 -71 -175 -37 -30 -91 -33 -131 -7 -15 10 -53 49 -85 87 -32 38 -81 83 -107 100 -44 27 -59 30 -135 32 -47 1 -99 -3 -116 -9z"/></g></svg>
</svg>