<svg version='1.1' xmlns='http://www.w3.org/2000/svg' width='106' height='137' viewBox='447 431 106 137'>
  <text font-size='0'>M553x568S1ce37479x431S1ce20489x432S20800485x464S26a00476x476S10028447x536S10052453x530S26716471x552S2d808475x505S20500456x521S20500522x522S10052523x536S15a20520x536</text>
  <svg x='479' y='431'><g transform="translate(0.139196520361,26.8674296582) scale(0.00982690680239,-0.00989592302157)"><path class="sym-fill" fill="white" d="M636 1314 c-149 -36 -308 -162 -374 -296 -109 -223 -69 -463 107 -638 118 -117 247 -170 413 -170 158 0 304 58 411 163 74 73 117 145 147 245 31 101 25 244 -14 347 -47 124 -155 243 -279 307 -105 53 -287 72 -411 42z"/><path class="sym-line" fill="black" d="M1115 2199 c-92 -275 -165 -502 -163 -505 5 -4 154 -45 176 -47 9 -1 66 153 178 483 90 267 163 491 162 498 -2 10 -157 70 -185 72 -1 0 -76 -225 -168 -501z M520 2054 c0 -362 1 -385 18 -380 46 14 111 26 145 26 l37 0 0 370 0 370 -100 0 -100 0 0 -386z M1729 1963 l-421 -408 28 -20 c15 -11 51 -40 81 -64 l55 -43 106 104 c59 57 246 238 415 403 l308 299 -68 68 c-37 37 -71 68 -75 68 -5 0 -198 -183 -429 -407z M665 1520 c-273 -43 -502 -217 -605 -460 -77 -182 -78 -390 -4 -576 52 -129 175 -272 302 -351 450 -281 1054 -50 1182 453 27 104 27 263 1 365 -83 326 -371 556 -718 573 -54 3 -125 1 -158 -4z m310 -219 c179 -60 305 -188 367 -370 26 -77 30 -226 9 -301 -43 -150 -164 -297 -301 -364 -76 -37 -197 -66 -273 -66 -116 1 -276 60 -375 140 -234 188 -269 549 -76 782 158 190 410 260 649 179z"/></g></svg>
  <svg x='489' y='432'><g transform="translate(0.141780341959,29.7975477761) scale(0.00989923423951,-0.00988303675869)"><path class="sym-line" fill="black" d="M770 2301 l0 -698 -77 -6 c-322 -26 -609 -290 -678 -622 -19 -95 -19 -255 0 -350 48 -229 199 -431 402 -537 139 -73 183 -83 363 -83 142 1 162 3 235 28 418 140 644 609 498 1035 l-25 73 209 215 c114 118 271 280 347 360 l139 145 -72 72 -72 72 -333 -340 -333 -339 -60 58 -60 58 289 585 c159 322 288 586 286 588 -8 7 -169 85 -176 85 -5 0 -136 -259 -292 -576 -311 -631 -281 -582 -355 -554 l-25 10 0 710 0 710 -105 0 -105 0 0 -699z"/></g></svg>
  <svg x='485' y='464'><g transform="translate(0.0,10.0) scale(0.01,-0.01)"><path class="sym-line" fill="black" d="M400 800 l0 -200 -200 0 -200 0 0 -100 0 -100 200 0 200 0 0 -200 0 -200 100 0 100 0 0 200 0 200 200 0 200 0 0 100 0 100 -200 0 -200 0 0 200 0 200 -100 0 -100 0 0 -200z"/></g></svg>
  <svg x='476' y='476'><g transform="translate(0.199152862387,13.7487019785) scale(0.00981571140639,-0.0096798311579)"><path class="sym-line" fill="black" d="M345 1050 l-350 -350 303 0 302 0 0 -350 0 -350 100 0 100 0 0 350 0 350 550 0 550 0 0 -350 0 -350 100 0 100 0 0 350 0 350 302 0 303 0 -352 352 -353 353 -325 -325 -325 -325 -323 323 c-177 177 -324 322 -327 322 -3 0 -163 -157 -355 -350z"/></g></svg>
  <svg x='447' y='536'><g transform="translate(0.0,30.0) scale(0.01,-0.01)"><path class="sym-line" fill="black" d="M1300 2250 l0 -750 -650 0 -650 0 0 -750 0 -750 750 0 750 0 0 1500 0 1500 -100 0 -100 0 0 -750z"/></g></svg>
  <svg x='453' y='530'><g transform="translate(0.0,15.0) scale(0.01,-0.01)"><path class="sym-line" fill="black" d="M1700 750 l0 -750 650 0 650 0 0 750 0 750 -650 0 -650 0 0 -750z M0 100 l0 -100 750 0 750 0 0 100 0 100 -750 0 -750 0 0 -100z"/></g></svg>
  <svg x='471' y='552'><g transform="translate(0.149797517876,15.6976811299) scale(0.00989293660622,-0.00968799012796)"><path class="sym-fill" fill="white" d="M3500 800 l0 -555 277 278 278 277 -278 277 -277 278 0 -555z"/><path class="sym-line" fill="black" d="M3400 1252 l0 -352 -1700 0 -1700 0 0 -100 0 -100 1700 0 1700 0 0 -352 0 -353 402 403 403 402 -403 402 -402 403 0 -353z m377 -729 l-277 -278 0 555 0 555 277 -278 278 -277 -278 -277z"/></g></svg>
  <svg x='475' y='505'><g transform="translate(0.149394645235,14.751433214) scale(0.00991308023825,-0.00975679715006)"><path class="sym-line" fill="black" d="M1900 1494 c-372 -45 -639 -121 -937 -269 -155 -77 -339 -193 -473 -299 -86 -68 -490 -464 -490 -481 0 -6 31 -42 70 -80 l70 -69 192 190 c295 291 460 414 743 554 343 171 684 250 1075 250 391 0 732 -79 1075 -250 237 -117 430 -252 620 -433 l80 -76 -265 -265 -265 -266 603 0 602 0 0 602 0 603 -262 -262 -263 -262 -95 92 c-318 310 -744 544 -1185 652 -230 56 -323 67 -605 70 -140 2 -271 1 -290 -1z"/></g></svg>
  <svg x='456' y='521'><g transform="translate(-0.221878406359,10.7500002304) scale(0.0103429235226,-0.00963778430032)"><path class="sym-line" fill="black" d="M430 895 l0 -205 -37 23 c-21 13 -95 61 -165 105 l-128 82 -36 -71 c-19 -40 -32 -75 -27 -79 4 -3 74 -48 156 -99 81 -51 147 -97 147 -101 0 -4 -66 -50 -147 -101 -82 -51 -152 -96 -156 -99 -5 -4 8 -39 27 -79 l36 -71 128 82 c70 44 144 92 165 105 l37 23 0 -205 0 -205 70 0 70 0 0 205 0 205 38 -23 c20 -13 94 -61 164 -105 l128 -82 36 71 c19 40 32 75 27 79 -4 3 -74 48 -155 99 -82 51 -148 97 -148 101 0 4 66 50 148 101 81 51 151 96 155 99 5 4 -8 39 -27 79 l-36 71 -128 -82 c-70 -44 -144 -92 -164 -105 l-38 -23 0 205 0 205 -70 0 -70 0 0 -205z"/></g></svg>
  <svg x='522' y='522'><g transform="translate(-0.221878406359,10.7500002304) scale(0.0103429235226,-0.00963778430032)"><path class="sym-line" fill="black" d="M430 895 l0 -205 -37 23 c-21 13 -95 61 -165 105 l-128 82 -36 -71 c-19 -40 -32 -75 -27 -79 4 -3 74 -48 156 -99 81 -51 147 -97 147 -101 0 -4 -66 -50 -147 -101 -82 -51 -152 -96 -156 -99 -5 -4 8 -39 27 -79 l36 -71 128 82 c70 44 144 92 165 105 l37 23 0 -205 0 -205 70 0 70 0 0 205 0 205 38 -23 c20 -13 94 -61 164 -105 l128 -82 36 71 c19 40 32 75 27 79 -4 3 -74 48 -155 99 -82 51 -148 97 -148 101 0 4 66 50 148 101 81 51 151 96 155 99 5 4 -8 39 -27 79 l-36 71 -128 -82 c-70 -44 -144 -92 -164 -105 l-38 -23 0 205 0 205 -70 0 -70 0 0 -205z"/></g></svg>
  <svg x='523' y='536'><g transform="translate(0.0,15.0) scale(0.01,-0.01)"><path class="sym-line" fill="black" d="M1700 750 l0 -750 650 0 650 0 0 750 0 750 -650 0 -650 0 0 -750z M0 100 l0 -100 750 0 750 0 0 100 0 100 -750 0 -750 0 0 -100z"/></g></svg>
  <svg x='520' y='536'><g transform="translate(0.0,27.0) scale(0.01,-0.01)"><path class="sym-line" fill="black" d="M297 2402 l-297 -297 0 -1053 0 -1052 600 0 600 0 0 1053 0 1052 -298 298 c-163 163 -299 297 -302 297 -3 0 -139 -134 -303 -298z"/></g></svg>
</svg>