<svg version='1.1' xmlns='http://www.w3.org/2000/svg' width='104' height='107' viewBox='449 482 104 107'>
  <text font-size='0'>M553x589S36d00479x518S20332502x566S20336482x566S3780a463x521S37802520x520S37703462x553S3770b516x552S32101482x482S34000482x482S26a16449x562S26a02539x562</text>
  <svg x='479' y='518'><g transform="translate(0.0,4.0) scale(0.01,-0.01)"><path class="sym-line" fill="black" d="M0 200 l0 -200 2100 0 2100 0 0 200 0 200 -2100 0 -2100 0 0 -200z"/></g></svg>
  <svg x='502' y='566'><g transform="translate(0.0,15.0) scale(0.01,-0.01)"><path class="sym-fill" fill="white" d="M400 1400 l0 -100 -100 0 -100 0 0 -550 0 -550 100 0 100 0 0 -100 0 -100 150 0 150 0 0 100 0 100 300 0 300 0 0 550 0 550 -300 0 -300 0 0 100 0 100 -150 0 -150 0 0 -100z"/><path class="sym-line" fill="black" d="M0 750 l0 -750 200 0 200 0 0 100 0 100 -100 0 -100 0 0 550 0 550 100 0 100 0 0 100 0 100 -200 0 -200 0 0 -750z M700 1400 l0 -100 300 0 300 0 0 -550 0 -550 -300 0 -300 0 0 -100 0 -100 400 0 400 0 0 750 0 750 -400 0 -400 0 0 -100z"/></g></svg>
  <svg x='482' y='566'><g transform="translate(0.0,15.0) scale(0.01,-0.01)"><path class="sym-fill" fill="white" d="M800 1400 l0 -100 -300 0 -300 0 0 -550 0 -550 300 0 300 0 0 -100 0 -100 150 0 150 0 0 100 0 100 100 0 100 0 0 550 0 550 -100 0 -100 0 0 100 0 100 -150 0 -150 0 0 -100z"/><path class="sym-line" fill="black" d="M0 750 l0 -750 400 0 400 0 0 100 0 100 -300 0 -300 0 0 550 0 550 300 0 300 0 0 100 0 100 -400 0 -400 0 0 -750z M1100 1400 l0 -100 100 0 100 0 0 -550 0 -550 -100 0 -100 0 0 -100 0 -100 200 0 200 0 0 750 0 750 -200 0 -200 0 0 -100z"/></g></svg>
  <svg x='463' y='521'><g transform="translate(0.00743966815015,32.4618200022) scale(0.00993121378524,-0.0102889625306)"><path class="sym-line" fill="black" d="M1402 2907 c-272 -528 -1381 -2703 -1387 -2719 -5 -13 13 -30 76 -72 46 -31 86 -52 90 -48 19 21 1509 2953 1505 2961 -3 5 -42 32 -85 59 l-80 51 -119 -232z"/></g></svg>
  <svg x='520' y='520'><g transform="translate(0.00758934082336,32.4653326659) scale(0.00990600575607,-0.0103109685146)"><path class="sym-line" fill="black" d="M92 3084 c-65 -43 -82 -59 -77 -72 9 -26 1496 -2936 1504 -2944 6 -7 171 97 171 108 0 7 -1501 2947 -1509 2956 -3 3 -44 -18 -89 -48z"/></g></svg>
  <svg x='462' y='553'><g transform="translate(-0.946174107756,22.3050086955) scale(0.0107616505441,-0.0103087417234)"><path class="sym-line" fill="black" d="M167 2075 c-38 -41 -67 -79 -65 -85 7 -21 1842 -1941 1853 -1938 6 2 43 37 82 79 l72 75 -923 970 c-508 533 -930 970 -938 971 -7 1 -44 -32 -81 -72z"/></g></svg>
  <svg x='516' y='552'><g transform="translate(-0.981442752515,22.333772324) scale(0.0107782670044,-0.0103182059236)"><path class="sym-line" fill="black" d="M1024 1185 c-505 -531 -919 -971 -919 -979 0 -7 31 -46 69 -86 51 -55 72 -71 83 -64 8 5 428 443 933 973 l919 965 -72 75 c-39 42 -76 77 -82 79 -6 1 -425 -432 -931 -963z"/></g></svg>
  <svg x='482' y='482'><g transform="translate(0.149874875465,34.7500790925) scale(0.00988906872676,-0.00988956850125)"><path class="sym-line" fill="black" d="M1528 3484 c-592 -92 -1088 -447 -1348 -963 -125 -249 -180 -485 -180 -771 0 -480 183 -911 529 -1242 350 -336 780 -508 1271 -508 451 0 864 150 1193 434 326 281 517 620 591 1051 21 121 21 409 0 530 -43 252 -114 444 -237 639 -282 453 -741 750 -1284 831 -127 19 -413 18 -535 -1z m607 -173 c583 -126 1038 -523 1224 -1069 59 -173 75 -277 75 -492 0 -165 -3 -211 -22 -300 -71 -327 -228 -611 -458 -829 -186 -177 -381 -295 -614 -374 -176 -60 -282 -78 -490 -84 -247 -7 -416 19 -628 97 -549 201 -944 674 -1043 1250 -17 97 -17 383 0 480 99 576 495 1050 1043 1250 105 38 177 58 303 81 143 26 467 21 610 -10z M820 2215 l0 -285 55 0 55 0 0 235 0 234 240 -6 240 -6 0 56 0 57 -295 0 -295 0 0 -285z M1950 2215 l0 -285 55 0 55 0 0 235 0 234 240 -6 240 -6 0 56 0 57 -295 0 -295 0 0 -285z M1217 2322 l-37 -38 186 -179 186 -178 40 40 39 40 -182 176 c-100 98 -185 177 -189 177 -3 0 -23 -17 -43 -38z M2348 2323 l-36 -38 185 -179 184 -179 40 39 40 40 -180 177 c-98 97 -183 177 -188 177 -5 0 -25 -17 -45 -37z M997 2112 l-38 -39 186 -178 186 -178 36 30 c20 16 38 34 40 40 4 10 -354 363 -367 363 -3 0 -23 -17 -43 -38z M2131 2116 c-18 -19 -32 -39 -30 -44 6 -16 356 -352 366 -352 5 0 25 16 44 36 l34 35 -182 180 c-99 98 -185 179 -190 179 -5 0 -24 -15 -42 -34z"/></g></svg>
  <svg x='482' y='482'><g transform="translate(0.149874875465,34.7500790925) scale(0.00988906872676,-0.00988956850125)"><path class="sym-line" fill="black" d="M1528 3484 c-592 -92 -1088 -447 -1348 -963 -125 -249 -180 -485 -180 -771 0 -480 183 -911 529 -1242 350 -336 780 -508 1271 -508 451 0 864 150 1193 434 326 281 517 620 591 1051 21 121 21 409 0 530 -43 252 -114 444 -237 639 -282 453 -741 750 -1284 831 -127 19 -413 18 -535 -1z m607 -173 c583 -126 1038 -523 1224 -1069 59 -173 75 -277 75 -492 0 -165 -3 -211 -22 -300 -71 -327 -228 -611 -458 -829 -186 -177 -381 -295 -614 -374 -176 -60 -282 -78 -490 -84 -247 -7 -416 19 -628 97 -549 201 -944 674 -1043 1250 -17 97 -17 383 0 480 99 576 495 1050 1043 1250 105 38 177 58 303 81 143 26 467 21 610 -10z M972 1133 c172 -279 410 -466 657 -519 98 -21 272 -18 364 5 248 64 470 243 636 514 l41 67 -870 0 -869 0 41 -67z m1327 -166 c-146 -141 -305 -207 -499 -207 -193 0 -350 65 -499 207 l-86 82 585 0 585 0 -86 -82z"/></g></svg>
  <svg x='449' y='562'><g transform="translate(0.150154255097,26.6987646633) scale(0.00967978724514,-0.00981574685289)"><path class="sym-fill" fill="white" d="M800 2000 l0 -455 227 228 228 227 -228 227 -227 228 0 -455z M800 700 l0 -455 227 228 228 227 -228 227 -227 228 0 -455z"/><path class="sym-line" fill="black" d="M700 2402 l0 -302 -350 0 -350 0 0 -100 0 -100 350 0 350 0 0 -550 0 -550 -350 0 -350 0 0 -100 0 -100 350 0 350 0 0 -302 0 -303 352 352 353 353 -325 325 -325 325 325 325 325 325 -353 353 -352 352 0 -303z m327 -629 l-227 -228 0 455 0 455 227 -228 228 -227 -228 -227z m0 -1300 l-227 -228 0 455 0 455 227 -228 228 -227 -228 -227z"/></g></svg>
  <svg x='539' y='562'><g transform="translate(0.198655335493,26.6999810561) scale(0.00967978724514,-0.00983390502079)"><path class="sym-line" fill="black" d="M345 2350 l-350 -350 325 -325 325 -325 -325 -325 -325 -325 353 -353 352 -352 0 303 0 302 350 0 350 0 0 100 0 100 -350 0 -350 0 0 550 0 550 350 0 350 0 0 100 0 100 -350 0 -350 0 -2 300 -3 300 -350 -350z"/></g></svg>
</svg>