<svg version='1.1' xmlns='http://www.w3.org/2000/svg' width='108' height='33' viewBox='446 484 108 33'>
  <text font-size='0'>M554x517S37806473x508S37806490x493S20342475x486S2034a505x500S20500461x505S20500524x506S28800542x490S28818446x487S20500523x484S20500461x484</text>
  <svg x='473' y='508'><g transform="translate(0.0,2.0) scale(0.01,-0.01)"><path class="sym-line" fill="black" d="M0 100 l0 -100 1600 0 1600 0 0 100 0 100 -1600 0 -1600 0 0 -100z"/></g></svg>
  <svg x='490' y='493'><g transform="translate(0.0,2.0) scale(0.01,-0.01)"><path class="sym-line" fill="black" d="M0 100 l0 -100 1600 0 1600 0 0 100 0 100 -1600 0 -1600 0 0 -100z"/></g></svg>
  <svg x='475' y='486'><g transform="translate(0.0,15.0) scale(0.01,-0.01)"><path class="sym-fill" fill="white" d="M400 1150 l0 -350 -100 0 -100 0 0 -300 0 -300 100 0 100 0 0 -100 0 -100 150 0 150 0 0 100 0 100 300 0 300 0 0 300 0 300 -300 0 -300 0 0 350 0 350 -150 0 -150 0 0 -350z"/><path class="sym-line" fill="black" d="M0 750 l0 -750 200 0 200 0 0 100 0 100 -100 0 -100 0 0 300 0 300 100 0 100 0 0 350 0 350 -200 0 -200 0 0 -750z M700 1150 l0 -350 300 0 300 0 0 -300 0 -300 -300 0 -300 0 0 -100 0 -100 400 0 400 0 0 750 0 750 -400 0 -400 0 0 -350z"/></g></svg>
  <svg x='505' y='500'><g transform="translate(0.0,15.0) scale(0.01,-0.01)"><path class="sym-fill" fill="white" d="M800 1150 l0 -350 -300 0 -300 0 0 -300 0 -300 300 0 300 0 0 -100 0 -100 150 0 150 0 0 100 0 100 100 0 100 0 0 300 0 300 -100 0 -100 0 0 350 0 350 -150 0 -150 0 0 -350z"/><path class="sym-line" fill="black" d="M0 750 l0 -750 400 0 400 0 0 100 0 100 -300 0 -300 0 0 300 0 300 300 0 300 0 0 350 0 350 -400 0 -400 0 0 -750z M1100 1150 l0 -350 100 0 100 0 0 -300 0 -300 -100 0 -100 0 0 -100 0 -100 200 0 200 0 0 750 0 750 -200 0 -200 0 0 -350z"/></g></svg>
  <svg x='461' y='505'><g transform="translate(-0.221878406359,10.7500002304) scale(0.0103429235226,-0.00963778430032)"><path class="sym-line" fill="black" d="M430 895 l0 -205 -37 23 c-21 13 -95 61 -165 105 l-128 82 -36 -71 c-19 -40 -32 -75 -27 -79 4 -3 74 -48 156 -99 81 -51 147 -97 147 -101 0 -4 -66 -50 -147 -101 -82 -51 -152 -96 -156 -99 -5 -4 8 -39 27 -79 l36 -71 128 82 c70 44 144 92 165 105 l37 23 0 -205 0 -205 70 0 70 0 0 205 0 205 38 -23 c20 -13 94 -61 164 -105 l128 -82 36 71 c19 40 32 75 27 79 -4 3 -74 48 -155 99 -82 51 -148 97 -148 101 0 4 66 50 148 101 81 51 151 96 155 99 5 4 -8 39 -27 79 l-36 71 -128 -82 c-70 -44 -144 -92 -164 -105 l-38 -23 0 205 0 205 -70 0 -70 0 0 -205z"/></g></svg>
  <svg x='524' y='506'><g transform="translate(-0.221878406359,10.7500002304) scale(0.0103429235226,-0.00963778430032)"><path class="sym-line" fill="black" d="M430 895 l0 -205 -37 23 c-21 13 -95 61 -165 105 l-128 82 -36 -71 c-19 -40 -32 -75 -27 -79 4 -3 74 -48 156 -99 81 -51 147 -97 147 -101 0 -4 -66 -50 -147 -101 -82 -51 -152 -96 -156 -99 -5 -4 8 -39 27 -79 l36 -71 128 82 c70 44 144 92 165 105 l37 23 0 -205 0 -205 70 0 70 0 0 205 0 205 38 -23 c20 -13 94 -61 164 -105 l128 -82 36 71 c19 40 32 75 27 79 -4 3 -74 48 -155 99 -82 51 -148 97 -148 101 0 4 66 50 148 101 81 51 151 96 155 99 5 4 -8 39 -27 79 l-36 71 -128 -82 c-70 -44 -144 -92 -164 -105 l-38 -23 0 205 0 205 -70 0 -70 0 0 -205z"/></g></svg>
  <svg x='542' y='490'><g transform="translate(0.1497744584,21.751847129) scale(0.00969877707999,-0.00981973164957)"><path class="sym-fill" fill="white" d="M502 1697 l-142 -142 108 -108 c121 -121 157 -179 174 -282 14 -82 0 -177 -37 -248 -19 -37 -96 -121 -266 -292 l-239 -240 143 -143 142 -142 226 227 c305 307 351 370 405 548 24 79 28 106 28 225 0 119 -4 146 -28 225 -46 153 -128 274 -293 437 l-78 78 -143 -143z"/><path class="sym-line" fill="black" d="M0 1698 l0 -503 125 125 126 125 108 -111 c116 -117 131 -144 131 -234 0 -101 -5 -108 -256 -360 -129 -130 -234 -240 -234 -246 0 -5 23 -32 50 -59 l51 -50 239 240 c196 198 244 251 265 297 35 77 48 163 36 239 -17 105 -50 159 -173 285 l-112 115 142 142 142 142 101 -100 c162 -161 230 -264 281 -425 20 -64 23 -96 23 -220 0 -160 -16 -233 -77 -355 -54 -107 -87 -146 -337 -398 l-245 -247 49 -50 c27 -28 54 -50 61 -50 6 0 121 111 255 248 302 305 358 387 425 612 27 94 27 386 0 480 -57 192 -128 308 -299 486 l-120 125 124 125 124 124 -503 0 -502 0 0 -502z"/></g></svg>
  <svg x='446' y='487'><g transform="translate(0.113613034523,21.751847129) scale(0.00969551259763,-0.00981973164957)"><path class="sym-fill" fill="white" d="M770 1775 c179 -179 326 -325 327 -325 2 0 3 146 3 325 l0 325 -327 0 -328 0 325 -325z M464 1748 c-169 -172 -233 -269 -280 -423 -40 -131 -40 -319 0 -450 54 -178 100 -241 405 -548 l226 -227 142 142 143 143 -239 240 c-260 261 -284 293 -303 409 -14 83 0 177 37 249 16 31 70 96 136 162 l109 110 -143 143 -142 142 -91 -92z"/><path class="sym-line" fill="black" d="M319 2076 l124 -125 -120 -125 c-171 -178 -242 -294 -299 -486 -27 -94 -27 -386 0 -480 67 -225 123 -307 425 -612 134 -137 249 -248 255 -248 7 0 34 22 61 50 l49 50 -245 247 c-250 252 -283 291 -337 398 -61 122 -77 195 -77 355 0 124 3 156 23 220 51 161 119 264 281 425 l101 100 142 -142 142 -142 -112 -115 c-123 -126 -156 -180 -173 -285 -12 -76 1 -162 36 -239 21 -46 69 -99 265 -297 l239 -240 51 50 c27 27 50 54 50 59 0 6 -105 116 -234 246 -251 252 -256 259 -256 360 0 90 15 117 131 234 l108 111 126 -125 125 -125 0 503 0 502 -502 0 -503 0 124 -124z m781 -302 l0 -326 -157 150 c-87 83 -237 230 -333 326 l-175 176 333 0 332 0 0 -326z"/></g></svg>
  <svg x='523' y='484'><g transform="translate(-0.221878406359,10.7500002304) scale(0.0103429235226,-0.00963778430032)"><path class="sym-line" fill="black" d="M430 895 l0 -205 -37 23 c-21 13 -95 61 -165 105 l-128 82 -36 -71 c-19 -40 -32 -75 -27 -79 4 -3 74 -48 156 -99 81 -51 147 -97 147 -101 0 -4 -66 -50 -147 -101 -82 -51 -152 -96 -156 -99 -5 -4 8 -39 27 -79 l36 -71 128 82 c70 44 144 92 165 105 l37 23 0 -205 0 -205 70 0 70 0 0 205 0 205 38 -23 c20 -13 94 -61 164 -105 l128 -82 36 71 c19 40 32 75 27 79 -4 3 -74 48 -155 99 -82 51 -148 97 -148 101 0 4 66 50 148 101 81 51 151 96 155 99 5 4 -8 39 -27 79 l-36 71 -128 -82 c-70 -44 -144 -92 -164 -105 l-38 -23 0 205 0 205 -70 0 -70 0 0 -205z"/></g></svg>
  <svg x='461' y='484'><g transform="translate(-0.221878406359,10.7500002304) scale(0.0103429235226,-0.00963778430032)"><path class="sym-line" fill="black" d="M430 895 l0 -205 -37 23 c-21 13 -95 61 -165 105 l-128 82 -36 -71 c-19 -40 -32 -75 -27 -79 4 -3 74 -48 156 -99 81 -51 147 -97 147 -101 0 -4 -66 -50 -147 -101 -82 -51 -152 -96 -156 -99 -5 -4 8 -39 27 -79 l36 -71 128 82 c70 44 144 92 165 105 l37 23 0 -205 0 -205 70 0 70 0 0 205 0 205 38 -23 c20 -13 94 -61 164 -105 l128 -82 36 71 c19 40 32 75 27 79 -4 3 -74 48 -155 99 -82 51 -148 97 -148 101 0 4 66 50 148 101 81 51 151 96 155 99 5 4 -8 39 -27 79 l-36 71 -128 -82 c-70 -44 -144 -92 -164 -105 l-38 -23 0 205 0 205 -70 0 -70 0 0 -205z"/></g></svg>
</svg>