<svg version='1.1' xmlns='http://www.w3.org/2000/svg' width='108' height='65' viewBox='446 468 108 65'>
  <text font-size='0'>M554x533S1fb20509x476S1fb28478x476S20500496x480S2fb00494x468S24402521x488S2441a446x488S1fb28482x501S1fb20503x501S20500495x522</text>
  <svg x='509' y='476'><g transform="translate(0.0,19.0) scale(0.01,-0.01)"><path class="sym-line" fill="black" d="M300 1700 l0 -200 -150 0 -150 0 0 -750 0 -750 750 0 750 0 0 750 0 750 -400 0 -400 0 0 200 0 200 -200 0 -200 0 0 -200z"/></g></svg>
  <svg x='478' y='476'><g transform="translate(0.0,19.0) scale(0.01,-0.01)"><path class="sym-line" fill="black" d="M800 1700 l0 -200 -400 0 -400 0 0 -750 0 -750 750 0 750 0 0 750 0 750 -150 0 -150 0 0 200 0 200 -200 0 -200 0 0 -200z"/></g></svg>
  <svg x='496' y='480'><g transform="translate(-0.221878406359,10.7500002304) scale(0.0103429235226,-0.00963778430032)"><path class="sym-line" fill="black" d="M430 895 l0 -205 -37 23 c-21 13 -95 61 -165 105 l-128 82 -36 -71 c-19 -40 -32 -75 -27 -79 4 -3 74 -48 156 -99 81 -51 147 -97 147 -101 0 -4 -66 -50 -147 -101 -82 -51 -152 -96 -156 -99 -5 -4 8 -39 27 -79 l36 -71 128 82 c70 44 144 92 165 105 l37 23 0 -205 0 -205 70 0 70 0 0 205 0 205 38 -23 c20 -13 94 -61 164 -105 l128 -82 36 71 c19 40 32 75 27 79 -4 3 -74 48 -155 99 -82 51 -148 97 -148 101 0 4 66 50 148 101 81 51 151 96 155 99 5 4 -8 39 -27 79 l-36 71 -128 -82 c-70 -44 -144 -92 -164 -105 l-38 -23 0 205 0 205 -70 0 -70 0 0 -205z"/></g></svg>
  <svg x='494' y='468'><g transform="translate(0.169849905175,5.76208528494) scale(0.0097007872376,-0.00950858679199)"><path class="sym-line" fill="black" d="M552 580 c-226 -60 -429 -239 -518 -459 -13 -33 -27 -73 -30 -90 l-6 -31 60 0 61 0 42 83 c54 103 163 217 264 273 205 113 445 113 650 0 101 -56 210 -170 264 -273 l42 -83 61 0 61 0 -7 31 c-22 111 -99 242 -206 349 -99 99 -217 167 -346 200 -105 27 -289 27 -392 0z"/></g></svg>
  <svg x='521' y='488'><g transform="translate(0.150075358497,32.7700942965) scale(0.00987904457514,-0.0098853505444)"><path class="sym-fill" fill="white" d="M770 2900 l0 -200 975 0 975 0 0 -850 0 -850 -970 0 -970 0 0 -200 0 -200 1165 0 1165 0 0 1250 0 1250 -1170 0 -1170 0 0 -200z"/><path class="sym-line" fill="black" d="M770 3200 l0 -100 1170 0 1170 0 0 -1250 0 -1250 -1170 0 -1170 0 0 200 0 200 975 0 975 0 0 850 0 850 -975 0 -975 0 0 -100 0 -100 875 0 875 0 0 -650 0 -650 -870 0 -870 0 0 201 c0 110 -4 199 -9 197 -15 -6 -771 -788 -771 -798 0 -10 756 -792 771 -798 5 -2 9 87 9 197 l0 201 1260 0 1260 0 0 1450 0 1450 -1265 0 -1265 0 0 -100z"/></g></svg>
  <svg x='446' y='488'><g transform="translate(0.150075358497,32.7700942965) scale(0.00987904457514,-0.0098853505444)"><path class="sym-fill" fill="white" d="M190 1850 l0 -1250 1165 0 1165 0 0 200 0 200 -970 0 -970 0 0 850 0 850 975 0 975 0 0 200 0 200 -1170 0 -1170 0 0 -1250z M2621 800 l0 -555 269 275 c148 151 269 277 269 280 0 3 -121 129 -269 280 l-269 275 0 -555z"/><path class="sym-line" fill="black" d="M0 1850 l0 -1450 1260 0 1260 0 0 -201 c0 -122 4 -199 9 -197 17 6 771 786 771 798 0 12 -754 792 -771 798 -5 2 -9 -75 -9 -197 l0 -201 -870 0 -870 0 0 650 0 650 875 0 875 0 0 100 0 100 -970 0 -970 0 0 -850 0 -850 970 0 970 0 0 -200 0 -200 -1170 0 -1170 0 0 1250 0 1250 1170 0 1170 0 0 100 0 100 -1265 0 -1265 0 0 -1450z m2895 -773 c143 -147 260 -272 260 -277 0 -9 -512 -542 -527 -548 -5 -2 -8 245 -8 548 0 303 3 550 8 548 4 -1 124 -123 267 -271z"/></g></svg>
  <svg x='482' y='501'><g transform="translate(0.0,19.0) scale(0.01,-0.01)"><path class="sym-line" fill="black" d="M800 1700 l0 -200 -400 0 -400 0 0 -750 0 -750 750 0 750 0 0 750 0 750 -150 0 -150 0 0 200 0 200 -200 0 -200 0 0 -200z"/></g></svg>
  <svg x='503' y='501'><g transform="translate(0.0,19.0) scale(0.01,-0.01)"><path class="sym-line" fill="black" d="M300 1700 l0 -200 -150 0 -150 0 0 -750 0 -750 750 0 750 0 0 750 0 750 -400 0 -400 0 0 200 0 200 -200 0 -200 0 0 -200z"/></g></svg>
  <svg x='495' y='522'><g transform="translate(-0.221878406359,10.7500002304) scale(0.0103429235226,-0.00963778430032)"><path class="sym-line" fill="black" d="M430 895 l0 -205 -37 23 c-21 13 -95 61 -165 105 l-128 82 -36 -71 c-19 -40 -32 -75 -27 -79 4 -3 74 -48 156 -99 81 -51 147 -97 147 -101 0 -4 -66 -50 -147 -101 -82 -51 -152 -96 -156 -99 -5 -4 8 -39 27 -79 l36 -71 128 82 c70 44 144 92 165 105 l37 23 0 -205 0 -205 70 0 70 0 0 205 0 205 38 -23 c20 -13 94 -61 164 -105 l128 -82 36 71 c19 40 32 75 27 79 -4 3 -74 48 -155 99 -82 51 -148 97 -148 101 0 4 66 50 148 101 81 51 151 96 155 99 5 4 -8 39 -27 79 l-36 71 -128 -82 c-70 -44 -144 -92 -164 -105 l-38 -23 0 205 0 205 -70 0 -70 0 0 -205z"/></g></svg>
</svg>