<svg version='1.1' xmlns='http://www.w3.org/2000/svg' width='108' height='76' viewBox='446 462 108 76'>
  <text font-size='0'>M554x538S11001470x498S1100a446x523S11002527x522S11009502x497S20500467x511S20500524x510S26503484x483S26505503x483S2d818480x462</text>
  <svg x='470' y='498'><g transform="translate(0.149240002739,25.9544357893) scale(0.00992081236304,-0.00996909759543)"><path class="sym-fill" fill="white" d="M1418 1364 c-183 -174 -348 -331 -366 -348 l-33 -32 365 -347 c201 -191 370 -347 375 -347 6 0 175 156 376 347 l366 347 -23 22 c-186 180 -713 674 -718 674 -5 0 -158 -142 -342 -316z"/><path class="sym-line" fill="black" d="M995 2512 c-44 -42 -135 -130 -203 -194 l-122 -116 206 -196 207 -195 68 62 c38 33 69 66 69 72 0 6 -59 66 -130 134 -72 67 -128 126 -125 131 3 4 31 31 63 59 l59 50 259 -245 c142 -136 260 -250 262 -254 3 -9 -376 -370 -389 -370 -5 0 -189 171 -409 381 l-401 381 -155 -149 c-85 -81 -177 -168 -205 -191 -27 -24 -49 -47 -49 -52 0 -9 400 -390 409 -390 3 1 37 30 76 65 l70 64 -135 131 -135 130 59 55 c33 30 62 55 66 55 3 0 154 -140 335 -312 l329 -312 -168 -161 -168 -161 507 -482 c279 -265 510 -482 515 -482 4 0 235 217 515 482 l507 482 -58 56 c-607 579 -1630 1546 -1638 1548 -6 1 -47 -33 -91 -76z m1139 -1176 c202 -192 366 -352 364 -355 -6 -14 -730 -696 -738 -696 -13 0 -735 687 -735 699 0 11 727 706 736 703 4 -1 172 -159 373 -351z"/></g></svg>
  <svg x='446' y='523'><g transform="translate(0.0,15.0) scale(0.01,-0.01)"><path class="sym-fill" fill="white" d="M200 750 l0 -550 550 0 550 0 0 550 0 550 -550 0 -550 0 0 -550z"/><path class="sym-line" fill="black" d="M0 750 l0 -750 750 0 750 0 0 250 0 250 500 0 500 0 0 -100 0 -100 -200 0 -200 0 0 -100 0 -100 300 0 300 0 0 300 0 300 -600 0 -600 0 0 300 0 300 400 0 400 0 0 -100 0 -100 -200 0 -200 0 0 -100 0 -100 300 0 300 0 0 300 0 300 -1250 0 -1250 0 0 -750z m1300 0 l0 -550 -550 0 -550 0 0 550 0 550 550 0 550 0 0 -550z"/></g></svg>
  <svg x='527' y='522'><g transform="translate(0.0,15.0) scale(0.01,-0.01)"><path class="sym-fill" fill="white" d="M1400 750 l0 -550 550 0 550 0 0 550 0 550 -550 0 -550 0 0 -550z"/><path class="sym-line" fill="black" d="M200 1200 l0 -300 300 0 300 0 0 100 0 100 -200 0 -200 0 0 100 0 100 400 0 400 0 0 -300 0 -300 -600 0 -600 0 0 -300 0 -300 300 0 300 0 0 100 0 100 -200 0 -200 0 0 100 0 100 500 0 500 0 0 -250 0 -250 750 0 750 0 0 750 0 750 -1250 0 -1250 0 0 -300z m2300 -450 l0 -550 -550 0 -550 0 0 550 0 550 550 0 550 0 0 -550z"/></g></svg>
  <svg x='502' y='497'><g transform="translate(-0.0397638291829,25.9740273956) scale(0.00990700123101,-0.00996909759543)"><path class="sym-fill" fill="white" d="M674 1338 c-199 -189 -363 -346 -365 -351 -2 -4 162 -165 365 -357 l368 -349 271 257 c149 141 316 300 370 352 l99 95 -366 348 c-201 191 -370 347 -374 347 -4 0 -170 -154 -368 -342z"/><path class="sym-line" fill="black" d="M898 1819 c-447 -424 -828 -786 -846 -803 l-33 -32 505 -479 c278 -264 510 -481 515 -483 5 -2 238 214 517 479 l507 483 -168 161 -168 160 327 310 c179 171 330 311 336 313 5 2 36 -22 69 -53 l59 -56 -131 -126 c-73 -69 -132 -128 -132 -132 0 -3 30 -35 67 -70 l68 -64 42 36 c24 20 117 108 208 197 l165 160 -77 72 c-42 40 -136 128 -207 196 l-130 123 -404 -384 -404 -385 -194 183 c-107 101 -194 187 -194 192 0 4 95 98 210 207 116 110 233 222 261 249 l52 49 62 -59 63 -59 -133 -126 c-72 -70 -130 -131 -128 -135 1 -4 33 -36 69 -71 l67 -63 207 198 208 198 -61 55 c-33 30 -125 117 -205 193 -79 75 -147 137 -151 137 -3 0 -371 -347 -818 -771z m516 -479 c200 -190 364 -350 363 -357 -2 -14 -729 -704 -738 -701 -4 2 -172 160 -374 352 l-367 349 25 25 c118 117 714 680 719 679 4 -1 171 -157 372 -347z"/></g></svg>
  <svg x='467' y='511'><g transform="translate(-0.221878406359,10.7500002304) scale(0.0103429235226,-0.00963778430032)"><path class="sym-line" fill="black" d="M430 895 l0 -205 -37 23 c-21 13 -95 61 -165 105 l-128 82 -36 -71 c-19 -40 -32 -75 -27 -79 4 -3 74 -48 156 -99 81 -51 147 -97 147 -101 0 -4 -66 -50 -147 -101 -82 -51 -152 -96 -156 -99 -5 -4 8 -39 27 -79 l36 -71 128 82 c70 44 144 92 165 105 l37 23 0 -205 0 -205 70 0 70 0 0 205 0 205 38 -23 c20 -13 94 -61 164 -105 l128 -82 36 71 c19 40 32 75 27 79 -4 3 -74 48 -155 99 -82 51 -148 97 -148 101 0 4 66 50 148 101 81 51 151 96 155 99 5 4 -8 39 -27 79 l-36 71 -128 -82 c-70 -44 -144 -92 -164 -105 l-38 -23 0 205 0 205 -70 0 -70 0 0 -205z"/></g></svg>
  <svg x='524' y='510'><g transform="translate(-0.221878406359,10.7500002304) scale(0.0103429235226,-0.00963778430032)"><path class="sym-line" fill="black" d="M430 895 l0 -205 -37 23 c-21 13 -95 61 -165 105 l-128 82 -36 -71 c-19 -40 -32 -75 -27 -79 4 -3 74 -48 156 -99 81 -51 147 -97 147 -101 0 -4 -66 -50 -147 -101 -82 -51 -152 -96 -156 -99 -5 -4 8 -39 27 -79 l36 -71 128 82 c70 44 144 92 165 105 l37 23 0 -205 0 -205 70 0 70 0 0 205 0 205 38 -23 c20 -13 94 -61 164 -105 l128 -82 36 71 c19 40 32 75 27 79 -4 3 -74 48 -155 99 -82 51 -148 97 -148 101 0 4 66 50 148 101 81 51 151 96 155 99 5 4 -8 39 -27 79 l-36 71 -128 -82 c-70 -44 -144 -92 -164 -105 l-38 -23 0 205 0 205 -70 0 -70 0 0 -205z"/></g></svg>
  <svg x='484' y='483'><g transform="translate(0.149997363587,13.047291644) scale(0.00988294432064,-0.00992219549537)"><path class="sym-line" fill="black" d="M790 985 l-315 -315 -237 237 -238 238 0 -558 0 -557 557 0 558 0 -235 235 -235 235 315 315 315 315 -85 85 -85 85 -315 -315z"/></g></svg>
  <svg x='503' y='483'><g transform="translate(0.201449840713,12.7676076804) scale(0.00987988174105,-0.00992219549537)"><path class="sym-line" fill="black" d="M75 1190 l-80 -80 318 -318 317 -317 -237 -238 -238 -237 558 0 557 0 0 557 0 558 -235 -235 -235 -235 -313 313 c-171 171 -317 312 -322 312 -6 0 -46 -36 -90 -80z"/></g></svg>
  <svg x='480' y='462'><g transform="translate(0.149394645235,14.751433214) scale(0.00991308023825,-0.00975679715006)"><path class="sym-fill" fill="white" d="M4070 525 l-425 -425 428 0 427 0 0 425 c0 234 -1 425 -3 425 -1 0 -193 -191 -427 -425z"/><path class="sym-line" fill="black" d="M1900 1494 c-372 -45 -639 -121 -937 -269 -155 -77 -339 -193 -473 -299 -86 -68 -490 -464 -490 -481 0 -6 31 -42 70 -80 l70 -69 192 190 c295 291 460 414 743 554 343 171 684 250 1075 250 391 0 732 -79 1075 -250 237 -117 430 -252 620 -433 l80 -76 -265 -265 -265 -266 603 0 602 0 0 602 0 603 -262 -262 -263 -262 -95 92 c-318 310 -744 544 -1185 652 -230 56 -323 67 -605 70 -140 2 -271 1 -290 -1z m2600 -969 l0 -425 -427 0 -428 0 425 425 c234 234 426 425 427 425 2 0 3 -191 3 -425z"/></g></svg>
</svg>