<svg version='1.1' xmlns='http://www.w3.org/2000/svg' width='111' height='119' viewBox='444 482 111 119'>
  <text font-size='0'>M555x601S36b00482x482S10e00525x499S10e08459x498S22722545x488S22726444x490S15a40525x551S15a48462x550S22a04525x586S22a14462x585</text>
  <svg x='482' y='482'><g transform="translate(0.149874875465,35.7500448452) scale(0.00988906872676,-0.00988934738024)"><path class="sym-line" fill="black" d="M1465 3580 c-379 -67 -693 -228 -955 -490 -268 -268 -433 -596 -494 -982 -14 -84 -16 -242 -16 -1103 l0 -1005 250 0 250 0 0 333 0 334 78 -75 c267 -258 587 -416 964 -476 128 -21 388 -21 516 0 377 60 697 218 965 476 l77 75 0 -334 0 -333 250 0 250 0 0 1005 c0 861 -2 1019 -16 1103 -61 386 -226 714 -494 982 -268 268 -596 433 -982 494 -140 23 -507 20 -643 -4z m560 -401 c95 -15 185 -40 277 -78 325 -136 610 -454 721 -807 66 -207 76 -337 77 -927 l0 -439 -46 -59 c-65 -85 -200 -218 -291 -287 -192 -144 -404 -241 -644 -294 -90 -19 -133 -22 -319 -22 -186 0 -229 3 -319 22 -240 53 -452 150 -644 294 -91 69 -226 202 -291 287 l-46 59 0 439 c1 590 11 720 77 927 111 353 396 671 721 807 214 89 471 116 727 78z"/></g></svg>
  <svg x='525' y='499'><g transform="translate(0.0,30.0) scale(0.01,-0.01)"><path class="sym-fill" fill="white" d="M200 750 l0 -550 550 0 550 0 0 550 0 550 -550 0 -550 0 0 -550z"/><path class="sym-line" fill="black" d="M1300 2253 l0 -748 -529 529 -529 529 -76 -69 c-42 -38 -76 -71 -76 -74 0 -3 206 -211 457 -462 l458 -458 -503 0 -502 0 0 -750 0 -750 750 0 750 0 0 1500 0 1500 -100 0 -100 0 0 -747z m0 -1503 l0 -550 -550 0 -550 0 0 550 0 550 550 0 550 0 0 -550z"/></g></svg>
  <svg x='459' y='498'><g transform="translate(0.0,30.0) scale(0.01,-0.01)"><path class="sym-fill" fill="white" d="M200 750 l0 -550 550 0 550 0 0 550 0 550 -550 0 -550 0 0 -550z"/><path class="sym-line" fill="black" d="M0 1500 l0 -1500 750 0 750 0 0 750 0 750 -502 0 -503 0 458 458 c251 251 457 459 457 462 0 3 -34 36 -76 74 l-76 69 -529 -529 -529 -529 0 748 0 747 -100 0 -100 0 0 -1500z m1300 -750 l0 -550 -550 0 -550 0 0 550 0 550 550 0 550 0 0 -550z"/></g></svg>
  <svg x='545' y='488'><g transform="translate(0.0,29.0) scale(0.01,-0.01)"><path class="sym-line" fill="black" d="M0 1450 l0 -1450 50 0 50 0 0 1450 0 1450 -50 0 -50 0 0 -1450z M900 1450 l0 -1450 50 0 50 0 0 1450 0 1450 -50 0 -50 0 0 -1450z M471 2468 l-253 -243 201 -195 200 -195 -198 -190 c-110 -104 -199 -192 -199 -195 -1 -3 89 -90 198 -195 l199 -190 -200 -195 -200 -195 224 -217 c124 -120 239 -229 257 -244 l31 -27 35 34 c19 18 33 38 32 44 -2 6 -96 100 -210 210 l-207 200 200 194 200 194 -198 193 -198 194 198 193 199 193 -201 195 -200 194 209 200 c115 110 209 205 209 211 1 10 -60 74 -70 74 -3 0 -119 -109 -258 -242z"/></g></svg>
  <svg x='444' y='490'><g transform="translate(0.0,29.0) scale(0.01,-0.01)"><path class="sym-line" fill="black" d="M0 1450 l0 -1450 50 0 50 0 0 1450 0 1450 -50 0 -50 0 0 -1450z M900 1450 l0 -1450 50 0 50 0 0 1450 0 1450 -50 0 -50 0 0 -1450z M232 2677 c-18 -18 -32 -37 -31 -42 0 -6 94 -100 209 -210 l209 -200 -200 -194 -201 -195 199 -193 198 -193 -198 -194 -198 -193 200 -194 200 -194 -207 -200 c-114 -110 -208 -204 -210 -210 -1 -6 13 -26 32 -44 l35 -34 31 27 c18 15 133 124 257 244 l224 217 -200 195 -200 195 199 190 c109 105 199 192 198 195 0 3 -89 91 -199 195 l-198 190 200 195 201 195 -250 240 c-137 131 -253 240 -259 242 -5 2 -23 -12 -41 -30z"/></g></svg>
  <svg x='525' y='551'><g transform="translate(0.0,27.0) scale(0.01,-0.01)"><path class="sym-fill" fill="white" d="M398 2213 l-198 -198 0 -158 0 -157 -100 0 -100 0 0 -150 0 -150 100 0 100 0 0 -600 0 -600 200 0 200 0 0 600 0 600 300 0 300 0 0 150 0 150 -300 0 -300 0 -2 355 -3 355 -197 -197z"/><path class="sym-line" fill="black" d="M297 2402 l-297 -297 0 -203 0 -202 100 0 100 0 0 163 0 162 200 200 200 200 0 -363 0 -362 300 0 300 0 0 203 0 202 -298 298 c-163 163 -299 297 -302 297 -3 0 -139 -134 -303 -298z M0 700 l0 -700 600 0 600 0 0 700 0 700 -300 0 -300 0 0 -600 0 -600 -200 0 -200 0 0 600 0 600 -100 0 -100 0 0 -700z"/></g></svg>
  <svg x='462' y='550'><g transform="translate(0.0,27.0) scale(0.01,-0.01)"><path class="sym-fill" fill="white" d="M600 2057 l0 -357 -300 0 -300 0 0 -150 0 -150 300 0 300 0 0 -600 0 -600 200 0 200 0 0 600 0 600 100 0 100 0 0 150 0 150 -100 0 -100 0 0 158 0 157 -200 200 -200 200 0 -358z"/><path class="sym-line" fill="black" d="M297 2402 l-297 -297 0 -203 0 -202 300 0 300 0 0 362 0 363 200 -200 200 -200 0 -162 0 -163 100 0 100 0 0 203 0 202 -298 298 c-163 163 -299 297 -302 297 -3 0 -139 -134 -303 -298z M0 700 l0 -700 600 0 600 0 0 700 0 700 -100 0 -100 0 0 -600 0 -600 -200 0 -200 0 0 600 0 600 -300 0 -300 0 0 -700z"/></g></svg>
  <svg x='525' y='586'><g transform="translate(0.043463926586,14.7505211307) scale(0.00985915292844,-0.00973472242044)"><path class="sym-fill" fill="white" d="M510 1100 l0 -400 140 0 140 0 0 400 0 400 -140 0 -140 0 0 -400z"/><path class="sym-line" fill="black" d="M330 1100 l0 -400 -159 -2 -160 -3 315 -347 c174 -192 319 -348 324 -348 5 0 150 156 324 348 l315 347 -160 3 -159 2 0 400 0 400 -90 0 -90 0 0 -400 0 -400 -140 0 -140 0 0 400 0 400 -90 0 -90 0 0 -400z"/></g></svg>
  <svg x='462' y='585'><g transform="translate(0.043463926586,14.7505211307) scale(0.00985915292844,-0.00973472242044)"><path class="sym-fill" fill="white" d="M510 1100 l0 -400 140 0 140 0 0 400 0 400 -140 0 -140 0 0 -400z M277 557 c144 -163 368 -407 373 -407 5 0 229 244 373 407 l39 43 -412 0 -412 0 39 -43z"/><path class="sym-line" fill="black" d="M330 1100 l0 -400 -159 -2 -160 -3 315 -347 c174 -192 319 -348 324 -348 5 0 150 156 324 348 l315 347 -160 3 -159 2 0 400 0 400 -90 0 -90 0 0 -400 0 -400 -140 0 -140 0 0 400 0 400 -90 0 -90 0 0 -400z m714 -522 c-82 -96 -388 -428 -394 -428 -6 0 -312 332 -394 428 l-19 22 413 0 413 0 -19 -22z"/></g></svg>
</svg>