<svg version='1.1' xmlns='http://www.w3.org/2000/svg' width='76' height='150' viewBox='479 425 76 150'>
  <text font-size='0'>M555x575S36d00479x530S18211518x508S18219487x542S20500509x508S20500513x539S2c300519x484S2c311517x552S2fb06548x528S16d10536x425S16d18487x425S2df04534x449S2df1c486x449S2fb00512x448</text>
  <svg x='479' y='530'><g transform="translate(0.0,4.0) scale(0.01,-0.01)"><path class="sym-line" fill="black" d="M0 200 l0 -200 2100 0 2100 0 0 200 0 200 -2100 0 -2100 0 0 -200z"/></g></svg>
  <svg x='518' y='508'><g transform="translate(0.130143354338,16.8260312656) scale(0.00988816045229,-0.00987785535933)"><path class="sym-fill" fill="white" d="M1212 1288 l-94 -91 49 -48 c26 -26 216 -207 422 -402 l375 -355 98 91 98 92 -32 31 c-196 187 -817 774 -820 774 -2 0 -45 -42 -96 -92z"/><path class="sym-line" fill="black" d="M754 989 c-412 -391 -750 -716 -752 -722 -1 -7 56 -68 128 -136 l131 -124 32 31 c18 16 239 226 492 466 l460 436 65 -63 c36 -35 197 -188 357 -341 265 -251 294 -276 311 -264 31 22 512 482 512 489 0 6 -933 896 -971 926 -14 11 -123 -89 -765 -698z m987 -13 l420 -399 -53 -54 c-29 -30 -74 -72 -100 -94 l-47 -40 -425 403 -426 403 98 92 c53 51 100 92 105 90 4 -1 196 -182 428 -401z"/></g></svg>
  <svg x='487' y='542'><g transform="translate(0.0511009205478,16.8258633241) scale(0.00988816045229,-0.00987547572663)"><path class="sym-fill" fill="white" d="M874 1081 c-171 -163 -361 -344 -423 -402 l-111 -104 98 -92 99 -91 369 349 c203 193 393 374 423 403 l53 53 -92 89 c-50 49 -95 90 -98 91 -4 1 -147 -132 -318 -296z"/><path class="sym-line" fill="black" d="M501 1235 c-270 -257 -491 -470 -491 -474 0 -7 482 -467 512 -489 17 -12 45 12 300 255 156 147 317 300 358 340 l76 72 460 -436 c252 -239 473 -449 491 -465 l32 -31 131 124 c72 68 129 129 128 136 -2 9 -1381 1324 -1485 1416 -21 18 -28 12 -512 -448z m792 52 l97 -92 -425 -403 -426 -403 -47 40 c-26 22 -71 64 -100 94 l-53 54 423 401 c233 221 425 402 428 402 3 0 49 -42 103 -93z"/></g></svg>
  <svg x='509' y='508'><g transform="translate(-0.221878406359,10.7500002304) scale(0.0103429235226,-0.00963778430032)"><path class="sym-line" fill="black" d="M430 895 l0 -205 -37 23 c-21 13 -95 61 -165 105 l-128 82 -36 -71 c-19 -40 -32 -75 -27 -79 4 -3 74 -48 156 -99 81 -51 147 -97 147 -101 0 -4 -66 -50 -147 -101 -82 -51 -152 -96 -156 -99 -5 -4 8 -39 27 -79 l36 -71 128 82 c70 44 144 92 165 105 l37 23 0 -205 0 -205 70 0 70 0 0 205 0 205 38 -23 c20 -13 94 -61 164 -105 l128 -82 36 71 c19 40 32 75 27 79 -4 3 -74 48 -155 99 -82 51 -148 97 -148 101 0 4 66 50 148 101 81 51 151 96 155 99 5 4 -8 39 -27 79 l-36 71 -128 -82 c-70 -44 -144 -92 -164 -105 l-38 -23 0 205 0 205 -70 0 -70 0 0 -205z"/></g></svg>
  <svg x='513' y='539'><g transform="translate(-0.221878406359,10.7500002304) scale(0.0103429235226,-0.00963778430032)"><path class="sym-line" fill="black" d="M430 895 l0 -205 -37 23 c-21 13 -95 61 -165 105 l-128 82 -36 -71 c-19 -40 -32 -75 -27 -79 4 -3 74 -48 156 -99 81 -51 147 -97 147 -101 0 -4 -66 -50 -147 -101 -82 -51 -152 -96 -156 -99 -5 -4 8 -39 27 -79 l36 -71 128 82 c70 44 144 92 165 105 l37 23 0 -205 0 -205 70 0 70 0 0 205 0 205 38 -23 c20 -13 94 -61 164 -105 l128 -82 36 71 c19 40 32 75 27 79 -4 3 -74 48 -155 99 -82 51 -148 97 -148 101 0 4 66 50 148 101 81 51 151 96 155 99 5 4 -8 39 -27 79 l-36 71 -128 -82 c-70 -44 -144 -92 -164 -105 l-38 -23 0 205 0 205 -70 0 -70 0 0 -205z"/></g></svg>
  <svg x='519' y='484'><g transform="translate(0.198852735413,22.7498041047) scale(0.00982767908634,-0.00983706505647)"><path class="sym-line" fill="black" d="M775 2285 c-92 -34 -160 -86 -208 -158 -50 -76 -67 -137 -67 -239 l0 -88 -252 0 -253 0 278 -277 277 -278 277 278 278 277 -254 0 -254 0 7 79 c3 43 11 94 18 112 28 85 106 160 193 190 22 7 83 13 135 13 79 0 103 -3 142 -22 86 -42 158 -139 189 -253 8 -29 13 -191 16 -481 l5 -438 -651 0 -651 0 0 -50 0 -50 646 0 647 0 -6 -65 c-8 -85 -54 -220 -127 -372 -56 -118 -171 -321 -232 -410 -15 -23 -28 -44 -28 -47 0 -3 225 -6 500 -6 275 0 500 3 500 6 0 3 -13 24 -28 47 -61 89 -176 292 -232 410 -73 152 -119 287 -127 372 l-6 65 547 0 546 0 0 50 0 50 -550 0 -549 0 -3 463 c-3 456 -3 463 -26 519 -51 126 -166 240 -290 289 -49 20 -79 23 -212 26 -117 2 -165 -1 -195 -12z"/></g></svg>
  <svg x='517' y='552'><g transform="translate(0.151132653564,22.7514249835) scale(0.0098261798218,-0.00982565788311)"><path class="sym-fill" fill="white" d="M1898 1548 l152 -153 152 153 153 152 -305 0 -305 0 153 -152z"/><path class="sym-line" fill="black" d="M1448 2281 c-155 -50 -281 -175 -328 -328 -19 -61 -20 -93 -20 -509 l0 -444 -550 0 -550 0 0 -50 0 -50 546 0 547 0 -6 -65 c-8 -85 -54 -220 -127 -372 -56 -118 -171 -321 -232 -410 -15 -23 -28 -44 -28 -47 0 -3 225 -6 500 -6 275 0 500 3 500 6 0 3 -13 24 -28 47 -61 89 -176 292 -232 410 -73 152 -119 287 -127 372 l-6 65 647 0 646 0 0 50 0 50 -651 0 -651 0 5 438 c3 290 8 452 16 481 31 114 103 211 189 253 39 19 63 22 142 22 52 0 113 -6 135 -13 87 -30 165 -105 193 -190 7 -18 15 -69 18 -112 l7 -79 -254 0 -254 0 278 -277 277 -278 277 278 278 277 -253 0 -252 0 0 88 c0 89 -16 159 -49 212 -55 90 -132 152 -225 183 -72 24 -300 23 -378 -2z m754 -733 l-152 -153 -152 153 -153 152 305 0 305 0 -153 -152z"/></g></svg>
  <svg x='548' y='528'><g transform="translate(0.149283404326,14.7308019749) scale(0.00933270478371,-0.00970272783292)"><path class="sym-line" fill="black" d="M0 1442 l0 -61 83 -42 c103 -54 217 -163 273 -264 85 -154 108 -340 61 -501 -51 -176 -177 -331 -335 -413 l-82 -42 0 -61 0 -60 31 6 c111 22 242 99 349 206 151 151 220 320 220 540 0 220 -69 389 -220 540 -107 107 -238 184 -349 206 l-31 7 0 -61z"/></g></svg>
  <svg x='536' y='425'><g transform="translate(0.180759557901,19.7524059778) scale(0.00975093803673,-0.00984567638089)"><path class="sym-fill" fill="white" d="M1000 994 l0 -886 43 7 c69 11 138 34 197 64 l55 28 3 787 2 786 -32 20 c-40 25 -209 80 -243 80 l-25 0 0 -886z"/><path class="sym-line" fill="black" d="M665 1984 c-138 -28 -274 -87 -370 -161 -102 -79 -200 -219 -246 -350 -26 -76 -49 -184 -49 -234 l0 -39 105 0 105 0 0 29 c0 71 53 160 130 216 102 75 283 130 467 142 l93 6 0 -691 0 -692 -78 0 c-239 0 -482 72 -603 179 -50 44 -109 144 -109 185 0 25 -2 26 -56 26 l-57 0 5 -69 c10 -135 103 -277 240 -364 161 -103 411 -166 660 -167 347 0 578 136 713 421 71 152 78 196 83 559 4 350 -1 411 -45 533 -82 229 -266 388 -528 458 -104 28 -354 35 -460 13z m425 -114 c30 -7 90 -28 133 -48 l77 -35 0 -791 0 -792 -67 -32 c-69 -33 -169 -62 -210 -62 l-23 0 0 891 c0 843 1 890 18 886 9 -3 42 -11 72 -17z"/></g></svg>
  <svg x='487' y='425'><g transform="translate(0.140680065291,19.7447764976) scale(0.00975323237509,-0.00980219165214)"><path class="sym-fill" fill="white" d="M555 1850 c-49 -16 -105 -39 -123 -50 l-32 -20 2 -786 3 -787 55 -28 c59 -30 128 -53 198 -64 l42 -7 0 886 0 886 -27 0 c-16 -1 -68 -14 -118 -30z"/><path class="sym-line" fill="black" d="M620 1981 c-101 -24 -144 -38 -215 -74 -177 -88 -294 -216 -358 -394 -44 -122 -49 -183 -45 -533 4 -296 6 -332 26 -405 71 -259 227 -442 447 -524 222 -83 575 -64 844 46 227 93 366 252 379 434 l5 69 -57 0 c-54 0 -56 -1 -56 -26 0 -41 -59 -141 -109 -185 -121 -107 -364 -179 -603 -179 l-78 0 0 692 0 691 93 -6 c184 -12 365 -67 467 -142 77 -56 130 -145 130 -216 l0 -29 105 0 105 0 0 39 c0 89 -46 248 -101 352 -110 206 -311 344 -574 394 -108 20 -308 18 -405 -4z m80 -981 l0 -890 -23 0 c-41 0 -141 29 -209 62 l-68 32 0 791 0 792 73 34 c58 26 179 64 220 68 4 1 7 -399 7 -889z"/></g></svg>
  <svg x='534' y='449'><g transform="translate(0.0,21.0) scale(0.01,-0.01)"><path class="sym-fill" fill="white" d="M800 1606 l0 -493 38 -7 c48 -8 176 -8 225 0 l37 7 0 493 0 494 -150 0 -150 0 0 -494z M800 403 l0 -403 150 0 150 0 0 403 0 402 -150 0 -150 0 0 -402z"/><path class="sym-line" fill="black" d="M700 1615 c0 -459 -1 -485 -18 -485 -40 0 -142 33 -220 71 -71 34 -103 60 -216 170 -74 71 -138 129 -143 129 -13 0 -103 -93 -103 -107 0 -19 399 -400 469 -448 36 -25 102 -61 146 -80 l80 -34 3 -416 2 -415 50 0 50 0 0 408 0 408 75 -9 c46 -6 104 -6 150 0 l75 9 0 -408 0 -408 50 0 50 0 2 415 3 416 80 34 c114 50 192 107 340 249 l130 124 173 -171 172 -172 0 403 0 402 -402 0 -403 0 173 -173 174 -174 -64 -57 c-70 -63 -191 -128 -283 -151 -106 -27 -95 -82 -95 470 l0 485 -50 0 -50 0 0 -500 0 -500 -150 0 -150 0 0 500 0 500 -50 0 -50 0 0 -485z"/></g></svg>
  <svg x='486' y='449'><g transform="translate(0.0,21.0) scale(0.01,-0.01)"><path class="sym-fill" fill="white" d="M1000 1606 l0 -493 38 -7 c48 -8 176 -8 225 0 l37 7 0 493 0 494 -150 0 -150 0 0 -494z M100 1373 l0 -228 225 225 c124 124 225 226 225 227 0 2 -101 3 -225 3 l-225 0 0 -227z M1000 403 l0 -403 150 0 150 0 0 403 0 402 -150 0 -150 0 0 -402z"/><path class="sym-line" fill="black" d="M900 1615 c0 -552 11 -497 -95 -470 -92 23 -213 88 -283 151 l-64 57 174 174 173 173 -403 0 -402 0 0 -402 0 -403 173 172 172 171 130 -124 c148 -142 226 -199 340 -249 l80 -34 3 -416 2 -415 50 0 50 0 0 408 0 408 75 -9 c46 -6 104 -6 150 0 l75 9 0 -408 0 -408 50 0 50 0 2 415 3 416 80 34 c44 19 110 55 146 80 71 49 469 429 469 449 0 13 -91 106 -104 106 -5 0 -68 -58 -142 -129 -113 -110 -145 -136 -216 -170 -78 -38 -180 -71 -220 -71 -17 0 -18 26 -18 485 l0 485 -50 0 -50 0 0 -500 0 -500 -150 0 -150 0 0 500 0 500 -50 0 -50 0 0 -485z m-350 -18 c0 -1 -101 -103 -225 -227 l-225 -225 0 228 0 227 225 0 c124 0 225 -1 225 -3z"/></g></svg>
  <svg x='512' y='448'><g transform="translate(0.169849905175,5.76208528494) scale(0.0097007872376,-0.00950858679199)"><path class="sym-line" fill="black" d="M552 580 c-226 -60 -429 -239 -518 -459 -13 -33 -27 -73 -30 -90 l-6 -31 60 0 61 0 42 83 c54 103 163 217 264 273 205 113 445 113 650 0 101 -56 210 -170 264 -273 l42 -83 61 0 61 0 -7 31 c-22 111 -99 242 -206 349 -99 99 -217 167 -346 200 -105 27 -289 27 -392 0z"/></g></svg>
</svg>