<svg version='1.1' xmlns='http://www.w3.org/2000/svg' width='73' height='212' viewBox='482 453 73 212'>
  <text font-size='0'>M555x665S19a02535x536S19208514x567S22a00535x511S22a04516x591S1c510523x479S1c508487x600S2ff00482x483S2e104517x453S2e118485x636</text>
  <svg x='535' y='536'><g transform="translate(-0.114510065399,27.7521908072) scale(0.00993179955827,-0.00986133153905)"><path class="sym-fill" fill="white" d="M747 1933 c-4 -3 -7 -269 -7 -590 l0 -583 530 0 530 0 0 590 0 590 -523 0 c-288 0 -527 -3 -530 -7z"/><path class="sym-line" fill="black" d="M955 2724 l-67 -75 20 -22 c10 -12 108 -121 217 -242 l198 -220 -392 -3 -391 -2 0 -713 0 -714 -246 -274 c-136 -151 -253 -282 -261 -291 -14 -16 -9 -24 52 -93 37 -41 71 -75 76 -75 5 0 116 119 246 265 l238 265 678 0 677 0 0 815 0 815 -192 0 -193 1 -285 319 c-157 175 -290 319 -296 319 -6 1 -41 -33 -79 -75z m855 -1379 l0 -595 -535 0 -535 0 0 595 0 595 535 0 535 0 0 -595z"/></g></svg>
  <svg x='514' y='567'><g transform="translate(0.151301014747,18.749322358) scale(0.00981776176264,-0.00979417818707)"><path class="sym-fill" fill="white" d="M200 710 l0 -520 550 0 550 0 0 520 0 520 -550 0 -550 0 0 -520z"/><path class="sym-line" fill="black" d="M1560 1665 l-245 -235 -657 0 -658 0 0 -715 0 -715 750 0 750 0 0 528 0 527 300 284 c166 157 299 290 298 296 -4 16 -270 265 -283 264 -5 0 -120 -105 -255 -234z m-260 -950 l0 -525 -550 0 -550 0 0 525 0 525 550 0 550 0 0 -525z"/></g></svg>
  <svg x='535' y='511'><g transform="translate(0.043463926586,14.7505211307) scale(0.00985915292844,-0.00973472242044)"><path class="sym-fill" fill="white" d="M510 400 l0 -400 140 0 140 0 0 400 0 400 -140 0 -140 0 0 -400z"/><path class="sym-line" fill="black" d="M326 1153 l-315 -348 160 -3 159 -2 0 -400 0 -400 90 0 90 0 0 400 0 400 140 0 140 0 0 -400 0 -400 90 0 90 0 0 400 0 400 159 2 160 3 -315 348 c-174 191 -319 347 -324 347 -5 0 -150 -156 -324 -347z"/></g></svg>
  <svg x='516' y='591'><g transform="translate(0.043463926586,14.7505211307) scale(0.00985915292844,-0.00973472242044)"><path class="sym-fill" fill="white" d="M510 1100 l0 -400 140 0 140 0 0 400 0 400 -140 0 -140 0 0 -400z"/><path class="sym-line" fill="black" d="M330 1100 l0 -400 -159 -2 -160 -3 315 -347 c174 -192 319 -348 324 -348 5 0 150 156 324 348 l315 347 -160 3 -159 2 0 400 0 400 -90 0 -90 0 0 -400 0 -400 -140 0 -140 0 0 400 0 400 -90 0 -90 0 0 -400z"/></g></svg>
  <svg x='523' y='479'><g transform="translate(0.148979025399,27.7487723255) scale(0.00993386123003,-0.00985726243768)"><path class="sym-fill" fill="white" d="M1550 705 l0 -605 145 0 145 0 -2 603 -3 602 -142 3 -143 3 0 -606z"/><path class="sym-line" fill="black" d="M2030 2105 l0 -695 -190 0 -190 0 0 555 0 555 -100 0 -100 0 -2 -421 -3 -421 -232 226 c-128 124 -236 226 -240 226 -5 0 -39 -31 -77 -69 l-68 -68 300 -289 300 -289 -714 -3 -714 -2 0 -100 0 -100 725 0 725 0 0 -605 0 -605 390 0 390 0 0 233 1 232 374 360 c206 197 375 364 375 371 0 6 -31 39 -70 73 l-70 62 -302 -292 -303 -292 -3 1026 -2 1027 -100 0 -100 0 0 -695z m-190 -1405 l0 -610 -145 0 -145 0 0 610 0 610 145 0 145 0 0 -610z"/></g></svg>
  <svg x='487' y='600'><g transform="translate(-0.0673018358189,27.7487723255) scale(0.00993902089659,-0.00985726243768)"><path class="sym-fill" fill="white" d="M877 1303 c-4 -3 -7 -276 -7 -605 l0 -598 290 0 290 0 0 605 0 605 -283 0 c-156 0 -287 -3 -290 -7z"/><path class="sym-line" fill="black" d="M768 1774 l-3 -1026 -303 292 -302 292 -68 -63 c-37 -34 -68 -67 -70 -73 -1 -6 166 -173 373 -371 l375 -360 0 -232 0 -233 390 0 390 0 0 605 0 605 725 0 725 0 0 100 0 100 -716 0 -716 0 164 157 c90 87 225 218 301 293 l139 136 -67 65 c-37 35 -70 65 -75 67 -4 2 -113 -99 -241 -223 l-234 -227 -3 421 -2 421 -100 0 -100 0 0 -555 0 -555 -190 0 -190 0 0 695 0 695 -100 0 -100 0 -2 -1026z m682 -1074 l0 -610 -290 0 -290 0 0 610 0 610 290 0 290 0 0 -610z"/></g></svg>
  <svg x='482' y='483'><g transform="translate(0.149874875465,34.7500790925) scale(0.00988906872676,-0.00988956850125)"><path class="sym-line" fill="black" d="M1528 3484 c-592 -92 -1088 -447 -1348 -963 -125 -249 -180 -485 -180 -771 0 -480 183 -911 529 -1242 350 -336 780 -508 1271 -508 451 0 864 150 1193 434 326 281 517 620 591 1051 21 121 21 409 0 530 -43 252 -114 444 -237 639 -282 453 -741 750 -1284 831 -127 19 -413 18 -535 -1z m607 -173 c583 -126 1038 -523 1224 -1069 59 -173 75 -277 75 -492 0 -165 -3 -211 -22 -300 -71 -327 -228 -611 -458 -829 -186 -177 -381 -295 -614 -374 -176 -60 -282 -78 -490 -84 -247 -7 -416 19 -628 97 -549 201 -944 674 -1043 1250 -17 97 -17 383 0 480 99 576 495 1050 1043 1250 105 38 177 58 303 81 143 26 467 21 610 -10z"/></g></svg>
  <svg x='517' y='453'><g transform="translate(0.0,28.0) scale(0.01,-0.01)"><path class="sym-fill" fill="white" d="M1000 2306 l0 -493 38 -7 c48 -8 176 -8 225 0 l37 7 0 493 0 494 -150 0 -150 0 0 -494z M1000 1109 l0 -396 38 -7 c20 -3 71 -6 112 -6 41 0 92 3 113 6 l37 7 0 396 0 396 -150 0 -150 0 0 -396z M1000 203 l0 -203 150 0 150 0 0 203 0 202 -150 0 -150 0 0 -202z"/><path class="sym-line" fill="black" d="M900 2315 c0 -459 -1 -485 -18 -485 -40 0 -142 33 -220 71 -71 34 -103 60 -216 170 -74 71 -138 129 -143 129 -13 0 -103 -93 -103 -107 0 -19 399 -400 469 -448 36 -25 102 -61 146 -80 l80 -34 3 -401 c3 -456 13 -412 -93 -385 -92 23 -213 88 -283 151 l-64 57 174 174 173 173 -403 0 -402 0 0 -402 0 -403 173 172 172 171 130 -124 c148 -142 226 -199 340 -249 l80 -34 3 -216 2 -215 50 0 50 0 0 208 0 208 75 -9 c46 -6 104 -6 150 0 l75 9 0 -208 0 -208 50 0 50 0 2 215 3 216 80 34 c44 19 110 55 146 80 71 49 469 429 469 449 0 13 -91 106 -104 106 -5 0 -68 -58 -142 -129 -113 -110 -145 -136 -216 -170 -46 -22 -110 -48 -143 -56 -106 -27 -96 -71 -93 385 l3 401 80 34 c114 50 192 107 340 249 l130 124 173 -171 172 -172 0 403 0 402 -402 0 -403 0 173 -173 174 -174 -64 -57 c-70 -63 -191 -128 -283 -151 -106 -27 -95 -82 -95 470 l0 485 -50 0 -50 0 0 -500 0 -500 -150 0 -150 0 0 500 0 500 -50 0 -50 0 0 -485z m325 -808 l75 9 0 -408 0 -408 -150 0 -150 0 0 408 0 408 75 -9 c46 -6 104 -6 150 0z"/></g></svg>
  <svg x='485' y='636'><g transform="translate(0.0,29.0) scale(0.01,-0.01)"><path class="sym-fill" fill="white" d="M1000 1450 l0 -1450 150 0 150 0 0 1450 0 1450 -150 0 -150 0 0 -1450z M1970 1625 l-225 -225 228 0 227 0 0 225 c0 124 -1 225 -3 225 -1 0 -103 -101 -227 -225z M100 525 l0 -225 227 0 228 0 -225 225 c-124 124 -226 225 -227 225 -2 0 -3 -101 -3 -225z"/><path class="sym-line" fill="black" d="M900 2535 l0 -365 -27 -6 c-59 -15 -181 -72 -252 -119 -72 -47 -360 -318 -403 -378 l-21 -29 71 -71 71 -71 168 165 c93 91 188 179 213 196 42 29 163 93 175 93 3 0 5 -198 5 -440 l0 -440 -27 -6 c-59 -15 -181 -72 -253 -119 -41 -28 -124 -99 -183 -159 l-108 -110 -165 165 -164 164 0 -403 0 -402 402 0 403 0 -165 165 -165 165 80 81 c98 98 179 160 267 205 37 19 70 34 73 34 3 0 5 -191 5 -425 l0 -425 50 0 50 0 0 1450 0 1450 -50 0 -50 0 0 -365z m-570 -2010 l225 -225 -228 0 -227 0 0 225 c0 124 1 225 3 225 1 0 103 -101 227 -225z M1300 1450 l0 -1450 50 0 50 0 0 425 c0 234 2 425 5 425 12 0 133 -64 175 -93 25 -17 120 -105 213 -196 l168 -165 71 71 71 71 -21 29 c-43 60 -331 331 -403 378 -71 47 -193 104 -251 119 l-28 6 0 440 c0 242 2 440 5 440 3 0 36 -15 73 -34 88 -45 169 -107 267 -205 l80 -81 -165 -165 -165 -165 403 0 402 0 0 402 0 403 -164 -164 -165 -165 -108 110 c-59 60 -142 131 -183 159 -72 47 -194 104 -252 119 l-28 6 0 365 0 365 -50 0 -50 0 0 -1450z m900 175 l0 -225 -227 0 -228 0 225 225 c124 124 226 225 227 225 2 0 3 -101 3 -225z"/></g></svg>
</svg>