<svg version='1.1' xmlns='http://www.w3.org/2000/svg' width='111' height='101' viewBox='444 450 111 101'>
  <text font-size='0'>M555x551S14c0a444x469S14c02524x470S1f702492x508S1f70a491x531S20500481x525S2d501497x491S2d709454x498S36e00477x450</text>
  <svg x='444' y='469'><g transform="translate(0.150230433539,22.9376331902) scale(0.00987129082304,-0.00990834595228)"><path class="sym-fill" fill="white" d="M200 1215 l0 -295 706 0 706 0 147 141 c80 78 147 147 149 153 1 7 -65 76 -147 154 l-149 142 -706 0 -706 0 0 -295z"/><path class="sym-line" fill="black" d="M891 2005 l-298 -295 -296 0 -297 0 0 -495 0 -495 598 0 597 0 130 -131 c72 -72 232 -229 357 -350 l227 -220 70 67 c39 36 71 72 71 78 0 6 -125 133 -277 283 l-278 272 105 0 104 1 46 44 45 44 400 -229 c220 -126 402 -228 405 -228 8 -1 100 159 100 172 -1 7 -163 104 -361 217 -199 113 -366 208 -372 212 -8 5 14 34 63 83 l74 75 498 0 498 0 0 105 0 105 -498 0 -498 0 -74 75 c-61 61 -72 77 -60 85 8 5 174 101 369 212 194 111 355 207 357 213 5 11 -86 174 -96 175 -3 0 -185 -103 -405 -229 l-400 -229 -45 44 -46 44 -404 0 -405 0 223 223 c122 122 222 227 222 234 0 11 -132 133 -144 133 -4 0 -141 -133 -305 -295z m881 -642 l148 -148 -147 -147 -148 -148 -712 0 -713 0 0 295 0 295 712 0 713 0 147 -147z"/></g></svg>
  <svg x='524' y='470'><g transform="translate(0.150230433539,22.9376331902) scale(0.00987129082304,-0.00990834595228)"><path class="sym-fill" fill="white" d="M1336 1366 c-82 -78 -147 -147 -145 -153 2 -6 70 -74 150 -152 l147 -141 706 0 706 0 0 295 0 295 -707 0 -708 -1 -149 -143z"/><path class="sym-line" fill="black" d="M1827 2237 c-37 -34 -67 -66 -67 -72 0 -5 100 -110 222 -232 l223 -223 -405 0 -404 0 -46 -44 -45 -44 -400 229 c-220 126 -402 229 -405 229 -10 -1 -101 -164 -96 -175 2 -6 163 -102 357 -213 195 -111 361 -207 369 -212 12 -8 1 -24 -60 -85 l-74 -75 -498 0 -498 0 0 -105 0 -105 498 0 498 0 74 -75 c49 -49 71 -78 63 -83 -6 -4 -173 -99 -372 -212 -198 -113 -360 -210 -361 -217 0 -13 92 -173 100 -172 3 0 185 102 405 228 l400 229 45 -44 46 -44 104 -1 105 0 -278 -272 c-152 -150 -277 -277 -277 -283 0 -6 32 -42 71 -78 l70 -67 227 220 c125 121 285 278 357 350 l130 131 597 0 598 0 0 495 0 495 -297 0 -296 0 -298 295 c-164 162 -301 295 -306 295 -4 0 -39 -29 -76 -63z m1073 -1022 l0 -295 -712 0 -713 0 -147 147 -148 148 147 147 148 148 712 0 713 0 0 -295z"/></g></svg>
  <svg x='492' y='508'><g transform="translate(0.149086073535,19.7520845965) scale(0.00973319632325,-0.00980982176916)"><path class="sym-fill" fill="white" d="M200 750 l0 -550 550 0 550 0 0 550 0 550 -550 0 -550 0 0 -550z"/><path class="sym-line" fill="black" d="M578 1916 c-27 -46 -48 -86 -48 -88 0 -3 124 -77 276 -164 l277 -159 -542 -3 -541 -2 0 -750 0 -750 750 0 750 0 0 754 0 753 -422 244 c-232 134 -429 245 -438 247 -10 1 -32 -27 -62 -82z m722 -1166 l0 -550 -550 0 -550 0 0 550 0 550 550 0 550 0 0 -550z"/></g></svg>
  <svg x='491' y='531'><g transform="translate(0.149086073535,19.7485347591) scale(0.00973319632325,-0.00980406968249)"><path class="sym-fill" fill="white" d="M200 750 l0 -550 550 0 550 0 0 550 0 550 -550 0 -550 0 0 -550z"/><path class="sym-line" fill="black" d="M423 1753 l-423 -246 0 -753 0 -754 750 0 750 0 0 750 0 750 -541 2 -542 3 277 159 c152 87 276 161 276 164 0 19 -98 171 -110 171 -8 -1 -205 -111 -437 -246z m877 -1003 l0 -550 -550 0 -550 0 0 550 0 550 550 0 550 0 0 -550z"/></g></svg>
  <svg x='481' y='525'><g transform="translate(-0.221878406359,10.7500002304) scale(0.0103429235226,-0.00963778430032)"><path class="sym-line" fill="black" d="M430 895 l0 -205 -37 23 c-21 13 -95 61 -165 105 l-128 82 -36 -71 c-19 -40 -32 -75 -27 -79 4 -3 74 -48 156 -99 81 -51 147 -97 147 -101 0 -4 -66 -50 -147 -101 -82 -51 -152 -96 -156 -99 -5 -4 8 -39 27 -79 l36 -71 128 82 c70 44 144 92 165 105 l37 23 0 -205 0 -205 70 0 70 0 0 205 0 205 38 -23 c20 -13 94 -61 164 -105 l128 -82 36 71 c19 40 32 75 27 79 -4 3 -74 48 -155 99 -82 51 -148 97 -148 101 0 4 66 50 148 101 81 51 151 96 155 99 5 4 -8 39 -27 79 l-36 71 -128 -82 c-70 -44 -144 -92 -164 -105 l-38 -23 0 205 0 205 -70 0 -70 0 0 -205z"/></g></svg>
  <svg x='497' y='491'><g transform="translate(0.200475594973,15.201669245) scale(0.00976296692944,-0.01003548783)"><path class="sym-line" fill="black" d="M748 1481 c-155 -50 -281 -175 -328 -328 -18 -58 -20 -93 -20 -309 l0 -244 -202 0 -203 0 278 -277 277 -278 277 278 278 277 -203 0 -204 0 4 278 c3 197 8 287 18 312 32 86 103 157 190 191 27 10 138 14 513 17 l477 3 0 50 0 49 -547 -1 c-502 0 -553 -2 -605 -18z"/></g></svg>
  <svg x='454' y='498'><g transform="translate(0.150749190231,22.6990032521) scale(0.00984535298844,-0.0097993964869)"><path class="sym-line" fill="black" d="M0 2201 l0 -100 743 -3 c724 -4 743 -4 797 -25 98 -36 143 -64 206 -127 63 -63 91 -109 127 -206 19 -52 21 -82 25 -498 l4 -442 -304 0 -303 0 403 -402 402 -403 402 403 403 402 -302 0 -302 0 -3 432 -3 433 -28 80 c-45 132 -100 220 -201 321 -101 101 -189 156 -321 202 l-80 27 -832 3 -833 3 0 -100z"/></g></svg>
  <svg x='477' y='450'><g transform="translate(0.0,12.0) scale(0.01,-0.01)"><path class="sym-line" fill="black" d="M0 1000 l0 -200 300 0 300 0 0 -400 0 -400 1700 0 1700 0 0 400 0 400 300 0 300 0 0 200 0 200 -450 0 -450 0 0 -400 0 -400 -1400 0 -1400 0 0 400 0 400 -450 0 -450 0 0 -200z"/></g></svg>
</svg>