<svg version='1.1' xmlns='http://www.w3.org/2000/svg' width='112' height='95' viewBox='444 447 112 95'>
  <text font-size='0'>M556x542S30d00482x483S13d10481x458S13d10444x519S13d10527x517S22b03457x479S22b06487x526S22104528x507S22104445x508S22104483x447</text>
  <svg x='482' y='483'><g transform="translate(0.149874875465,34.7500790925) scale(0.00988906872676,-0.00988956850125)"><path class="sym-line" fill="black" d="M1528 3484 c-592 -92 -1088 -447 -1348 -963 -125 -249 -180 -485 -180 -771 0 -480 183 -911 529 -1242 350 -336 780 -508 1271 -508 451 0 864 150 1193 434 326 281 517 620 591 1051 21 121 21 409 0 530 -43 252 -114 444 -237 639 -282 453 -741 750 -1284 831 -127 19 -413 18 -535 -1z m607 -173 c583 -126 1038 -523 1224 -1069 59 -173 75 -277 75 -492 0 -165 -3 -211 -22 -300 -71 -327 -228 -611 -458 -829 -186 -177 -381 -295 -614 -374 -176 -60 -282 -78 -490 -84 -247 -7 -416 19 -628 97 -549 201 -944 674 -1043 1250 -17 97 -17 383 0 480 99 576 495 1050 1043 1250 105 38 177 58 303 81 143 26 467 21 610 -10z M760 2450 l-255 -250 42 -42 42 -41 244 241 244 242 337 0 336 0 0 50 0 50 -367 -1 -368 0 -255 -249z M1850 2650 l0 -50 336 0 336 0 246 -241 245 -240 41 41 41 41 -255 249 -255 249 -367 1 -368 0 0 -50z M970 2193 c-118 -113 -217 -210 -219 -216 -4 -10 58 -77 72 -77 5 0 102 90 215 200 l207 200 203 0 202 0 0 50 0 50 -233 0 -232 0 -215 -207z M1950 2350 l0 -50 204 0 204 0 205 -200 c113 -110 209 -200 214 -200 5 0 25 17 46 38 l36 37 -221 213 -221 212 -233 0 -234 0 0 -50z"/></g></svg>
  <svg x='481' y='458'><g transform="translate(0.0,15.0) scale(0.01,-0.01)"><path class="sym-fill" fill="white" d="M1600 750 l0 -550 300 0 300 0 0 550 0 550 -300 0 -300 0 0 -550z"/><path class="sym-line" fill="black" d="M0 1400 l0 -100 700 0 700 0 0 -100 0 -100 -650 0 -650 0 0 -100 0 -100 650 0 650 0 0 -340 c0 -202 -4 -340 -9 -340 -5 0 -254 65 -553 144 -298 80 -544 143 -546 141 -7 -6 -51 -169 -52 -186 0 -12 119 -47 569 -167 l568 -152 762 0 761 0 0 750 0 750 -1450 0 -1450 0 0 -100z m2200 -650 l0 -550 -300 0 -300 0 0 550 0 550 300 0 300 0 0 -550z"/></g></svg>
  <svg x='444' y='519'><g transform="translate(0.0,15.0) scale(0.01,-0.01)"><path class="sym-fill" fill="white" d="M1600 750 l0 -550 300 0 300 0 0 550 0 550 -300 0 -300 0 0 -550z"/><path class="sym-line" fill="black" d="M0 1400 l0 -100 700 0 700 0 0 -100 0 -100 -650 0 -650 0 0 -100 0 -100 650 0 650 0 0 -340 c0 -202 -4 -340 -9 -340 -5 0 -254 65 -553 144 -298 80 -544 143 -546 141 -7 -6 -51 -169 -52 -186 0 -12 119 -47 569 -167 l568 -152 762 0 761 0 0 750 0 750 -1450 0 -1450 0 0 -100z m2200 -650 l0 -550 -300 0 -300 0 0 550 0 550 300 0 300 0 0 -550z"/></g></svg>
  <svg x='527' y='517'><g transform="translate(0.0,15.0) scale(0.01,-0.01)"><path class="sym-fill" fill="white" d="M1600 750 l0 -550 300 0 300 0 0 550 0 550 -300 0 -300 0 0 -550z"/><path class="sym-line" fill="black" d="M0 1400 l0 -100 700 0 700 0 0 -100 0 -100 -650 0 -650 0 0 -100 0 -100 650 0 650 0 0 -340 c0 -202 -4 -340 -9 -340 -5 0 -254 65 -553 144 -298 80 -544 143 -546 141 -7 -6 -51 -169 -52 -186 0 -12 119 -47 569 -167 l568 -152 762 0 761 0 0 750 0 750 -1450 0 -1450 0 0 -100z m2200 -650 l0 -550 -300 0 -300 0 0 550 0 550 300 0 300 0 0 -550z"/></g></svg>
  <svg x='457' y='479'><g transform="translate(0.148922017325,24.0580861241) scale(0.00993671163373,-0.0100433737655)"><path class="sym-fill" fill="white" d="M1183 1473 l-764 -756 23 -22 c13 -12 76 -72 140 -135 l118 -113 485 479 c267 263 613 604 768 756 l282 276 -135 136 c-74 75 -139 136 -143 136 -5 0 -353 -341 -774 -757z"/><path class="sym-line" fill="black" d="M1250 1824 c-311 -306 -656 -647 -767 -758 l-203 -201 -140 140 -140 140 0 -558 0 -557 562 0 563 0 -138 138 -138 138 763 755 c420 415 763 758 763 763 0 4 -31 37 -70 71 l-70 63 -770 -759 -769 -760 -140 140 -140 140 495 487 c272 268 618 611 769 761 l275 273 -70 70 -70 70 -565 -556z"/></g></svg>
  <svg x='487' y='526'><g transform="translate(0.150646944493,15.6976811299) scale(0.00985046527537,-0.00968799012796)"><path class="sym-fill" fill="white" d="M0 800 l0 -200 1100 0 1100 0 0 200 0 200 -1100 0 -1100 0 0 -200z"/><path class="sym-line" fill="black" d="M2200 1402 l0 -202 -1100 0 -1100 0 0 -100 0 -100 1100 0 1100 0 0 -200 0 -200 -1100 0 -1100 0 0 -100 0 -100 1100 0 1100 0 0 -202 0 -203 402 403 403 402 -403 402 -402 403 0 -203z"/></g></svg>
  <svg x='528' y='507'><g transform="translate(0.150398531432,6.94494141144) scale(0.00966757342839,-0.00970929130205)"><path class="sym-line" fill="black" d="M64 638 c-35 -33 -64 -64 -64 -68 0 -10 589 -550 600 -550 11 0 600 540 600 550 0 11 -127 130 -140 130 -6 0 -110 -90 -231 -200 -121 -110 -224 -200 -229 -200 -5 0 -108 90 -229 200 -121 110 -225 200 -231 200 -7 0 -41 -28 -76 -62z"/></g></svg>
  <svg x='445' y='508'><g transform="translate(0.150398531432,6.94494141144) scale(0.00966757342839,-0.00970929130205)"><path class="sym-line" fill="black" d="M64 638 c-35 -33 -64 -64 -64 -68 0 -10 589 -550 600 -550 11 0 600 540 600 550 0 11 -127 130 -140 130 -6 0 -110 -90 -231 -200 -121 -110 -224 -200 -229 -200 -5 0 -108 90 -229 200 -121 110 -225 200 -231 200 -7 0 -41 -28 -76 -62z"/></g></svg>
  <svg x='483' y='447'><g transform="translate(0.150398531432,6.94494141144) scale(0.00966757342839,-0.00970929130205)"><path class="sym-line" fill="black" d="M64 638 c-35 -33 -64 -64 -64 -68 0 -10 589 -550 600 -550 11 0 600 540 600 550 0 11 -127 130 -140 130 -6 0 -110 -90 -231 -200 -121 -110 -224 -200 -229 -200 -5 0 -108 90 -229 200 -121 110 -225 200 -231 200 -7 0 -41 -28 -76 -62z"/></g></svg>
</svg>