<svg version='1.1' xmlns='http://www.w3.org/2000/svg' width='111' height='92' viewBox='445 454 111 92'>
  <text font-size='0'>M556x546S15114470x529S1511c505x530S22b00511x493S22b10478x493S21600515x478S21600482x479S1f720507x454S1f728477x456S23c04533x458S23c1c445x455</text>
  <svg x='470' y='529'><g transform="translate(0.0388650788055,15.8881876836) scale(0.00993557751112,-0.00983734386476)"><path class="sym-fill" fill="white" d="M840 1050 l0 -150 795 0 795 0 0 150 0 150 -795 0 -795 0 0 -150z"/><path class="sym-line" fill="black" d="M630 1150 l0 -450 1005 0 1005 0 0 450 0 450 -1005 0 -1005 0 0 -450z m1810 -100 l0 -150 -805 0 -805 0 0 150 0 150 805 0 805 0 0 -150z M293 1068 c-269 -270 -290 -301 -280 -414 9 -115 81 -222 185 -275 69 -35 167 -34 242 3 30 16 66 37 80 48 l25 19 -76 77 c-75 75 -77 76 -100 60 -33 -23 -73 -20 -107 9 -37 31 -47 67 -28 103 8 15 80 92 160 172 l146 145 0 142 c0 79 -4 143 -8 143 -4 0 -112 -105 -239 -232z M2730 670 l0 -70 -71 0 -71 0 40 -45 c22 -25 43 -57 46 -71 9 -36 -13 -76 -56 -99 -35 -19 -38 -19 -74 -2 l-37 18 -74 -73 -74 -73 23 -19 c62 -50 121 -70 203 -71 96 0 138 17 205 85 60 59 92 128 98 211 4 56 1 75 -20 120 -24 52 -111 159 -129 159 -5 0 -9 -31 -9 -70z M710 558 c-143 -197 -4 -463 248 -476 62 -4 80 -1 125 22 29 14 63 36 75 49 l22 23 -74 73 c-72 72 -74 73 -97 57 -59 -41 -139 11 -139 91 0 19 23 49 87 114 l87 89 -152 0 -152 0 -30 -42z M1336 547 c-160 -187 -124 -394 86 -504 101 -52 248 -32 320 44 l22 24 -71 71 -71 71 -41 -16 c-48 -20 -78 -12 -110 29 -25 32 -27 71 -5 104 9 14 62 71 118 128 l101 102 -152 0 -151 0 -46 -53z M1992 482 c64 -65 119 -129 123 -144 8 -32 -16 -83 -47 -99 -27 -14 -77 -14 -91 0 -22 22 -44 10 -112 -59 l-70 -71 25 -19 c168 -132 381 -86 476 102 35 70 43 157 19 227 -12 37 -36 72 -77 117 l-60 64 -151 0 -151 0 116 -118z"/></g></svg>
  <svg x='505' y='530'><g transform="translate(0.0388166843927,15.8844071797) scale(0.00993825621418,-0.00983498104979)"><path class="sym-fill" fill="white" d="M470 1050 l0 -150 795 0 795 0 0 150 0 150 -795 0 -795 0 0 -150z"/><path class="sym-line" fill="black" d="M260 1150 l0 -450 1005 0 1005 0 0 450 0 450 -1005 0 -1005 0 0 -450z m1810 -100 l0 -150 -805 0 -805 0 0 150 0 150 805 0 805 0 0 -150z M2360 1157 l0 -142 146 -145 c80 -80 152 -157 160 -172 19 -36 9 -72 -28 -103 -34 -29 -74 -32 -107 -9 -23 16 -25 15 -100 -60 l-76 -77 25 -19 c14 -11 50 -32 80 -48 75 -37 173 -38 242 -3 104 53 176 160 185 275 10 113 -11 144 -280 414 -127 127 -235 232 -239 232 -4 0 -8 -64 -8 -143z M104 688 c-71 -80 -98 -145 -92 -227 6 -83 38 -152 98 -211 67 -68 109 -85 205 -85 82 1 141 21 203 71 l23 19 -74 73 -74 73 -37 -18 c-36 -17 -39 -17 -74 2 -43 23 -65 63 -56 99 3 14 24 46 46 71 l40 45 -71 0 -71 0 0 70 c0 39 -4 70 -9 70 -5 0 -31 -24 -57 -52z M662 536 c-73 -79 -97 -139 -90 -230 9 -111 83 -217 186 -268 70 -34 168 -32 242 4 30 16 66 37 80 48 l25 19 -70 71 c-68 69 -90 81 -112 59 -14 -14 -64 -14 -91 0 -31 16 -55 67 -47 99 4 15 59 79 123 144 l116 118 -151 0 -151 0 -60 -64z M1316 498 c56 -57 109 -114 118 -128 22 -33 20 -72 -5 -104 -32 -41 -62 -49 -110 -29 l-41 16 -71 -71 -71 -71 22 -24 c72 -76 219 -96 320 -44 75 39 127 90 159 154 53 110 28 232 -73 350 l-46 53 -151 0 -152 0 101 -102z M1943 511 c91 -93 100 -112 75 -166 -13 -28 -55 -55 -85 -55 -10 0 -29 7 -42 16 -23 16 -25 15 -97 -57 l-74 -73 22 -23 c12 -13 46 -35 75 -49 45 -23 63 -26 125 -22 252 13 391 279 248 476 l-30 42 -152 0 -152 0 87 -89z"/></g></svg>
  <svg x='511' y='493'><g transform="translate(0.198426155669,29.7519795905) scale(0.00968892587986,-0.00986784736349)"><path class="sym-fill" fill="white" d="M600 1100 l0 -1100 200 0 200 0 0 1100 0 1100 -200 0 -200 0 0 -1100z"/><path class="sym-line" fill="black" d="M395 2600 l-400 -400 203 0 202 0 0 -1100 0 -1100 100 0 100 0 0 1100 0 1100 200 0 200 0 0 -1100 0 -1100 100 0 100 0 0 1100 0 1100 202 0 203 0 -400 400 c-220 220 -402 400 -405 400 -3 0 -185 -180 -405 -400z"/></g></svg>
  <svg x='478' y='493'><g transform="translate(0.198426155669,29.7519795905) scale(0.00968892587986,-0.00986784736349)"><path class="sym-fill" fill="white" d="M520 2575 l-275 -275 555 0 555 0 -275 275 c-151 151 -277 275 -280 275 -3 0 -129 -124 -280 -275z M600 1100 l0 -1100 200 0 200 0 0 1100 0 1100 -200 0 -200 0 0 -1100z"/><path class="sym-line" fill="black" d="M395 2600 l-400 -400 203 0 202 0 0 -1100 0 -1100 100 0 100 0 0 1100 0 1100 200 0 200 0 0 -1100 0 -1100 100 0 100 0 0 1100 0 1100 202 0 203 0 -400 400 c-220 220 -402 400 -405 400 -3 0 -185 -180 -405 -400z m685 -25 l275 -275 -555 0 -555 0 275 275 c151 151 277 275 280 275 3 0 129 -124 280 -275z"/></g></svg>
  <svg x='515' y='478'><g transform="translate(0.149834234299,7.75047623956) scale(0.00950047578505,-0.00951302738823)"><path class="sym-line" fill="black" d="M280 782 c-174 -65 -280 -209 -280 -382 0 -218 182 -400 400 -400 218 0 400 182 400 400 0 173 -114 326 -284 383 -63 22 -177 21 -236 -1z"/></g></svg>
  <svg x='482' y='479'><g transform="translate(0.149834234299,7.75047623956) scale(0.00950047578505,-0.00951302738823)"><path class="sym-line" fill="black" d="M280 782 c-174 -65 -280 -209 -280 -382 0 -218 182 -400 400 -400 218 0 400 182 400 400 0 173 -114 326 -284 383 -63 22 -177 21 -236 -1z"/></g></svg>
  <svg x='507' y='454'><g transform="translate(0.131576825216,14.7505211307) scale(0.00980873003133,-0.00973472242044)"><path class="sym-line" fill="black" d="M498 959 l-3 -542 -159 277 c-87 152 -161 276 -164 276 -2 0 -42 -21 -88 -47 -55 -31 -83 -53 -82 -63 2 -9 113 -206 247 -438 l244 -422 753 0 754 0 0 750 0 750 -750 0 -750 0 -2 -541z"/></g></svg>
  <svg x='477' y='456'><g transform="translate(0.151481649373,14.7505211307) scale(0.00980873003133,-0.00973472242044)"><path class="sym-line" fill="black" d="M0 750 l0 -750 754 0 753 0 244 422 c134 232 245 429 247 438 1 10 -27 32 -82 63 -46 26 -86 47 -88 47 -3 0 -77 -124 -164 -276 l-159 -277 -3 542 -2 541 -750 0 -750 0 0 -750z"/></g></svg>
  <svg x='533' y='458'><g transform="translate(0.151581254123,26.6999810561) scale(0.00980374979387,-0.00983390502079)"><path class="sym-fill" fill="white" d="M0 2300 l0 -200 650 0 650 0 0 -650 0 -650 200 0 200 0 0 850 0 850 -850 0 -850 0 0 -200z"/><path class="sym-line" fill="black" d="M0 2600 l0 -100 850 0 850 0 0 -850 0 -850 -200 0 -200 0 0 650 0 650 -650 0 -650 0 0 -100 0 -100 550 0 550 0 0 -550 0 -550 -202 0 -203 0 403 -402 402 -403 402 403 403 402 -203 0 -202 0 0 950 0 950 -950 0 -950 0 0 -100z"/></g></svg>
  <svg x='445' y='455'><g transform="translate(0.199410345036,26.6999810561) scale(0.00980544418547,-0.00983390502079)"><path class="sym-fill" fill="white" d="M600 1650 l0 -850 200 0 200 0 0 650 0 650 650 0 650 0 0 200 0 200 -850 0 -850 0 0 -850z M523 423 l277 -278 277 278 278 277 -555 0 -555 0 278 -277z"/><path class="sym-line" fill="black" d="M400 1750 l0 -950 -202 0 -203 0 403 -402 402 -403 402 403 403 402 -203 0 -202 0 0 550 0 550 550 0 550 0 0 100 0 100 -650 0 -650 0 0 -650 0 -650 -200 0 -200 0 0 850 0 850 850 0 850 0 0 100 0 100 -950 0 -950 0 0 -950z m677 -1327 l-277 -278 -277 278 -278 277 555 0 555 0 -278 -277z"/></g></svg>
</svg>