<svg version='1.1' xmlns='http://www.w3.org/2000/svg' width='115' height='73' viewBox='442 464 115 73'>
  <text font-size='0'>M557x537S18d58457x465S18d50523x464S22a00442x497S22a04457x499S22a00471x497S22a14514x499S22a10529x499S22a14542x500S36d00515x518S36d00443x518S2fb04493x531</text>
  <svg x='457' y='465'><g transform="translate(0.149098075959,24.7539235506) scale(0.00992790870206,-0.00988018118416)"><path class="sym-line" fill="black" d="M474 2008 c-252 -265 -463 -487 -467 -495 -6 -11 18 -13 131 -13 l139 0 354 372 c195 205 376 396 402 425 l49 53 -63 70 c-35 38 -68 70 -74 70 -6 0 -218 -217 -471 -482z M1070 2034 c-239 -251 -450 -474 -468 -495 l-34 -39 140 0 140 0 401 422 c221 232 400 425 399 429 -7 19 -121 139 -131 139 -7 0 -208 -205 -447 -456z M1520 1889 c-173 -182 -326 -344 -339 -360 l-24 -29 140 0 140 0 264 278 c146 152 268 283 273 290 8 13 -110 152 -129 152 -5 0 -152 -149 -325 -331z M0 650 l0 -650 715 0 715 0 0 650 0 650 -715 0 -715 0 0 -650z"/></g></svg>
  <svg x='523' y='464'><g transform="translate(-0.047647892789,24.7539235506) scale(0.00989302769866,-0.00988018118416)"><path class="sym-line" fill="black" d="M411 2424 c-33 -37 -61 -70 -61 -75 0 -4 180 -197 401 -428 l401 -421 140 0 c130 0 139 1 127 17 -50 61 -922 969 -933 971 -7 2 -41 -27 -75 -64z M980 2420 l-62 -70 38 -43 c21 -23 202 -214 403 -424 l364 -383 139 0 139 0 -23 29 c-57 70 -913 961 -924 961 -7 0 -40 -32 -74 -70z M82 2151 c-34 -38 -62 -72 -62 -76 0 -3 122 -134 271 -291 l272 -284 140 0 c130 0 139 1 126 17 -38 48 -663 698 -674 701 -6 1 -39 -29 -73 -67z M570 650 l0 -650 715 0 715 0 0 650 0 650 -715 0 -715 0 0 -650z"/></g></svg>
  <svg x='442' y='497'><g transform="translate(0.043463926586,14.7505211307) scale(0.00985915292844,-0.00973472242044)"><path class="sym-fill" fill="white" d="M510 400 l0 -400 140 0 140 0 0 400 0 400 -140 0 -140 0 0 -400z"/><path class="sym-line" fill="black" d="M326 1153 l-315 -348 160 -3 159 -2 0 -400 0 -400 90 0 90 0 0 400 0 400 140 0 140 0 0 -400 0 -400 90 0 90 0 0 400 0 400 159 2 160 3 -315 348 c-174 191 -319 347 -324 347 -5 0 -150 -156 -324 -347z"/></g></svg>
  <svg x='457' y='499'><g transform="translate(0.043463926586,14.7505211307) scale(0.00985915292844,-0.00973472242044)"><path class="sym-fill" fill="white" d="M510 1100 l0 -400 140 0 140 0 0 400 0 400 -140 0 -140 0 0 -400z"/><path class="sym-line" fill="black" d="M330 1100 l0 -400 -159 -2 -160 -3 315 -347 c174 -192 319 -348 324 -348 5 0 150 156 324 348 l315 347 -160 3 -159 2 0 400 0 400 -90 0 -90 0 0 -400 0 -400 -140 0 -140 0 0 400 0 400 -90 0 -90 0 0 -400z"/></g></svg>
  <svg x='471' y='497'><g transform="translate(0.043463926586,14.7505211307) scale(0.00985915292844,-0.00973472242044)"><path class="sym-fill" fill="white" d="M510 400 l0 -400 140 0 140 0 0 400 0 400 -140 0 -140 0 0 -400z"/><path class="sym-line" fill="black" d="M326 1153 l-315 -348 160 -3 159 -2 0 -400 0 -400 90 0 90 0 0 400 0 400 140 0 140 0 0 -400 0 -400 90 0 90 0 0 400 0 400 159 2 160 3 -315 348 c-174 191 -319 347 -324 347 -5 0 -150 -156 -324 -347z"/></g></svg>
  <svg x='514' y='499'><g transform="translate(0.043463926586,14.7505211307) scale(0.00985915292844,-0.00973472242044)"><path class="sym-fill" fill="white" d="M510 1100 l0 -400 140 0 140 0 0 400 0 400 -140 0 -140 0 0 -400z M277 557 c144 -163 368 -407 373 -407 5 0 229 244 373 407 l39 43 -412 0 -412 0 39 -43z"/><path class="sym-line" fill="black" d="M330 1100 l0 -400 -159 -2 -160 -3 315 -347 c174 -192 319 -348 324 -348 5 0 150 156 324 348 l315 347 -160 3 -159 2 0 400 0 400 -90 0 -90 0 0 -400 0 -400 -140 0 -140 0 0 400 0 400 -90 0 -90 0 0 -400z m714 -522 c-82 -96 -388 -428 -394 -428 -6 0 -312 332 -394 428 l-19 22 413 0 413 0 -19 -22z"/></g></svg>
  <svg x='529' y='499'><g transform="translate(0.043463926586,14.7505211307) scale(0.00985915292844,-0.00973472242044)"><path class="sym-fill" fill="white" d="M443 1128 l-201 -223 204 -3 c112 -1 296 -1 408 0 l204 3 -198 220 c-110 121 -203 221 -208 223 -4 1 -99 -98 -209 -220z M510 400 l0 -400 140 0 140 0 0 400 0 400 -140 0 -140 0 0 -400z"/><path class="sym-line" fill="black" d="M326 1153 l-315 -348 160 -3 159 -2 0 -400 0 -400 90 0 90 0 0 400 0 400 140 0 140 0 0 -400 0 -400 90 0 90 0 0 400 0 400 159 2 160 3 -315 348 c-174 191 -319 347 -324 347 -5 0 -150 -156 -324 -347z m534 -25 l202 -223 -206 -3 c-113 -1 -299 -1 -412 0 l-206 3 202 223 c111 122 205 222 210 222 5 0 99 -100 210 -222z"/></g></svg>
  <svg x='542' y='500'><g transform="translate(0.043463926586,14.7505211307) scale(0.00985915292844,-0.00973472242044)"><path class="sym-fill" fill="white" d="M510 1100 l0 -400 140 0 140 0 0 400 0 400 -140 0 -140 0 0 -400z M277 557 c144 -163 368 -407 373 -407 5 0 229 244 373 407 l39 43 -412 0 -412 0 39 -43z"/><path class="sym-line" fill="black" d="M330 1100 l0 -400 -159 -2 -160 -3 315 -347 c174 -192 319 -348 324 -348 5 0 150 156 324 348 l315 347 -160 3 -159 2 0 400 0 400 -90 0 -90 0 0 -400 0 -400 -140 0 -140 0 0 400 0 400 -90 0 -90 0 0 -400z m714 -522 c-82 -96 -388 -428 -394 -428 -6 0 -312 332 -394 428 l-19 22 413 0 413 0 -19 -22z"/></g></svg>
  <svg x='515' y='518'><g transform="translate(0.0,4.0) scale(0.01,-0.01)"><path class="sym-line" fill="black" d="M0 200 l0 -200 2100 0 2100 0 0 200 0 200 -2100 0 -2100 0 0 -200z"/></g></svg>
  <svg x='443' y='518'><g transform="translate(0.0,4.0) scale(0.01,-0.01)"><path class="sym-line" fill="black" d="M0 200 l0 -200 2100 0 2100 0 0 200 0 200 -2100 0 -2100 0 0 -200z"/></g></svg>
  <svg x='493' y='531'><g transform="translate(0.178125321737,5.7484375) scale(0.00969593203301,-0.00933333333333)"><path class="sym-line" fill="black" d="M4 569 c22 -111 99 -242 206 -349 151 -151 320 -220 540 -220 220 0 389 69 540 220 107 107 184 238 206 349 l7 31 -61 0 -61 0 -42 -82 c-54 -104 -163 -218 -264 -274 -154 -85 -340 -108 -501 -61 -176 51 -331 177 -413 335 l-42 82 -61 0 -61 0 7 -31z"/></g></svg>
</svg>