<svg version='1.1' xmlns='http://www.w3.org/2000/svg' width='113' height='52' viewBox='444 474 113 52'>
  <text font-size='0'>M557x526S20305460x485S3770b444x500S10001529x496S10021458x501S20301536x482S3770b520x498S20500451x480S20500528x476S28300494x474</text>
  <svg x='460' y='485'><g transform="translate(0.0997015518904,20.7485491077) scale(0.00981057662724,-0.00980957695607)"><path class="sym-fill" fill="white" d="M675 1430 l-380 -380 380 -380 380 -380 380 380 380 380 -380 380 -380 380 -380 -380z"/><path class="sym-line" fill="black" d="M530 1575 l-525 -525 525 -525 525 -525 525 525 525 525 -525 525 -525 525 -525 -525z m915 -905 c-209 -209 -384 -380 -390 -380 -6 0 -181 171 -390 380 l-380 380 385 385 385 385 385 -385 385 -385 -380 -380z"/></g></svg>
  <svg x='444' y='500'><g transform="translate(-0.981442752515,22.333772324) scale(0.0107782670044,-0.0103182059236)"><path class="sym-line" fill="black" d="M1024 1185 c-505 -531 -919 -971 -919 -979 0 -7 31 -46 69 -86 51 -55 72 -71 83 -64 8 5 428 443 933 973 l919 965 -72 75 c-39 42 -76 77 -82 79 -6 1 -425 -432 -931 -963z"/></g></svg>
  <svg x='529' y='496'><g transform="translate(0.0827624000386,29.8972374025) scale(0.00988338120185,-0.00991626663417)"><path class="sym-fill" fill="white" d="M763 1370 l-353 -363 70 -76 c39 -42 197 -206 353 -365 l282 -289 353 363 352 362 -80 86 c-44 48 -203 212 -353 366 l-272 278 -352 -362z"/><path class="sym-line" fill="black" d="M76 2931 l-69 -69 486 -498 485 -498 -371 -381 c-204 -209 -393 -403 -419 -431 l-49 -51 481 -494 c264 -272 487 -494 495 -494 8 0 231 222 495 494 l481 494 -49 51 c-152 158 -1893 1946 -1895 1946 -2 0 -33 -31 -71 -69z m1394 -1560 c190 -194 345 -359 345 -366 0 -16 -684 -720 -700 -720 -16 0 -700 704 -700 720 0 16 687 724 700 722 6 -1 166 -161 355 -356z"/></g></svg>
  <svg x='458' y='501'><g transform="translate(0.141356881793,20.8577841504) scale(0.00991963449397,-0.00995134096646)"><path class="sym-line" fill="black" d="M61 2016 c-35 -35 -62 -68 -60 -73 6 -15 1979 -1933 1988 -1933 12 0 996 958 996 969 0 11 -985 971 -996 971 -4 0 -199 -187 -434 -416 l-427 -417 -86 85 c-439 429 -904 878 -910 878 -4 0 -36 -29 -71 -64z"/></g></svg>
  <svg x='536' y='482'><g transform="translate(0.199328273943,20.7485491077) scale(0.00980871680229,-0.00980957695607)"><path class="sym-fill" fill="white" d="M665 1430 l-380 -380 380 -380 380 -380 380 380 380 380 -380 380 -380 380 -380 -380z"/><path class="sym-line" fill="black" d="M520 1575 l-525 -525 525 -525 525 -525 525 525 525 525 -525 525 -525 525 -525 -525z m915 -145 l380 -380 -380 -380 c-209 -209 -384 -380 -390 -380 -6 0 -181 171 -390 380 l-380 380 380 380 c209 209 384 380 390 380 6 0 181 -171 390 -380z"/></g></svg>
  <svg x='520' y='498'><g transform="translate(-0.981442752515,22.333772324) scale(0.0107782670044,-0.0103182059236)"><path class="sym-line" fill="black" d="M1024 1185 c-505 -531 -919 -971 -919 -979 0 -7 31 -46 69 -86 51 -55 72 -71 83 -64 8 5 428 443 933 973 l919 965 -72 75 c-39 42 -76 77 -82 79 -6 1 -425 -432 -931 -963z"/></g></svg>
  <svg x='451' y='480'><g transform="translate(-0.221878406359,10.7500002304) scale(0.0103429235226,-0.00963778430032)"><path class="sym-line" fill="black" d="M430 895 l0 -205 -37 23 c-21 13 -95 61 -165 105 l-128 82 -36 -71 c-19 -40 -32 -75 -27 -79 4 -3 74 -48 156 -99 81 -51 147 -97 147 -101 0 -4 -66 -50 -147 -101 -82 -51 -152 -96 -156 -99 -5 -4 8 -39 27 -79 l36 -71 128 82 c70 44 144 92 165 105 l37 23 0 -205 0 -205 70 0 70 0 0 205 0 205 38 -23 c20 -13 94 -61 164 -105 l128 -82 36 71 c19 40 32 75 27 79 -4 3 -74 48 -155 99 -82 51 -148 97 -148 101 0 4 66 50 148 101 81 51 151 96 155 99 5 4 -8 39 -27 79 l-36 71 -128 -82 c-70 -44 -144 -92 -164 -105 l-38 -23 0 205 0 205 -70 0 -70 0 0 -205z"/></g></svg>
  <svg x='528' y='476'><g transform="translate(-0.221878406359,10.7500002304) scale(0.0103429235226,-0.00963778430032)"><path class="sym-line" fill="black" d="M430 895 l0 -205 -37 23 c-21 13 -95 61 -165 105 l-128 82 -36 -71 c-19 -40 -32 -75 -27 -79 4 -3 74 -48 156 -99 81 -51 147 -97 147 -101 0 -4 -66 -50 -147 -101 -82 -51 -152 -96 -156 -99 -5 -4 8 -39 27 -79 l36 -71 128 82 c70 44 144 92 165 105 l37 23 0 -205 0 -205 70 0 70 0 0 205 0 205 38 -23 c20 -13 94 -61 164 -105 l128 -82 36 71 c19 40 32 75 27 79 -4 3 -74 48 -155 99 -82 51 -148 97 -148 101 0 4 66 50 148 101 81 51 151 96 155 99 5 4 -8 39 -27 79 l-36 71 -128 -82 c-70 -44 -144 -92 -164 -105 l-38 -23 0 205 0 205 -70 0 -70 0 0 -205z"/></g></svg>
  <svg x='494' y='474'><g transform="translate(0.0,31.0) scale(0.01,-0.01)"><path class="sym-line" fill="black" d="M747 2778 c-188 -177 -343 -325 -345 -330 -2 -4 132 -8 297 -8 l301 0 0 -164 c0 -176 0 -176 -53 -176 -37 0 -174 -38 -254 -70 -94 -38 -218 -111 -285 -167 -27 -24 -52 -43 -54 -43 -3 0 -81 72 -174 160 -92 88 -171 160 -174 160 -3 0 -6 -166 -6 -370 l0 -370 390 0 c222 0 390 4 390 9 0 5 -77 80 -170 167 -94 87 -169 163 -167 169 7 21 145 116 231 159 82 40 259 96 307 96 18 0 19 -15 19 -414 l0 -413 -73 -7 c-158 -14 -367 -91 -503 -184 -79 -53 -274 -230 -274 -247 0 -14 55 -65 71 -65 5 0 48 36 96 81 148 140 250 205 411 263 64 23 217 56 258 56 12 0 14 -89 14 -535 l0 -535 100 0 100 0 0 530 0 530 23 0 c42 0 178 -40 258 -74 83 -36 230 -128 263 -165 19 -21 19 -21 -85 -118 -57 -54 -135 -128 -174 -165 l-70 -68 393 0 392 0 0 371 0 371 -176 -167 c-191 -181 -174 -172 -234 -119 -50 45 -204 134 -283 165 -79 30 -190 61 -269 74 l-38 6 0 420 0 420 53 -7 c86 -10 233 -51 312 -88 109 -50 200 -115 315 -223 l101 -96 35 34 c19 18 34 38 34 45 0 14 -151 152 -236 217 -138 105 -341 187 -517 209 l-97 12 0 163 0 163 301 0 c165 0 299 4 297 8 -6 15 -688 652 -698 652 -6 0 -164 -145 -353 -322z"/></g></svg>
</svg>