<svg version='1.1' xmlns='http://www.w3.org/2000/svg' width='114' height='65' viewBox='443 468 114 65'>
  <text font-size='0'>M557x533S15d02453x474S37a06488x512S37a03443x468S15d31505x502S17f2b535x509S20e00457x497S20500504x522S2890b492x471</text>
  <svg x='453' y='474'><g transform="translate(0.130661630485,18.7501235081) scale(0.00985944212031,-0.00979036105688)"><path class="sym-fill" fill="white" d="M482 844 c-107 -112 -192 -208 -190 -213 2 -6 90 -102 197 -215 l194 -206 908 0 909 0 0 420 0 420 -912 -1 -913 0 -193 -205z"/><path class="sym-line" fill="black" d="M1722 1827 l-73 -73 226 -240 226 -239 -754 -3 -753 -2 -295 -311 c-161 -171 -295 -317 -297 -323 -1 -7 130 -152 293 -324 l296 -312 1055 0 1054 0 0 635 0 635 -148 0 -147 0 -298 315 c-164 173 -301 315 -305 315 -4 0 -40 -33 -80 -73z m778 -1192 l0 -425 -912 1 -913 1 -195 207 c-107 114 -195 210 -195 213 0 3 89 101 199 217 l199 211 908 0 909 0 0 -425z"/></g></svg>
  <svg x='488' y='512'><g transform="translate(0.0,2.0) scale(0.01,-0.01)"><path class="sym-line" fill="black" d="M0 100 l0 -100 2400 0 2400 0 0 100 0 100 -2400 0 -2400 0 0 -100z"/></g></svg>
  <svg x='443' y='468'><g transform="translate(-0.252963465096,47.1620211329) scale(0.0100868804991,-0.0100869271551)"><path class="sym-line" fill="black" d="M127 4572 c-48 -48 -87 -92 -87 -97 0 -13 4422 -4435 4435 -4435 13 0 185 172 185 185 0 13 -4422 4435 -4435 4435 -6 0 -50 -39 -98 -88z"/></g></svg>
  <svg x='505' y='502'><g transform="translate(-0.0476493766782,22.899520137) scale(0.00991202148038,-0.00989177505957)"><path class="sym-fill" fill="white" d="M220 1823 l0 -278 107 -107 108 -108 -68 -68 -67 -67 103 -103 102 -102 68 67 67 68 413 -413 412 -412 275 275 275 275 -413 413 -412 412 67 68 68 67 -102 102 -103 103 -68 -68 -67 -67 -110 110 -110 110 -272 0 -273 0 0 -277z"/><path class="sym-line" fill="black" d="M20 1882 l0 -417 138 -138 137 -137 70 70 70 70 -113 113 -112 113 2 269 3 270 275 3 274 2 111 -110 110 -110 70 70 70 70 -140 140 -140 140 -412 0 -413 0 0 -418z M1890 1568 l0 -313 -278 278 -277 277 -70 -70 -70 -70 413 -413 412 -412 -275 -275 -275 -275 -413 413 -412 412 -70 -70 -70 -70 483 -483 482 -482 415 415 415 415 -105 105 -105 105 0 413 0 412 -100 0 -100 0 0 -312z"/></g></svg>
  <svg x='535' y='509'><g transform="translate(0.151205864637,23.9001928572) scale(0.00982251926813,-0.00995705866318)"><path class="sym-line" fill="black" d="M112 2102 c-114 -406 -116 -411 -110 -418 3 -3 174 -48 379 -100 206 -52 378 -96 383 -97 5 -2 -85 -92 -200 -202 -115 -109 -210 -204 -212 -210 -2 -6 32 -44 74 -84 l76 -73 57 54 c31 30 149 142 262 250 l205 197 185 -46 c101 -25 185 -47 186 -48 2 -1 85 -295 186 -653 101 -359 186 -655 189 -657 3 -3 100 18 216 47 l211 52 -6 26 c-4 14 -124 441 -267 950 l-261 924 -715 183 c-393 100 -725 184 -736 187 -20 5 -26 -11 -102 -282z"/></g></svg>
  <svg x='457' y='497'><g transform="translate(0.146427179928,11.7544805477) scale(0.00967082850362,-0.00967852689504)"><path class="sym-fill" fill="white" d="M503 985 c-159 -43 -265 -159 -295 -325 -22 -116 23 -252 112 -340 88 -89 224 -134 340 -112 178 33 299 154 332 332 22 115 -23 252 -110 339 -56 56 -107 85 -189 106 -70 18 -121 18 -190 0z m175 -200 c104 -44 151 -167 103 -270 -71 -153 -291 -153 -362 0 -33 72 -19 166 34 224 52 56 151 76 225 46z"/><path class="sym-line" fill="black" d="M435 1181 c-206 -60 -366 -224 -419 -428 -21 -78 -21 -228 0 -306 54 -208 223 -377 431 -431 78 -21 228 -21 306 0 208 54 377 223 431 431 21 78 21 228 0 306 -26 103 -80 195 -158 273 -78 78 -170 132 -273 158 -82 21 -240 20 -318 -3z m276 -197 c134 -40 234 -140 273 -273 62 -211 -60 -432 -273 -495 -210 -62 -433 61 -495 273 -61 207 56 426 264 492 70 23 161 24 231 3z M509 772 c-43 -22 -59 -38 -81 -81 -36 -68 -36 -114 0 -182 22 -43 38 -59 81 -81 68 -36 114 -36 182 0 43 22 59 38 81 81 36 68 36 114 0 182 -22 43 -38 59 -81 81 -68 36 -114 36 -182 0z"/></g></svg>
  <svg x='504' y='522'><g transform="translate(-0.221878406359,10.7500002304) scale(0.0103429235226,-0.00963778430032)"><path class="sym-line" fill="black" d="M430 895 l0 -205 -37 23 c-21 13 -95 61 -165 105 l-128 82 -36 -71 c-19 -40 -32 -75 -27 -79 4 -3 74 -48 156 -99 81 -51 147 -97 147 -101 0 -4 -66 -50 -147 -101 -82 -51 -152 -96 -156 -99 -5 -4 8 -39 27 -79 l36 -71 128 82 c70 44 144 92 165 105 l37 23 0 -205 0 -205 70 0 70 0 0 205 0 205 38 -23 c20 -13 94 -61 164 -105 l128 -82 36 71 c19 40 32 75 27 79 -4 3 -74 48 -155 99 -82 51 -148 97 -148 101 0 4 66 50 148 101 81 51 151 96 155 99 5 4 -8 39 -27 79 l-36 71 -128 -82 c-70 -44 -144 -92 -164 -105 l-38 -23 0 205 0 205 -70 0 -70 0 0 -205z"/></g></svg>
  <svg x='492' y='471'><g transform="translate(0.149985407629,26.8051942743) scale(0.00988354211854,-0.00996148184378)"><path class="sym-fill" fill="white" d="M0 2296 l0 -214 443 -5 c490 -4 486 -4 627 -73 54 -27 95 -58 150 -113 87 -88 139 -173 177 -286 27 -79 27 -85 31 -382 l3 -303 198 0 198 0 6 222 c6 245 -3 401 -32 518 -109 438 -443 763 -857 835 -68 12 -178 15 -515 15 l-429 0 0 -214z"/><path class="sym-line" fill="black" d="M163 2673 l-163 -3 0 -80 0 -79 478 -4 c442 -3 482 -5 547 -24 190 -55 333 -139 472 -278 166 -167 269 -359 319 -595 17 -81 32 -588 20 -655 l-7 -35 -199 0 -200 0 0 265 c0 283 -9 368 -53 470 -65 154 -172 274 -304 343 -134 70 -152 72 -640 72 l-433 0 0 -80 0 -80 398 0 c220 0 426 -5 462 -10 181 -29 340 -177 397 -371 12 -42 17 -119 20 -331 l5 -278 -252 -2 -252 -3 421 -455 c231 -250 427 -455 434 -455 8 0 203 205 435 455 l421 455 -248 3 -249 2 -5 328 c-3 259 -8 343 -21 402 -119 524 -474 897 -956 1005 -60 13 -138 17 -380 19 -168 2 -378 1 -467 -1z"/></g></svg>
</svg>