<svg version='1.1' xmlns='http://www.w3.org/2000/svg' width='114' height='54' viewBox='444 463 114 54'>
  <text font-size='0'>M558x517S31a00482x482S20310524x502S20314460x502S16d14460x472S16d1c526x473S26510444x491S26500544x493S2f900528x464S2f900463x463</text>
  <svg x='482' y='482'><g transform="translate(0.149874875465,34.7500790925) scale(0.00988906872676,-0.00988956850125)"><path class="sym-line" fill="black" d="M1528 3484 c-592 -92 -1088 -447 -1348 -963 -125 -249 -180 -485 -180 -771 0 -480 183 -911 529 -1242 350 -336 780 -508 1271 -508 451 0 864 150 1193 434 326 281 517 620 591 1051 21 121 21 409 0 530 -43 252 -114 444 -237 639 -282 453 -741 750 -1284 831 -127 19 -413 18 -535 -1z m607 -173 c583 -126 1038 -523 1224 -1069 59 -173 75 -277 75 -492 0 -165 -3 -211 -22 -300 -71 -327 -228 -611 -458 -829 -186 -177 -381 -295 -614 -374 -176 -60 -282 -78 -490 -84 -247 -7 -416 19 -628 97 -549 201 -944 674 -1043 1250 -17 97 -17 383 0 480 99 576 495 1050 1043 1250 105 38 177 58 303 81 143 26 467 21 610 -10z M1022 2476 c-191 -71 -302 -228 -302 -426 0 -202 117 -362 315 -430 77 -26 210 -27 293 -2 164 52 289 195 315 361 34 222 -100 435 -315 503 -88 27 -224 24 -306 -6z m309 -173 c203 -113 202 -393 -1 -507 -50 -28 -63 -31 -145 -31 -75 0 -98 4 -135 23 -61 32 -107 77 -138 137 -36 69 -38 178 -3 245 61 118 153 172 287 167 68 -3 89 -8 135 -34z M2285 2485 c-224 -70 -363 -284 -327 -501 53 -319 398 -480 697 -326 50 25 126 98 160 153 90 141 90 337 0 478 -85 136 -229 212 -399 210 -50 -1 -109 -7 -131 -14z m241 -162 c67 -23 154 -110 177 -177 38 -111 13 -211 -72 -297 -72 -71 -132 -94 -235 -87 -82 6 -137 30 -192 85 -151 150 -91 406 113 479 53 18 150 17 209 -3z"/></g></svg>
  <svg x='524' y='502'><g transform="translate(0.0,15.0) scale(0.01,-0.01)"><path class="sym-fill" fill="white" d="M200 750 l0 -550 300 0 300 0 0 550 0 550 -300 0 -300 0 0 -550z"/><path class="sym-line" fill="black" d="M0 750 l0 -750 750 0 750 0 0 750 0 750 -750 0 -750 0 0 -750z m800 0 l0 -550 -300 0 -300 0 0 550 0 550 300 0 300 0 0 -550z"/></g></svg>
  <svg x='460' y='502'><g transform="translate(0.0,15.0) scale(0.01,-0.01)"><path class="sym-fill" fill="white" d="M700 750 l0 -550 300 0 300 0 0 550 0 550 -300 0 -300 0 0 -550z"/><path class="sym-line" fill="black" d="M0 750 l0 -750 750 0 750 0 0 750 0 750 -750 0 -750 0 0 -750z m1300 0 l0 -550 -300 0 -300 0 0 550 0 550 300 0 300 0 0 -550z"/></g></svg>
  <svg x='460' y='472'><g transform="translate(0.140680065291,19.7636770102) scale(0.00975323237509,-0.00985325814308)"><path class="sym-fill" fill="white" d="M640 1883 c-54 -10 -128 -35 -180 -62 l-55 -28 -3 -787 -2 -786 32 -20 c40 -25 209 -80 243 -80 l25 0 0 885 c0 837 -1 885 -17 884 -10 -1 -29 -4 -43 -6z"/><path class="sym-line" fill="black" d="M595 1985 c-289 -64 -483 -255 -567 -560 -20 -73 -22 -109 -26 -405 -4 -350 1 -411 45 -533 82 -229 266 -388 528 -458 113 -30 323 -37 444 -15 362 67 592 287 666 639 8 38 15 86 15 108 l0 39 -105 0 -105 0 0 -29 c0 -71 -53 -160 -130 -216 -102 -75 -283 -130 -467 -142 l-93 -6 0 691 0 692 78 0 c239 0 482 -72 603 -179 50 -44 109 -144 109 -185 0 -25 2 -26 56 -26 l57 0 -5 69 c-4 52 -14 89 -40 144 -92 194 -305 316 -646 372 -107 18 -336 18 -417 0z m105 -986 c0 -843 -1 -890 -17 -886 -10 3 -43 11 -73 17 -30 7 -90 28 -132 48 l-78 35 0 791 0 792 58 28 c62 32 171 64 215 65 l27 1 0 -891z"/></g></svg>
  <svg x='526' y='473'><g transform="translate(0.180759557901,19.7632365531) scale(0.00975093803673,-0.00985895213206)"><path class="sym-fill" fill="white" d="M1000 1006 l0 -886 25 0 c34 0 203 55 243 80 l32 20 -2 786 -3 787 -55 28 c-59 30 -128 53 -197 64 l-43 7 0 -886z"/><path class="sym-line" fill="black" d="M680 1985 c-177 -30 -332 -83 -438 -152 -137 -87 -230 -229 -240 -364 l-5 -69 57 0 c54 0 56 1 56 26 0 41 59 141 109 185 121 107 364 179 603 179 l78 0 0 -692 0 -691 -93 6 c-184 12 -365 67 -467 142 -77 56 -130 145 -130 216 l0 29 -105 0 -105 0 0 -39 c0 -22 7 -70 15 -108 74 -352 304 -572 666 -639 121 -22 331 -15 444 15 262 70 446 229 528 458 44 122 49 183 45 533 -5 363 -12 407 -83 559 -107 225 -273 355 -517 406 -85 18 -312 18 -418 0z m425 -110 c33 -8 90 -29 128 -47 l67 -32 0 -792 0 -791 -77 -35 c-43 -20 -103 -41 -133 -48 -30 -6 -63 -14 -72 -17 -17 -4 -18 43 -18 886 l0 891 23 0 c12 0 50 -7 82 -15z"/></g></svg>
  <svg x='444' y='491'><g transform="translate(0.199517282911,14.7505211307) scale(0.00964541675618,-0.00973472242044)"><path class="sym-fill" fill="white" d="M470 1125 l-225 -225 455 0 455 0 -225 225 c-124 124 -227 225 -230 225 -3 0 -106 -101 -230 -225z"/><path class="sym-line" fill="black" d="M345 1150 l-350 -350 303 0 302 0 0 -400 0 -400 100 0 100 0 0 400 0 400 302 0 303 0 -350 350 c-192 193 -352 350 -355 350 -3 0 -163 -157 -355 -350z m585 -25 l225 -225 -455 0 -455 0 225 225 c124 124 227 225 230 225 3 0 106 -101 230 -225z"/></g></svg>
  <svg x='544' y='493'><g transform="translate(0.199517282911,14.7505211307) scale(0.00964541675618,-0.00973472242044)"><path class="sym-line" fill="black" d="M345 1150 l-350 -350 303 0 302 0 0 -400 0 -400 100 0 100 0 0 400 0 400 302 0 303 0 -350 350 c-192 193 -352 350 -355 350 -3 0 -163 -157 -355 -350z"/></g></svg>
  <svg x='528' y='464'><g transform="translate(0.180786096011,4.75000053092) scale(0.00958087152387,-0.00920312606184)"><path class="sym-line" fill="black" d="M245 488 c-55 -20 -116 -69 -150 -121 -45 -68 -84 -193 -92 -289 l-6 -78 107 0 106 0 0 40 c0 57 36 145 71 175 37 30 91 33 131 7 15 -10 53 -49 85 -87 82 -98 136 -129 231 -134 87 -4 139 9 200 51 86 59 157 215 169 371 l6 77 -107 0 -106 0 0 -40 c0 -57 -36 -145 -71 -175 -37 -30 -91 -33 -131 -7 -15 10 -53 49 -85 87 -32 38 -81 83 -107 100 -44 27 -59 30 -135 32 -47 1 -99 -3 -116 -9z"/></g></svg>
  <svg x='463' y='463'><g transform="translate(0.180786096011,4.75000053092) scale(0.00958087152387,-0.00920312606184)"><path class="sym-line" fill="black" d="M245 488 c-55 -20 -116 -69 -150 -121 -45 -68 -84 -193 -92 -289 l-6 -78 107 0 106 0 0 40 c0 57 36 145 71 175 37 30 91 33 131 7 15 -10 53 -49 85 -87 82 -98 136 -129 231 -134 87 -4 139 9 200 51 86 59 157 215 169 371 l6 77 -107 0 -106 0 0 -40 c0 -57 -36 -145 -71 -175 -37 -30 -91 -33 -131 -7 -15 10 -53 49 -85 87 -32 38 -81 83 -107 100 -44 27 -59 30 -135 32 -47 1 -99 -3 -116 -9z"/></g></svg>
</svg>