<svg version='1.1' xmlns='http://www.w3.org/2000/svg' width='118' height='159' viewBox='441 457 118 159'>
  <text font-size='0'>M559x616S2ff10482x515S35010495x530S20330464x601S20330517x601S2ff10482x489S2ff00483x457S35c16496x476S35c12496x500S14c08526x543S14c00448x543S22240525x534S22240441x533S23108514x578S23118455x578</text>
  <svg x='482' y='515'><g transform="translate(0.161768798498,28.7483836208) scale(0.00988693497871,-0.00986205038648)"><path class="sym-line" fill="black" d="M389 2842 c-170 -211 -296 -471 -353 -727 -57 -258 -48 -567 23 -825 118 -427 407 -801 801 -1037 281 -168 596 -253 940 -253 451 0 864 150 1193 434 326 281 517 620 591 1051 20 114 21 396 2 520 -46 300 -166 571 -360 817 -33 43 -65 78 -70 78 -12 0 -116 -89 -116 -99 0 -4 23 -37 52 -72 183 -228 299 -501 339 -797 16 -125 6 -357 -21 -487 -81 -386 -300 -727 -617 -961 -190 -141 -417 -243 -658 -294 -142 -31 -430 -39 -575 -16 -419 67 -771 262 -1028 570 -449 539 -494 1272 -115 1855 30 47 75 109 99 138 24 28 44 56 44 61 0 13 -101 102 -115 101 -5 0 -31 -26 -56 -57z"/></g></svg>
  <svg x='495' y='530'><g transform="translate(0.180786096011,4.75000053092) scale(0.00958087152387,-0.00920312606184)"><path class="sym-line" fill="black" d="M245 488 c-55 -20 -116 -69 -150 -121 -45 -68 -84 -193 -92 -289 l-6 -78 107 0 106 0 0 40 c0 57 36 145 71 175 37 30 91 33 131 7 15 -10 53 -49 85 -87 82 -98 136 -129 231 -134 87 -4 139 9 200 51 86 59 157 215 169 371 l6 77 -107 0 -106 0 0 -40 c0 -57 -36 -145 -71 -175 -37 -30 -91 -33 -131 -7 -15 10 -53 49 -85 87 -32 38 -81 83 -107 100 -44 27 -59 30 -135 32 -47 1 -99 -3 -116 -9z"/></g></svg>
  <svg x='464' y='601'><g transform="translate(0.0,15.0) scale(0.01,-0.01)"><path class="sym-fill" fill="white" d="M200 1200 l0 -100 -100 0 -100 0 0 -150 0 -150 100 0 100 0 0 -300 0 -300 550 0 550 0 0 300 0 300 100 0 100 0 0 150 0 150 -100 0 -100 0 0 100 0 100 -550 0 -550 0 0 -100z"/><path class="sym-line" fill="black" d="M0 1300 l0 -200 100 0 100 0 0 100 0 100 550 0 550 0 0 -100 0 -100 100 0 100 0 0 200 0 200 -750 0 -750 0 0 -200z M0 400 l0 -400 750 0 750 0 0 400 0 400 -100 0 -100 0 0 -300 0 -300 -550 0 -550 0 0 300 0 300 -100 0 -100 0 0 -400z"/></g></svg>
  <svg x='517' y='601'><g transform="translate(0.0,15.0) scale(0.01,-0.01)"><path class="sym-fill" fill="white" d="M200 1200 l0 -100 -100 0 -100 0 0 -150 0 -150 100 0 100 0 0 -300 0 -300 550 0 550 0 0 300 0 300 100 0 100 0 0 150 0 150 -100 0 -100 0 0 100 0 100 -550 0 -550 0 0 -100z"/><path class="sym-line" fill="black" d="M0 1300 l0 -200 100 0 100 0 0 100 0 100 550 0 550 0 0 -100 0 -100 100 0 100 0 0 200 0 200 -750 0 -750 0 0 -200z M0 400 l0 -400 750 0 750 0 0 400 0 400 -100 0 -100 0 0 -300 0 -300 -550 0 -550 0 0 300 0 300 -100 0 -100 0 0 -400z"/></g></svg>
  <svg x='482' y='489'><g transform="translate(0.161768798498,28.7483836208) scale(0.00988693497871,-0.00986205038648)"><path class="sym-line" fill="black" d="M389 2842 c-170 -211 -296 -471 -353 -727 -57 -258 -48 -567 23 -825 118 -427 407 -801 801 -1037 281 -168 596 -253 940 -253 451 0 864 150 1193 434 326 281 517 620 591 1051 20 114 21 396 2 520 -46 300 -166 571 -360 817 -33 43 -65 78 -70 78 -12 0 -116 -89 -116 -99 0 -4 23 -37 52 -72 183 -228 299 -501 339 -797 16 -125 6 -357 -21 -487 -81 -386 -300 -727 -617 -961 -190 -141 -417 -243 -658 -294 -142 -31 -430 -39 -575 -16 -419 67 -771 262 -1028 570 -449 539 -494 1272 -115 1855 30 47 75 109 99 138 24 28 44 56 44 61 0 13 -101 102 -115 101 -5 0 -31 -26 -56 -57z"/></g></svg>
  <svg x='483' y='457'><g transform="translate(0.149874875465,34.7500790925) scale(0.00988906872676,-0.00988956850125)"><path class="sym-line" fill="black" d="M1528 3484 c-592 -92 -1088 -447 -1348 -963 -125 -249 -180 -485 -180 -771 0 -480 183 -911 529 -1242 350 -336 780 -508 1271 -508 451 0 864 150 1193 434 326 281 517 620 591 1051 21 121 21 409 0 530 -43 252 -114 444 -237 639 -282 453 -741 750 -1284 831 -127 19 -413 18 -535 -1z m607 -173 c583 -126 1038 -523 1224 -1069 59 -173 75 -277 75 -492 0 -165 -3 -211 -22 -300 -71 -327 -228 -611 -458 -829 -186 -177 -381 -295 -614 -374 -176 -60 -282 -78 -490 -84 -247 -7 -416 19 -628 97 -549 201 -944 674 -1043 1250 -17 97 -17 383 0 480 99 576 495 1050 1043 1250 105 38 177 58 303 81 143 26 467 21 610 -10z"/></g></svg>
  <svg x='496' y='476'><g transform="translate(-0.333932286024,9.74310845703) scale(0.0105558884398,-0.00958637373875)"><path class="sym-line" fill="black" d="M352 975 c-188 -69 -306 -253 -306 -475 0 -173 67 -317 191 -411 202 -154 484 -105 630 109 118 174 118 430 0 604 -116 170 -331 242 -515 173z m281 -114 c34 -16 82 -48 106 -71 39 -38 87 -124 106 -187 l6 -23 -149 0 c-149 0 -149 0 -189 29 -22 16 -56 49 -75 72 -42 52 -111 159 -106 164 2 2 24 13 48 24 71 31 175 28 253 -8z m212 -463 c-51 -174 -187 -288 -344 -288 -48 0 -84 6 -117 21 -27 11 -50 22 -52 24 -5 5 64 113 106 164 19 23 53 56 75 72 40 29 40 29 189 29 l149 0 -6 -22z"/></g></svg>
  <svg x='496' y='500'><g transform="translate(-0.333932286024,9.74310845703) scale(0.0105558884398,-0.00958637373875)"><path class="sym-line" fill="black" d="M352 975 c-188 -69 -306 -253 -306 -475 0 -173 67 -317 191 -411 202 -154 484 -105 630 109 118 174 118 430 0 604 -116 170 -331 242 -515 173z m264 -106 c27 -11 50 -22 52 -24 5 -5 -64 -113 -106 -164 -19 -23 -53 -56 -75 -72 -40 -29 -40 -29 -189 -29 l-149 0 6 23 c19 63 67 149 106 187 96 94 244 127 355 79z m-129 -478 c22 -16 56 -49 75 -72 42 -51 111 -159 106 -164 -2 -2 -25 -13 -52 -24 -153 -66 -352 19 -426 183 -16 34 -31 71 -35 84 l-6 22 149 0 c149 0 149 0 189 -29z"/></g></svg>
  <svg x='526' y='543'><g transform="translate(0.169377282955,30.7516384396) scale(0.00990025187962,-0.00987200030311)"><path class="sym-fill" fill="white" d="M932 1761 l-142 -149 0 -706 0 -706 295 0 295 0 0 706 0 706 -141 147 c-78 80 -147 147 -153 149 -7 1 -76 -65 -154 -147z"/><path class="sym-line" fill="black" d="M980 2602 l0 -498 -75 -74 c-61 -61 -77 -72 -85 -60 -5 8 -101 174 -212 369 -111 194 -207 355 -213 357 -11 5 -174 -86 -175 -96 0 -3 103 -185 229 -405 l229 -400 -44 -45 -44 -46 0 -404 0 -405 -223 223 c-122 122 -227 222 -234 222 -6 0 -39 -31 -73 -70 l-62 -70 60 -67 c34 -38 167 -174 296 -303 l236 -235 0 -297 0 -298 495 0 495 0 0 598 0 597 131 130 c72 72 229 232 350 357 l220 227 -67 70 c-36 39 -72 71 -78 71 -6 0 -133 -125 -283 -277 l-272 -278 0 105 -1 104 -44 46 -44 45 229 400 c126 220 228 402 228 405 1 8 -159 100 -172 100 -7 -1 -104 -163 -217 -361 -113 -199 -208 -366 -212 -372 -5 -8 -34 14 -83 63 l-75 74 0 498 0 498 -105 0 -105 0 0 -498z m400 -1689 l0 -713 -295 0 -295 0 0 712 0 713 147 147 148 148 147 -147 148 -148 0 -712z"/></g></svg>
  <svg x='448' y='543'><g transform="translate(-0.0594657001311,30.7516384396) scale(0.00991707416583,-0.00987200030311)"><path class="sym-fill" fill="white" d="M1063 1761 l-143 -148 0 -706 0 -707 295 0 295 0 0 708 0 707 -141 148 c-78 81 -146 147 -152 146 -7 -1 -76 -67 -154 -148z"/><path class="sym-line" fill="black" d="M1110 2603 l-1 -498 -74 -78 -74 -77 -213 375 c-117 206 -217 374 -222 375 -12 0 -176 -93 -176 -100 1 -3 104 -185 230 -405 l229 -400 -45 -45 -44 -46 0 -104 -1 -105 -272 278 c-150 152 -277 277 -284 277 -6 0 -41 -32 -77 -72 l-65 -71 269 -276 c148 -152 305 -312 349 -356 l81 -80 0 -597 0 -598 495 0 495 0 0 297 0 298 295 295 c162 163 295 302 295 309 0 16 -119 141 -134 141 -6 0 -111 -100 -233 -222 l-223 -223 0 406 0 405 -44 43 -43 43 223 392 c123 216 226 399 229 407 6 16 -151 113 -170 105 -6 -2 -102 -163 -213 -357 -111 -195 -207 -361 -212 -369 -8 -12 -24 -1 -85 60 l-75 74 0 498 0 498 -105 0 -105 0 0 -497z m400 -1690 l0 -713 -295 0 -295 0 0 712 0 713 147 147 148 148 147 -147 148 -148 0 -712z"/></g></svg>
  <svg x='525' y='534'><g transform="translate(0.114153490569,4.85165375092) scale(0.00989725883843,-0.00972970218059)"><path class="sym-line" fill="black" d="M265 289 c-298 -247 -274 -223 -245 -254 46 -49 47 -48 265 134 112 94 209 171 215 171 6 0 97 -72 202 -160 106 -88 195 -160 198 -160 3 0 92 72 198 160 105 88 196 160 202 160 6 0 97 -72 202 -160 106 -88 195 -160 198 -160 3 0 92 72 198 160 105 88 196 160 202 160 6 0 97 -72 202 -160 106 -88 195 -160 198 -160 3 0 92 72 198 160 105 88 196 160 202 160 6 0 103 -77 215 -171 218 -182 219 -183 265 -134 24 25 24 26 4 44 -34 34 -478 401 -484 401 -3 0 -92 -72 -198 -160 -105 -88 -196 -160 -202 -160 -6 0 -97 72 -202 160 -106 88 -195 160 -198 160 -3 0 -92 -72 -198 -160 -105 -88 -196 -160 -202 -160 -6 0 -97 72 -202 160 -106 88 -195 160 -198 160 -3 0 -92 -72 -198 -160 -105 -88 -196 -160 -202 -160 -6 0 -97 72 -202 160 -106 88 -195 160 -198 160 -3 0 -109 -86 -235 -191z"/></g></svg>
  <svg x='441' y='533'><g transform="translate(0.114153490569,4.85165375092) scale(0.00989725883843,-0.00972970218059)"><path class="sym-line" fill="black" d="M265 289 c-298 -247 -274 -223 -245 -254 46 -49 47 -48 265 134 112 94 209 171 215 171 6 0 97 -72 202 -160 106 -88 195 -160 198 -160 3 0 92 72 198 160 105 88 196 160 202 160 6 0 97 -72 202 -160 106 -88 195 -160 198 -160 3 0 92 72 198 160 105 88 196 160 202 160 6 0 97 -72 202 -160 106 -88 195 -160 198 -160 3 0 92 72 198 160 105 88 196 160 202 160 6 0 103 -77 215 -171 218 -182 219 -183 265 -134 24 25 24 26 4 44 -34 34 -478 401 -484 401 -3 0 -92 -72 -198 -160 -105 -88 -196 -160 -202 -160 -6 0 -97 72 -202 160 -106 88 -195 160 -198 160 -3 0 -92 -72 -198 -160 -105 -88 -196 -160 -202 -160 -6 0 -97 72 -202 160 -106 88 -195 160 -198 160 -3 0 -92 -72 -198 -160 -105 -88 -196 -160 -202 -160 -6 0 -97 72 -202 160 -106 88 -195 160 -198 160 -3 0 -109 -86 -235 -191z"/></g></svg>
  <svg x='514' y='578'><g transform="translate(0.0309296434159,16.7998626814) scale(0.00994158974531,-0.00979968965886)"><path class="sym-fill" fill="white" d="M1780 1050 l0 -350 140 0 140 0 0 350 0 350 -140 0 -140 0 0 -350z M540 650 l0 -350 140 0 140 0 0 350 0 350 -140 0 -140 0 0 -350z"/><path class="sym-line" fill="black" d="M342 1353 l-330 -348 164 -3 164 -2 0 -350 0 -350 100 0 100 0 0 350 0 350 145 0 145 0 0 -350 0 -350 95 0 95 0 0 350 0 350 166 2 165 3 -328 347 c-180 190 -333 347 -339 347 -6 1 -160 -155 -342 -346z M1580 1050 l0 -350 -166 -2 -166 -3 328 -345 c181 -190 335 -345 342 -345 8 0 161 155 342 345 l327 345 -163 3 -164 2 0 350 0 350 -100 0 -100 0 0 -350 0 -350 -145 0 -145 0 0 350 0 350 -95 0 -95 0 0 -350z"/></g></svg>
  <svg x='455' y='578'><g transform="translate(0.0309296434159,16.7998626814) scale(0.00994158974531,-0.00979968965886)"><path class="sym-fill" fill="white" d="M464 1327 l-211 -222 213 -3 c118 -1 311 -1 429 0 l215 3 -211 223 c-116 122 -214 222 -218 222 -3 0 -101 -100 -217 -223z M1780 1050 l0 -350 140 0 140 0 0 350 0 350 -140 0 -140 0 0 -350z M540 650 l0 -350 140 0 140 0 0 350 0 350 -140 0 -140 0 0 -350z M1569 513 c44 -49 141 -151 216 -228 l135 -140 52 57 c29 31 127 133 217 227 l163 171 -432 0 -432 0 81 -87z"/><path class="sym-line" fill="black" d="M342 1353 l-330 -348 164 -3 164 -2 0 -350 0 -350 100 0 100 0 0 350 0 350 145 0 145 0 0 -350 0 -350 95 0 95 0 0 350 0 350 166 2 165 3 -328 347 c-180 190 -333 347 -339 347 -6 1 -160 -155 -342 -346z m653 -123 l120 -125 -217 -3 c-120 -1 -315 -1 -433 0 l-215 3 215 227 215 226 98 -101 c54 -56 152 -158 217 -227z M1580 1050 l0 -350 -166 -2 -166 -3 328 -345 c181 -190 335 -345 342 -345 8 0 161 155 342 345 l327 345 -163 3 -164 2 0 350 0 350 -100 0 -100 0 0 -350 0 -350 -145 0 -145 0 0 350 0 350 -95 0 -95 0 0 -350z m672 -557 c-56 -60 -154 -163 -219 -230 l-118 -122 -200 210 c-110 116 -206 219 -214 230 -13 19 -5 19 419 19 l432 0 -100 -107z"/></g></svg>
</svg>