<svg version='1.1' xmlns='http://www.w3.org/2000/svg' width='117' height='180' viewBox='442 464 117 180'>
  <text font-size='0'>M559x644S10b04508x552S10b0c476x581S2eb00513x584S37100479x520S2eb14481x545S2fd04492x624S2f804485x633S2f800482x464S33c00484x482S33b00442x481S34300523x483</text>
  <svg x='508' y='552'><g transform="translate(0.144378591967,25.7496394795) scale(0.00976874112676,-0.00984661614597)"><path class="sym-fill" fill="white" d="M400 1820 l0 -570 550 0 550 0 0 570 0 570 -550 0 -550 0 0 -570z"/><path class="sym-line" fill="black" d="M200 1605 l0 -995 -40 -20 c-60 -31 -116 -94 -140 -158 -29 -78 -25 -197 8 -262 59 -112 151 -170 272 -170 121 0 213 58 272 170 33 65 37 184 8 262 -24 64 -80 127 -140 158 l-40 20 0 215 0 215 650 0 650 0 0 780 0 780 -750 0 -750 0 0 -995z m1300 215 l0 -570 -550 0 -550 0 0 570 0 570 550 0 550 0 0 -570z"/></g></svg>
  <svg x='476' y='581'><g transform="translate(0.148375177465,25.7496394795) scale(0.00976874112676,-0.00984661614597)"><path class="sym-fill" fill="white" d="M200 1820 l0 -570 550 0 550 0 0 570 0 570 -550 0 -550 0 0 -570z"/><path class="sym-line" fill="black" d="M0 1820 l0 -780 650 0 650 0 0 -215 0 -215 -40 -20 c-60 -31 -116 -94 -140 -158 -29 -78 -25 -197 8 -262 59 -112 151 -170 272 -170 121 0 213 58 272 170 33 65 37 184 8 262 -24 64 -80 127 -140 158 l-40 20 0 995 0 995 -750 0 -750 0 0 -780z m1300 0 l0 -570 -550 0 -550 0 0 570 0 570 550 0 550 0 0 -570z"/></g></svg>
  <svg x='513' y='584'><g transform="translate(0.137412422452,31.7505649937) scale(0.00970813979922,-0.00988062051773)"><path class="sym-line" fill="black" d="M390 3176 c-161 -86 -287 -342 -361 -736 -21 -110 -22 -147 -26 -819 -5 -753 -1 -821 48 -1046 61 -277 180 -495 302 -554 38 -19 62 -21 203 -21 175 0 201 7 276 68 145 116 271 397 327 728 l18 104 -258 0 -258 0 -6 -47 c-43 -333 -88 -514 -151 -604 -57 -82 -117 -33 -172 141 -41 129 -71 308 -104 615 -18 165 -18 1025 0 1190 44 412 90 626 157 741 55 94 116 62 171 -90 32 -89 70 -276 91 -449 l17 -147 264 0 263 0 -6 38 c-73 440 -246 747 -490 868 -70 34 -86 38 -169 41 -80 3 -96 0 -136 -21z M670 1875 l-275 -275 555 0 555 0 -275 275 c-151 151 -277 275 -280 275 -3 0 -129 -124 -280 -275z M670 1275 l-275 -275 555 0 555 0 -275 275 c-151 151 -277 275 -280 275 -3 0 -129 -124 -280 -275z"/></g></svg>
  <svg x='479' y='520'><g transform="translate(0.149256125502,10.7579371025) scale(0.0099200062249,-0.00971470013478)"><path class="sym-line" fill="black" d="M4645 1081 c-92 -41 -145 -126 -145 -231 0 -109 60 -199 156 -236 l44 -17 0 -298 0 -299 50 0 50 0 0 299 0 298 44 17 c96 37 156 127 156 236 0 105 -53 190 -145 231 -54 25 -156 25 -210 0z M0 400 l0 -200 2100 0 2100 0 0 200 0 200 -2100 0 -2100 0 0 -200z"/></g></svg>
  <svg x='481' y='545'><g transform="translate(0.137412422452,31.7551292282) scale(0.00970813979922,-0.00987709116506)"><path class="sym-fill" fill="white" d="M798 1948 l152 -153 152 153 153 152 -305 0 -305 0 153 -152z M798 1348 l152 -153 152 153 153 152 -305 0 -305 0 153 -152z"/><path class="sym-line" fill="black" d="M353 3179 c-123 -61 -242 -278 -302 -554 -49 -225 -53 -293 -48 -1046 4 -672 5 -709 26 -819 75 -399 202 -654 365 -737 45 -23 59 -25 137 -21 76 4 97 9 164 42 244 121 417 428 490 869 l6 37 -263 0 -264 0 -17 -147 c-57 -475 -167 -701 -262 -539 -67 115 -113 329 -157 741 -18 165 -18 1025 0 1190 33 307 63 486 104 615 55 174 115 223 172 141 63 -90 108 -271 151 -603 l6 -48 258 0 258 0 -18 104 c-56 331 -182 612 -327 728 -75 61 -101 68 -277 68 -143 0 -165 -2 -202 -21z M673 1923 l277 -278 277 278 278 277 -555 0 -555 0 278 -277z m429 25 l-152 -153 -152 153 -153 152 305 0 305 0 -153 -152z M673 1323 l277 -278 277 278 278 277 -555 0 -555 0 278 -277z m429 25 l-152 -153 -152 153 -153 152 305 0 305 0 -153 -152z"/></g></svg>
  <svg x='492' y='624'><g transform="translate(0.179499103211,5.7484375) scale(0.00980544418547,-0.00933333333333)"><path class="sym-line" fill="black" d="M4 569 c22 -111 99 -242 206 -349 151 -151 320 -220 539 -220 137 0 216 17 324 67 l77 36 78 -36 c107 -50 186 -67 323 -67 219 0 388 69 539 220 107 107 184 238 206 349 l6 31 -60 0 -61 0 -42 -82 c-54 -104 -163 -218 -264 -274 -151 -84 -336 -107 -495 -63 -40 11 -77 22 -82 25 -4 3 11 27 34 55 76 88 147 221 165 311 l6 28 -61 0 -61 0 -43 -82 c-46 -88 -158 -218 -188 -218 -30 0 -142 130 -188 218 l-43 82 -61 0 -60 0 5 -28 c18 -90 89 -223 165 -311 23 -28 38 -52 34 -55 -5 -3 -42 -14 -82 -25 -159 -44 -344 -21 -495 63 -101 56 -210 170 -264 274 l-42 82 -61 0 -61 0 7 -31z"/></g></svg>
  <svg x='485' y='633'><g transform="translate(0.0,11.0) scale(0.01,-0.01)"><path class="sym-line" fill="black" d="M47 1052 c-26 -26 -47 -52 -47 -57 1 -16 398 -415 490 -492 315 -263 730 -441 1150 -493 109 -13 411 -13 520 0 420 52 835 230 1150 493 94 79 489 476 490 492 0 14 -92 105 -106 105 -6 0 -85 -75 -175 -167 -194 -199 -287 -285 -390 -364 -268 -204 -611 -346 -948 -393 -146 -21 -416 -21 -562 0 -337 47 -680 189 -948 393 -103 79 -196 165 -390 364 -90 92 -169 167 -176 167 -6 0 -32 -22 -58 -48z"/></g></svg>
  <svg x='482' y='464'><g transform="translate(0.149758714638,10.7522867807) scale(0.00989487676809,-0.00965101211298)"><path class="sym-line" fill="black" d="M1630 1089 c-414 -53 -829 -232 -1140 -492 -94 -79 -489 -476 -490 -492 0 -14 92 -105 106 -105 6 0 85 75 175 168 194 198 287 284 390 363 268 204 611 346 948 393 146 21 416 21 562 0 337 -47 680 -189 948 -393 103 -79 196 -165 390 -364 90 -92 169 -167 176 -167 13 0 105 92 105 105 -1 16 -398 415 -490 492 -315 263 -730 441 -1150 493 -98 12 -435 11 -530 -1z"/></g></svg>
  <svg x='484' y='482'><g transform="translate(0.149874875465,34.7500790925) scale(0.00988906872676,-0.00988956850125)"><path class="sym-line" fill="black" d="M1528 3484 c-592 -92 -1088 -447 -1348 -963 -125 -249 -180 -485 -180 -771 0 -480 183 -911 529 -1242 350 -336 780 -508 1271 -508 451 0 864 150 1193 434 326 281 517 620 591 1051 21 121 21 409 0 530 -43 252 -114 444 -237 639 -282 453 -741 750 -1284 831 -127 19 -413 18 -535 -1z m607 -173 c583 -126 1038 -523 1224 -1069 59 -173 75 -277 75 -492 0 -165 -3 -211 -22 -300 -71 -327 -228 -611 -458 -829 -186 -177 -381 -295 -614 -374 -176 -60 -282 -78 -490 -84 -247 -7 -416 19 -628 97 -549 201 -944 674 -1043 1250 -17 97 -17 383 0 480 99 576 495 1050 1043 1250 105 38 177 58 303 81 143 26 467 21 610 -10z M758 1417 c-60 -100 -119 -201 -133 -224 l-25 -42 43 -25 c24 -14 48 -26 53 -26 5 0 47 63 93 140 46 77 85 140 86 140 1 0 40 -63 86 -140 46 -77 88 -140 93 -140 5 0 29 11 53 25 35 21 41 29 34 43 -62 110 -258 426 -266 429 -6 1 -58 -79 -117 -180z M2713 1588 c-21 -27 -253 -425 -253 -434 0 -10 72 -54 88 -54 5 0 42 55 82 123 40 67 79 130 86 140 11 16 21 3 95 -120 45 -76 84 -140 86 -143 8 -9 98 46 95 59 -4 19 -256 441 -263 441 -4 0 -11 -6 -16 -12z M820 900 l0 -200 55 0 55 0 0 200 0 200 -55 0 -55 0 0 -200z M2670 900 l0 -200 55 0 55 0 0 200 0 200 -55 0 -55 0 0 -200z M1230 875 l0 -75 570 0 570 0 0 75 0 75 -570 0 -570 0 0 -75z"/></g></svg>
  <svg x='442' y='481'><g transform="translate(0.149874875465,34.7500790925) scale(0.00988906872676,-0.00988956850125)"><path class="sym-line" fill="black" d="M1528 3484 c-592 -92 -1088 -447 -1348 -963 -125 -249 -180 -485 -180 -771 0 -480 183 -911 529 -1242 350 -336 780 -508 1271 -508 451 0 864 150 1193 434 326 281 517 620 591 1051 21 121 21 409 0 530 -43 252 -114 444 -237 639 -282 453 -741 750 -1284 831 -127 19 -413 18 -535 -1z m607 -173 c583 -126 1038 -523 1224 -1069 59 -173 75 -277 75 -492 0 -165 -3 -211 -22 -300 -71 -327 -228 -611 -458 -829 -186 -177 -381 -295 -614 -374 -176 -60 -282 -78 -490 -84 -247 -7 -416 19 -628 97 -549 201 -944 674 -1043 1250 -17 97 -17 383 0 480 99 576 495 1050 1043 1250 105 38 177 58 303 81 143 26 467 21 610 -10z M1020 875 l0 -75 780 0 780 0 0 75 0 75 -780 0 -780 0 0 -75z"/></g></svg>
  <svg x='523' y='483'><g transform="translate(0.149874875465,34.7500790925) scale(0.00988906872676,-0.00988956850125)"><path class="sym-line" fill="black" d="M1528 3484 c-592 -92 -1088 -447 -1348 -963 -125 -249 -180 -485 -180 -771 0 -480 183 -911 529 -1242 350 -336 780 -508 1271 -508 451 0 864 150 1193 434 326 281 517 620 591 1051 21 121 21 409 0 530 -43 252 -114 444 -237 639 -282 453 -741 750 -1284 831 -127 19 -413 18 -535 -1z m607 -173 c583 -126 1038 -523 1224 -1069 59 -173 75 -277 75 -492 0 -165 -3 -211 -22 -300 -71 -327 -228 -611 -458 -829 -186 -177 -381 -295 -614 -374 -176 -60 -282 -78 -490 -84 -247 -7 -416 19 -628 97 -549 201 -944 674 -1043 1250 -17 97 -17 383 0 480 99 576 495 1050 1043 1250 105 38 177 58 303 81 143 26 467 21 610 -10z M1625 1185 c-244 -53 -483 -242 -653 -517 l-41 -68 869 0 870 0 -41 67 c-166 271 -388 450 -636 514 -90 23 -273 25 -368 4z m349 -165 c121 -31 226 -91 325 -187 l86 -82 -585 0 -585 0 86 82 c99 94 207 157 321 187 100 26 250 26 352 0z"/></g></svg>
</svg>