<svg version='1.1' xmlns='http://www.w3.org/2000/svg' width='118' height='177' viewBox='441 457 118 177'>
  <text font-size='0'>M559x634S2ff10482x515S35010495x530S20330464x615S20330516x616S2ff10482x489S2ff00483x457S35c16496x476S35c12496x500S14c08515x543S14c00458x542S2233a503x599S22332449x599S23108514x578S23118455x578S22240525x534S22240441x533S2f800480x545S2f700541x578S2f700483x579</text>
  <svg x='482' y='515'><g transform="translate(0.161768798498,28.7483836208) scale(0.00988693497871,-0.00986205038648)"><path class="sym-line" fill="black" d="M389 2842 c-170 -211 -296 -471 -353 -727 -57 -258 -48 -567 23 -825 118 -427 407 -801 801 -1037 281 -168 596 -253 940 -253 451 0 864 150 1193 434 326 281 517 620 591 1051 20 114 21 396 2 520 -46 300 -166 571 -360 817 -33 43 -65 78 -70 78 -12 0 -116 -89 -116 -99 0 -4 23 -37 52 -72 183 -228 299 -501 339 -797 16 -125 6 -357 -21 -487 -81 -386 -300 -727 -617 -961 -190 -141 -417 -243 -658 -294 -142 -31 -430 -39 -575 -16 -419 67 -771 262 -1028 570 -449 539 -494 1272 -115 1855 30 47 75 109 99 138 24 28 44 56 44 61 0 13 -101 102 -115 101 -5 0 -31 -26 -56 -57z"/></g></svg>
  <svg x='495' y='530'><g transform="translate(0.180786096011,4.75000053092) scale(0.00958087152387,-0.00920312606184)"><path class="sym-line" fill="black" d="M245 488 c-55 -20 -116 -69 -150 -121 -45 -68 -84 -193 -92 -289 l-6 -78 107 0 106 0 0 40 c0 57 36 145 71 175 37 30 91 33 131 7 15 -10 53 -49 85 -87 82 -98 136 -129 231 -134 87 -4 139 9 200 51 86 59 157 215 169 371 l6 77 -107 0 -106 0 0 -40 c0 -57 -36 -145 -71 -175 -37 -30 -91 -33 -131 -7 -15 10 -53 49 -85 87 -32 38 -81 83 -107 100 -44 27 -59 30 -135 32 -47 1 -99 -3 -116 -9z"/></g></svg>
  <svg x='464' y='615'><g transform="translate(0.0,15.0) scale(0.01,-0.01)"><path class="sym-fill" fill="white" d="M200 1200 l0 -100 -100 0 -100 0 0 -150 0 -150 100 0 100 0 0 -300 0 -300 550 0 550 0 0 300 0 300 100 0 100 0 0 150 0 150 -100 0 -100 0 0 100 0 100 -550 0 -550 0 0 -100z"/><path class="sym-line" fill="black" d="M0 1300 l0 -200 100 0 100 0 0 100 0 100 550 0 550 0 0 -100 0 -100 100 0 100 0 0 200 0 200 -750 0 -750 0 0 -200z M0 400 l0 -400 750 0 750 0 0 400 0 400 -100 0 -100 0 0 -300 0 -300 -550 0 -550 0 0 300 0 300 -100 0 -100 0 0 -400z"/></g></svg>
  <svg x='516' y='616'><g transform="translate(0.0,15.0) scale(0.01,-0.01)"><path class="sym-fill" fill="white" d="M200 1200 l0 -100 -100 0 -100 0 0 -150 0 -150 100 0 100 0 0 -300 0 -300 550 0 550 0 0 300 0 300 100 0 100 0 0 150 0 150 -100 0 -100 0 0 100 0 100 -550 0 -550 0 0 -100z"/><path class="sym-line" fill="black" d="M0 1300 l0 -200 100 0 100 0 0 100 0 100 550 0 550 0 0 -100 0 -100 100 0 100 0 0 200 0 200 -750 0 -750 0 0 -200z M0 400 l0 -400 750 0 750 0 0 400 0 400 -100 0 -100 0 0 -300 0 -300 -550 0 -550 0 0 300 0 300 -100 0 -100 0 0 -400z"/></g></svg>
  <svg x='482' y='489'><g transform="translate(0.161768798498,28.7483836208) scale(0.00988693497871,-0.00986205038648)"><path class="sym-line" fill="black" d="M389 2842 c-170 -211 -296 -471 -353 -727 -57 -258 -48 -567 23 -825 118 -427 407 -801 801 -1037 281 -168 596 -253 940 -253 451 0 864 150 1193 434 326 281 517 620 591 1051 20 114 21 396 2 520 -46 300 -166 571 -360 817 -33 43 -65 78 -70 78 -12 0 -116 -89 -116 -99 0 -4 23 -37 52 -72 183 -228 299 -501 339 -797 16 -125 6 -357 -21 -487 -81 -386 -300 -727 -617 -961 -190 -141 -417 -243 -658 -294 -142 -31 -430 -39 -575 -16 -419 67 -771 262 -1028 570 -449 539 -494 1272 -115 1855 30 47 75 109 99 138 24 28 44 56 44 61 0 13 -101 102 -115 101 -5 0 -31 -26 -56 -57z"/></g></svg>
  <svg x='483' y='457'><g transform="translate(0.149874875465,34.7500790925) scale(0.00988906872676,-0.00988956850125)"><path class="sym-line" fill="black" d="M1528 3484 c-592 -92 -1088 -447 -1348 -963 -125 -249 -180 -485 -180 -771 0 -480 183 -911 529 -1242 350 -336 780 -508 1271 -508 451 0 864 150 1193 434 326 281 517 620 591 1051 21 121 21 409 0 530 -43 252 -114 444 -237 639 -282 453 -741 750 -1284 831 -127 19 -413 18 -535 -1z m607 -173 c583 -126 1038 -523 1224 -1069 59 -173 75 -277 75 -492 0 -165 -3 -211 -22 -300 -71 -327 -228 -611 -458 -829 -186 -177 -381 -295 -614 -374 -176 -60 -282 -78 -490 -84 -247 -7 -416 19 -628 97 -549 201 -944 674 -1043 1250 -17 97 -17 383 0 480 99 576 495 1050 1043 1250 105 38 177 58 303 81 143 26 467 21 610 -10z"/></g></svg>
  <svg x='496' y='476'><g transform="translate(-0.333932286024,9.74310845703) scale(0.0105558884398,-0.00958637373875)"><path class="sym-line" fill="black" d="M352 975 c-188 -69 -306 -253 -306 -475 0 -173 67 -317 191 -411 202 -154 484 -105 630 109 118 174 118 430 0 604 -116 170 -331 242 -515 173z m281 -114 c34 -16 82 -48 106 -71 39 -38 87 -124 106 -187 l6 -23 -149 0 c-149 0 -149 0 -189 29 -22 16 -56 49 -75 72 -42 52 -111 159 -106 164 2 2 24 13 48 24 71 31 175 28 253 -8z m212 -463 c-51 -174 -187 -288 -344 -288 -48 0 -84 6 -117 21 -27 11 -50 22 -52 24 -5 5 64 113 106 164 19 23 53 56 75 72 40 29 40 29 189 29 l149 0 -6 -22z"/></g></svg>
  <svg x='496' y='500'><g transform="translate(-0.333932286024,9.74310845703) scale(0.0105558884398,-0.00958637373875)"><path class="sym-line" fill="black" d="M352 975 c-188 -69 -306 -253 -306 -475 0 -173 67 -317 191 -411 202 -154 484 -105 630 109 118 174 118 430 0 604 -116 170 -331 242 -515 173z m264 -106 c27 -11 50 -22 52 -24 5 -5 -64 -113 -106 -164 -19 -23 -53 -56 -75 -72 -40 -29 -40 -29 -189 -29 l-149 0 6 23 c19 63 67 149 106 187 96 94 244 127 355 79z m-129 -478 c22 -16 56 -49 75 -72 42 -51 111 -159 106 -164 -2 -2 -25 -13 -52 -24 -153 -66 -352 19 -426 183 -16 34 -31 71 -35 84 l-6 22 149 0 c149 0 149 0 189 -29z"/></g></svg>
  <svg x='515' y='543'><g transform="translate(0.169377282955,30.7516384396) scale(0.00990025187962,-0.00987200030311)"><path class="sym-fill" fill="white" d="M932 1761 l-142 -149 0 -706 0 -706 295 0 295 0 0 706 0 706 -141 147 c-78 80 -147 147 -153 149 -7 1 -76 -65 -154 -147z"/><path class="sym-line" fill="black" d="M980 2602 l0 -498 -75 -74 c-61 -61 -77 -72 -85 -60 -5 8 -101 174 -212 369 -111 194 -207 355 -213 357 -11 5 -174 -86 -175 -96 0 -3 103 -185 229 -405 l229 -400 -44 -45 -44 -46 0 -404 0 -405 -223 223 c-122 122 -227 222 -234 222 -6 0 -39 -31 -73 -70 l-62 -70 60 -67 c34 -38 167 -174 296 -303 l236 -235 0 -297 0 -298 495 0 495 0 0 598 0 597 131 130 c72 72 229 232 350 357 l220 227 -67 70 c-36 39 -72 71 -78 71 -6 0 -133 -125 -283 -277 l-272 -278 0 105 -1 104 -44 46 -44 45 229 400 c126 220 228 402 228 405 1 8 -159 100 -172 100 -7 -1 -104 -163 -217 -361 -113 -199 -208 -366 -212 -372 -5 -8 -34 14 -83 63 l-75 74 0 498 0 498 -105 0 -105 0 0 -498z m400 -1689 l0 -713 -295 0 -295 0 0 712 0 713 147 147 148 148 147 -147 148 -148 0 -712z"/></g></svg>
  <svg x='458' y='542'><g transform="translate(-0.0594657001311,30.7516384396) scale(0.00991707416583,-0.00987200030311)"><path class="sym-fill" fill="white" d="M1063 1761 l-143 -148 0 -706 0 -707 295 0 295 0 0 708 0 707 -141 148 c-78 81 -146 147 -152 146 -7 -1 -76 -67 -154 -148z"/><path class="sym-line" fill="black" d="M1110 2603 l-1 -498 -74 -78 -74 -77 -213 375 c-117 206 -217 374 -222 375 -12 0 -176 -93 -176 -100 1 -3 104 -185 230 -405 l229 -400 -45 -45 -44 -46 0 -104 -1 -105 -272 278 c-150 152 -277 277 -284 277 -6 0 -41 -32 -77 -72 l-65 -71 269 -276 c148 -152 305 -312 349 -356 l81 -80 0 -597 0 -598 495 0 495 0 0 297 0 298 295 295 c162 163 295 302 295 309 0 16 -119 141 -134 141 -6 0 -111 -100 -233 -222 l-223 -223 0 406 0 405 -44 43 -43 43 223 392 c123 216 226 399 229 407 6 16 -151 113 -170 105 -6 -2 -102 -163 -213 -357 -111 -195 -207 -361 -212 -369 -8 -12 -24 -1 -85 60 l-75 74 0 498 0 498 -105 0 -105 0 0 -497z m400 -1690 l0 -713 -295 0 -295 0 0 712 0 713 147 147 148 148 147 -147 148 -148 0 -712z"/></g></svg>
  <svg x='503' y='599'><g transform="translate(-0.047652573631,34.7685619292) scale(0.00995294247634,-0.00989936647398)"><path class="sym-line" fill="black" d="M1836 3224 l-270 -275 72 -72 72 -72 203 203 202 202 203 -202 202 -203 72 72 72 72 -269 273 c-147 150 -273 274 -279 275 -6 1 -132 -122 -280 -273z M1660 3259 c-238 -61 -465 -165 -650 -297 l-65 -47 88 -3 c86 -3 90 -2 147 33 91 55 256 131 350 161 77 24 92 33 153 92 62 62 78 83 60 81 -5 0 -42 -9 -83 -20z M2460 3272 c0 -4 28 -35 63 -69 54 -54 73 -66 152 -93 111 -39 236 -97 336 -156 73 -42 79 -44 157 -44 45 0 82 4 82 8 0 5 -49 41 -108 80 -167 111 -392 212 -567 255 -103 26 -115 28 -115 19z M660 2430 l0 -390 105 0 105 0 0 290 0 290 285 0 285 0 0 100 0 100 -390 0 -390 0 0 -390z M2770 2720 l0 -100 285 0 285 0 0 -290 0 -290 100 0 100 0 0 390 0 390 -385 0 -385 0 0 -100z M514 2444 c-209 -314 -323 -684 -324 -1054 l0 -134 50 49 c45 45 50 53 50 95 0 55 16 201 31 290 30 175 116 417 204 573 l56 99 -3 86 -3 87 -61 -91z M3630 2441 c0 -90 1 -96 35 -152 51 -84 108 -208 150 -329 33 -96 41 -110 98 -167 34 -35 64 -63 68 -63 10 0 -28 153 -66 267 -56 168 -185 419 -264 514 l-20 24 -1 -94z M3596 1851 l-69 -70 201 -207 202 -206 -200 -205 -200 -205 29 -36 c16 -20 47 -55 70 -76 l40 -39 269 274 c148 151 270 279 270 284 2 11 -525 555 -537 555 -3 0 -38 -31 -75 -69z M288 1236 c-148 -151 -268 -278 -268 -283 1 -4 122 -132 270 -283 l269 -275 71 70 c38 38 69 73 68 76 -2 4 -92 99 -200 212 l-197 204 70 69 c39 38 129 131 201 207 l131 138 -69 70 c-37 38 -71 69 -74 69 -3 0 -125 -123 -272 -274z M3932 957 l-52 -53 -21 -114 c-17 -99 -47 -233 -65 -292 -5 -16 2 -18 50 -18 l55 0 12 43 c20 74 57 259 68 342 6 44 14 95 17 113 3 17 1 32 -3 32 -5 0 -32 -24 -61 -53z M3370 525 l-33 -34 238 -246 c131 -135 244 -245 251 -243 16 4 474 473 474 485 0 5 -16 24 -35 43 l-36 34 -202 -208 -202 -208 -204 206 c-112 113 -207 206 -211 206 -3 0 -21 -16 -40 -35z"/></g></svg>
  <svg x='449' y='599'><g transform="translate(0.149048445613,34.7009034057) scale(0.00993039021934,-0.00987213311592)"><path class="sym-line" fill="black" d="M1910 3225 l-275 -275 73 -72 72 -73 203 203 202 202 200 -200 c110 -110 205 -200 211 -200 6 0 39 32 73 70 l63 70 -268 275 c-148 151 -271 275 -274 275 -3 0 -129 -124 -280 -275z M1732 3254 c-134 -35 -271 -88 -391 -150 -107 -55 -291 -173 -291 -186 0 -5 38 -8 84 -8 84 0 84 0 176 55 95 56 269 133 350 156 33 9 63 30 113 78 62 61 78 82 60 81 -5 -1 -50 -12 -101 -26z M2550 3273 c0 -5 29 -37 64 -72 56 -56 73 -66 152 -92 95 -32 287 -121 366 -169 44 -27 57 -30 134 -30 59 0 83 3 78 11 -13 22 -215 148 -316 197 -113 55 -276 115 -378 138 -36 8 -73 17 -82 20 -10 3 -18 2 -18 -3z M760 2430 l0 -390 100 0 100 0 0 290 0 290 285 0 285 0 0 100 0 100 -385 0 -385 0 0 -390z M2860 2720 l0 -100 290 0 290 0 0 -290 0 -290 100 0 100 0 0 390 0 390 -390 0 -390 0 0 -100z M619 2464 c-107 -160 -186 -323 -242 -500 -38 -121 -62 -223 -54 -231 3 -3 34 25 69 62 55 59 66 79 91 153 30 94 104 257 155 343 32 54 33 60 30 150 l-3 93 -46 -70z M3720 2445 c0 -76 3 -89 31 -136 90 -153 163 -333 204 -501 29 -121 55 -303 55 -391 0 -62 1 -64 48 -110 26 -26 51 -47 56 -47 9 0 0 226 -15 345 -31 255 -119 515 -249 740 -45 78 -118 185 -126 185 -2 0 -4 -38 -4 -85z M356 1645 c-147 -151 -266 -279 -264 -285 1 -5 124 -131 273 -280 l269 -270 68 67 c37 37 68 72 68 78 0 6 -90 100 -200 210 l-200 200 108 110 c59 60 150 154 202 207 l95 98 -70 70 c-38 38 -72 70 -76 70 -3 0 -126 -124 -273 -275z M3665 1439 l-67 -72 123 -126 c68 -69 159 -162 202 -206 l77 -81 -201 -208 -202 -208 72 -71 73 -72 274 280 274 280 -123 125 c-318 325 -422 430 -428 430 -4 0 -37 -32 -74 -71z M317 908 c15 -119 25 -172 60 -320 l25 -108 54 0 c30 0 54 3 54 6 0 3 -9 42 -21 87 -12 45 -31 138 -44 206 l-23 123 -53 54 c-29 30 -56 54 -59 54 -4 0 -1 -46 7 -102z M32 527 c-18 -18 -32 -37 -32 -43 0 -5 108 -117 240 -249 l240 -240 131 130 c72 72 180 183 241 248 l111 118 -36 37 -37 37 -208 -208 -207 -207 -198 205 c-109 113 -202 205 -206 205 -4 0 -21 -15 -39 -33z"/></g></svg>
  <svg x='514' y='578'><g transform="translate(0.0309296434159,16.7998626814) scale(0.00994158974531,-0.00979968965886)"><path class="sym-fill" fill="white" d="M1780 1050 l0 -350 140 0 140 0 0 350 0 350 -140 0 -140 0 0 -350z M540 650 l0 -350 140 0 140 0 0 350 0 350 -140 0 -140 0 0 -350z"/><path class="sym-line" fill="black" d="M342 1353 l-330 -348 164 -3 164 -2 0 -350 0 -350 100 0 100 0 0 350 0 350 145 0 145 0 0 -350 0 -350 95 0 95 0 0 350 0 350 166 2 165 3 -328 347 c-180 190 -333 347 -339 347 -6 1 -160 -155 -342 -346z M1580 1050 l0 -350 -166 -2 -166 -3 328 -345 c181 -190 335 -345 342 -345 8 0 161 155 342 345 l327 345 -163 3 -164 2 0 350 0 350 -100 0 -100 0 0 -350 0 -350 -145 0 -145 0 0 350 0 350 -95 0 -95 0 0 -350z"/></g></svg>
  <svg x='455' y='578'><g transform="translate(0.0309296434159,16.7998626814) scale(0.00994158974531,-0.00979968965886)"><path class="sym-fill" fill="white" d="M464 1327 l-211 -222 213 -3 c118 -1 311 -1 429 0 l215 3 -211 223 c-116 122 -214 222 -218 222 -3 0 -101 -100 -217 -223z M1780 1050 l0 -350 140 0 140 0 0 350 0 350 -140 0 -140 0 0 -350z M540 650 l0 -350 140 0 140 0 0 350 0 350 -140 0 -140 0 0 -350z M1569 513 c44 -49 141 -151 216 -228 l135 -140 52 57 c29 31 127 133 217 227 l163 171 -432 0 -432 0 81 -87z"/><path class="sym-line" fill="black" d="M342 1353 l-330 -348 164 -3 164 -2 0 -350 0 -350 100 0 100 0 0 350 0 350 145 0 145 0 0 -350 0 -350 95 0 95 0 0 350 0 350 166 2 165 3 -328 347 c-180 190 -333 347 -339 347 -6 1 -160 -155 -342 -346z m653 -123 l120 -125 -217 -3 c-120 -1 -315 -1 -433 0 l-215 3 215 227 215 226 98 -101 c54 -56 152 -158 217 -227z M1580 1050 l0 -350 -166 -2 -166 -3 328 -345 c181 -190 335 -345 342 -345 8 0 161 155 342 345 l327 345 -163 3 -164 2 0 350 0 350 -100 0 -100 0 0 -350 0 -350 -145 0 -145 0 0 350 0 350 -95 0 -95 0 0 -350z m672 -557 c-56 -60 -154 -163 -219 -230 l-118 -122 -200 210 c-110 116 -206 219 -214 230 -13 19 -5 19 419 19 l432 0 -100 -107z"/></g></svg>
  <svg x='525' y='534'><g transform="translate(0.114153490569,4.85165375092) scale(0.00989725883843,-0.00972970218059)"><path class="sym-line" fill="black" d="M265 289 c-298 -247 -274 -223 -245 -254 46 -49 47 -48 265 134 112 94 209 171 215 171 6 0 97 -72 202 -160 106 -88 195 -160 198 -160 3 0 92 72 198 160 105 88 196 160 202 160 6 0 97 -72 202 -160 106 -88 195 -160 198 -160 3 0 92 72 198 160 105 88 196 160 202 160 6 0 97 -72 202 -160 106 -88 195 -160 198 -160 3 0 92 72 198 160 105 88 196 160 202 160 6 0 103 -77 215 -171 218 -182 219 -183 265 -134 24 25 24 26 4 44 -34 34 -478 401 -484 401 -3 0 -92 -72 -198 -160 -105 -88 -196 -160 -202 -160 -6 0 -97 72 -202 160 -106 88 -195 160 -198 160 -3 0 -92 -72 -198 -160 -105 -88 -196 -160 -202 -160 -6 0 -97 72 -202 160 -106 88 -195 160 -198 160 -3 0 -92 -72 -198 -160 -105 -88 -196 -160 -202 -160 -6 0 -97 72 -202 160 -106 88 -195 160 -198 160 -3 0 -109 -86 -235 -191z"/></g></svg>
  <svg x='441' y='533'><g transform="translate(0.114153490569,4.85165375092) scale(0.00989725883843,-0.00972970218059)"><path class="sym-line" fill="black" d="M265 289 c-298 -247 -274 -223 -245 -254 46 -49 47 -48 265 134 112 94 209 171 215 171 6 0 97 -72 202 -160 106 -88 195 -160 198 -160 3 0 92 72 198 160 105 88 196 160 202 160 6 0 97 -72 202 -160 106 -88 195 -160 198 -160 3 0 92 72 198 160 105 88 196 160 202 160 6 0 97 -72 202 -160 106 -88 195 -160 198 -160 3 0 92 72 198 160 105 88 196 160 202 160 6 0 103 -77 215 -171 218 -182 219 -183 265 -134 24 25 24 26 4 44 -34 34 -478 401 -484 401 -3 0 -92 -72 -198 -160 -105 -88 -196 -160 -202 -160 -6 0 -97 72 -202 160 -106 88 -195 160 -198 160 -3 0 -92 -72 -198 -160 -105 -88 -196 -160 -202 -160 -6 0 -97 72 -202 160 -106 88 -195 160 -198 160 -3 0 -92 -72 -198 -160 -105 -88 -196 -160 -202 -160 -6 0 -97 72 -202 160 -106 88 -195 160 -198 160 -3 0 -109 -86 -235 -191z"/></g></svg>
  <svg x='480' y='545'><g transform="translate(0.149758714638,10.7522867807) scale(0.00989487676809,-0.00965101211298)"><path class="sym-line" fill="black" d="M1630 1089 c-414 -53 -829 -232 -1140 -492 -94 -79 -489 -476 -490 -492 0 -14 92 -105 106 -105 6 0 85 75 175 168 194 198 287 284 390 363 268 204 611 346 948 393 146 21 416 21 562 0 337 -47 680 -189 948 -393 103 -79 196 -165 390 -364 90 -92 169 -167 176 -167 13 0 105 92 105 105 -1 16 -398 415 -490 492 -315 263 -730 441 -1150 493 -98 12 -435 11 -530 -1z"/></g></svg>
  <svg x='541' y='578'><g transform="translate(0.0,7.0) scale(0.01,-0.01)"><path class="sym-line" fill="black" d="M463 432 l-463 -267 0 -82 0 -83 600 0 600 0 0 100 0 100 -355 2 -355 3 355 205 355 204 0 43 0 43 -137 0 -138 -1 -462 -267z"/></g></svg>
  <svg x='483' y='579'><g transform="translate(0.0,7.0) scale(0.01,-0.01)"><path class="sym-line" fill="black" d="M463 432 l-463 -267 0 -82 0 -83 600 0 600 0 0 100 0 100 -355 2 -355 3 355 205 355 204 0 43 0 43 -137 0 -138 -1 -462 -267z"/></g></svg>
</svg>