<svg version='1.1' xmlns='http://www.w3.org/2000/svg' width='121' height='117' viewBox='438 402 121 117'>
  <text font-size='0'>M559x519S2ff00482x482S10000544x489S10008438x487S2ef11457x478S2ef01525x476S22b00443x443S22b10536x441S10020541x402S10028439x403</text>
  <svg x='482' y='482'><g transform="translate(0.149874875465,34.7500790925) scale(0.00988906872676,-0.00988956850125)"><path class="sym-line" fill="black" d="M1528 3484 c-592 -92 -1088 -447 -1348 -963 -125 -249 -180 -485 -180 -771 0 -480 183 -911 529 -1242 350 -336 780 -508 1271 -508 451 0 864 150 1193 434 326 281 517 620 591 1051 21 121 21 409 0 530 -43 252 -114 444 -237 639 -282 453 -741 750 -1284 831 -127 19 -413 18 -535 -1z m607 -173 c583 -126 1038 -523 1224 -1069 59 -173 75 -277 75 -492 0 -165 -3 -211 -22 -300 -71 -327 -228 -611 -458 -829 -186 -177 -381 -295 -614 -374 -176 -60 -282 -78 -490 -84 -247 -7 -416 19 -628 97 -549 201 -944 674 -1043 1250 -17 97 -17 383 0 480 99 576 495 1050 1043 1250 105 38 177 58 303 81 143 26 467 21 610 -10z"/></g></svg>
  <svg x='544' y='489'><g transform="translate(0.0,30.0) scale(0.01,-0.01)"><path class="sym-fill" fill="white" d="M200 750 l0 -550 550 0 550 0 0 550 0 550 -550 0 -550 0 0 -550z"/><path class="sym-line" fill="black" d="M1300 2250 l0 -750 -650 0 -650 0 0 -750 0 -750 750 0 750 0 0 1500 0 1500 -100 0 -100 0 0 -750z m0 -1500 l0 -550 -550 0 -550 0 0 550 0 550 550 0 550 0 0 -550z"/></g></svg>
  <svg x='438' y='487'><g transform="translate(0.0,30.0) scale(0.01,-0.01)"><path class="sym-fill" fill="white" d="M200 750 l0 -550 550 0 550 0 0 550 0 550 -550 0 -550 0 0 -550z"/><path class="sym-line" fill="black" d="M0 1500 l0 -1500 750 0 750 0 0 750 0 750 -650 0 -650 0 0 750 0 750 -100 0 -100 0 0 -1500z m1300 -750 l0 -550 -550 0 -550 0 0 550 0 550 550 0 550 0 0 -550z"/></g></svg>
  <svg x='457' y='478'><g transform="translate(0.152030030356,19.8011400963) scale(0.00978131098218,-0.00983432558958)"><path class="sym-fill" fill="white" d="M100 1325 l0 -225 227 0 228 0 -225 225 c-124 124 -226 225 -227 225 -2 0 -3 -101 -3 -225z M1200 700 l0 -552 38 7 c121 22 230 153 284 342 32 111 32 295 0 406 -54 189 -163 320 -284 342 l-38 7 0 -552z"/><path class="sym-line" fill="black" d="M910 1976 c-107 -33 -126 -42 -202 -93 -60 -39 -204 -187 -361 -368 l-26 -30 -160 160 -161 160 0 -403 0 -402 371 0 c326 0 370 -2 365 -15 -43 -114 -47 -406 -6 -545 52 -179 171 -340 298 -402 62 -31 73 -33 172 -33 99 0 110 2 172 33 128 63 247 224 300 408 20 69 23 101 23 254 0 153 -3 185 -23 254 -53 184 -172 345 -300 408 -62 31 -73 33 -172 33 -99 0 -110 -2 -172 -33 -84 -41 -179 -140 -232 -241 l-38 -73 -144 143 c-79 79 -143 147 -142 151 10 24 306 331 351 362 169 117 385 117 555 0 30 -21 104 -94 165 -161 60 -68 113 -123 116 -123 13 0 143 138 140 148 -2 6 -57 69 -121 140 -135 150 -216 210 -347 256 -76 27 -101 31 -216 33 -113 3 -140 0 -205 -21z m-470 -750 l125 -126 -233 0 -232 0 0 226 0 226 108 -100 c59 -55 163 -157 232 -226z m855 0 c68 -31 140 -113 186 -212 93 -197 93 -431 0 -628 -21 -45 -60 -105 -87 -135 -49 -54 -128 -101 -171 -101 l-23 0 0 550 0 550 23 0 c12 0 45 -11 72 -24z"/></g></svg>
  <svg x='525' y='476'><g transform="translate(0.14001414245,19.800769877) scale(0.0097834812309,-0.00983810627756)"><path class="sym-fill" fill="white" d="M527 1234 c-103 -32 -212 -183 -253 -349 -24 -96 -24 -287 -1 -375 42 -156 135 -291 232 -336 27 -13 60 -24 73 -24 l22 0 0 550 c0 434 -3 550 -12 549 -7 0 -35 -7 -61 -15z"/><path class="sym-line" fill="black" d="M516 1979 c-161 -47 -248 -107 -401 -278 -61 -67 -112 -127 -114 -133 -3 -10 127 -148 140 -148 3 0 56 55 116 123 61 67 135 140 165 161 170 117 386 117 555 0 45 -31 341 -338 351 -362 1 -4 -63 -72 -142 -151 l-144 -143 -38 73 c-53 101 -148 200 -232 241 -62 31 -73 33 -172 33 -99 0 -110 -2 -172 -33 -128 -63 -247 -224 -300 -408 -20 -69 -23 -101 -23 -254 0 -153 3 -185 23 -254 53 -184 172 -345 300 -408 62 -31 73 -33 172 -33 99 0 110 2 172 33 127 62 246 223 298 402 41 139 37 431 -6 545 -5 13 39 15 365 15 l371 0 0 402 0 403 -161 -160 -160 -160 -26 30 c-14 17 -86 96 -159 176 -152 168 -229 225 -363 273 -76 27 -101 31 -216 33 -106 2 -143 -1 -199 -18z m84 -1279 l0 -550 -27 0 c-64 0 -159 72 -219 166 -69 108 -104 238 -104 388 0 241 123 477 277 532 80 28 73 80 73 -536z"/></g></svg>
  <svg x='443' y='443'><g transform="translate(0.198426155669,29.7519795905) scale(0.00968892587986,-0.00986784736349)"><path class="sym-fill" fill="white" d="M600 1100 l0 -1100 200 0 200 0 0 1100 0 1100 -200 0 -200 0 0 -1100z"/><path class="sym-line" fill="black" d="M395 2600 l-400 -400 203 0 202 0 0 -1100 0 -1100 100 0 100 0 0 1100 0 1100 200 0 200 0 0 -1100 0 -1100 100 0 100 0 0 1100 0 1100 202 0 203 0 -400 400 c-220 220 -402 400 -405 400 -3 0 -185 -180 -405 -400z"/></g></svg>
  <svg x='536' y='441'><g transform="translate(0.198426155669,29.7519795905) scale(0.00968892587986,-0.00986784736349)"><path class="sym-fill" fill="white" d="M520 2575 l-275 -275 555 0 555 0 -275 275 c-151 151 -277 275 -280 275 -3 0 -129 -124 -280 -275z M600 1100 l0 -1100 200 0 200 0 0 1100 0 1100 -200 0 -200 0 0 -1100z"/><path class="sym-line" fill="black" d="M395 2600 l-400 -400 203 0 202 0 0 -1100 0 -1100 100 0 100 0 0 1100 0 1100 200 0 200 0 0 -1100 0 -1100 100 0 100 0 0 1100 0 1100 202 0 203 0 -400 400 c-220 220 -402 400 -405 400 -3 0 -185 -180 -405 -400z m685 -25 l275 -275 -555 0 -555 0 275 275 c151 151 277 275 280 275 3 0 129 -124 280 -275z"/></g></svg>
  <svg x='541' y='402'><g transform="translate(0.0,30.0) scale(0.01,-0.01)"><path class="sym-line" fill="black" d="M0 1500 l0 -1500 750 0 750 0 0 750 0 750 -650 0 -650 0 0 750 0 750 -100 0 -100 0 0 -1500z"/></g></svg>
  <svg x='439' y='403'><g transform="translate(0.0,30.0) scale(0.01,-0.01)"><path class="sym-line" fill="black" d="M1300 2250 l0 -750 -650 0 -650 0 0 -750 0 -750 750 0 750 0 0 1500 0 1500 -100 0 -100 0 0 -750z"/></g></svg>
</svg>