<svg version='1.1' xmlns='http://www.w3.org/2000/svg' width='119' height='143' viewBox='441 429 119 143'>
  <text font-size='0'>M560x572S14210511x505S14218464x514S36d00479x493S11502441x443S1f720477x444S19220503x440S11a20527x429S2a531535x537S2a537443x547S2fd04494x548</text>
  <svg x='511' y='505'><g transform="translate(0.0,30.0) scale(0.01,-0.01)"><path class="sym-fill" fill="white" d="M1600 750 l0 -550 300 0 300 0 0 550 0 550 -300 0 -300 0 0 -550z"/><path class="sym-line" fill="black" d="M1400 2250 l0 -750 -700 0 -700 0 0 -100 0 -100 248 0 247 0 453 -453 452 -452 0 -198 0 -197 750 0 750 0 0 750 0 750 -650 0 -650 0 0 750 0 750 -100 0 -100 0 0 -750z m0 -1250 c0 -165 -1 -300 -3 -300 -1 0 -137 135 -302 300 l-300 300 303 0 302 0 0 -300z m800 -250 l0 -550 -300 0 -300 0 0 550 0 550 300 0 300 0 0 -550z"/></g></svg>
  <svg x='464' y='514'><g transform="translate(0.0,30.0) scale(0.01,-0.01)"><path class="sym-fill" fill="white" d="M700 750 l0 -550 300 0 300 0 0 550 0 550 -300 0 -300 0 0 -550z"/><path class="sym-line" fill="black" d="M1300 2250 l0 -750 -650 0 -650 0 0 -750 0 -750 750 0 750 0 0 198 0 197 453 453 452 452 248 0 247 0 0 100 0 100 -700 0 -700 0 0 750 0 750 -100 0 -100 0 0 -750z m0 -1500 l0 -550 -300 0 -300 0 0 550 0 550 300 0 300 0 0 -550z m800 547 c0 -1 -135 -137 -300 -302 l-300 -300 0 303 0 302 300 0 c165 0 300 -1 300 -3z"/></g></svg>
  <svg x='479' y='493'><g transform="translate(0.0,4.0) scale(0.01,-0.01)"><path class="sym-line" fill="black" d="M0 200 l0 -200 2100 0 2100 0 0 200 0 200 -2100 0 -2100 0 0 -200z"/></g></svg>
  <svg x='441' y='443'><g transform="translate(0.0,15.0) scale(0.01,-0.01)"><path class="sym-fill" fill="white" d="M1700 750 l0 -550 550 0 550 0 0 550 0 550 -550 0 -550 0 0 -550z"/><path class="sym-line" fill="black" d="M300 1400 l0 -100 600 0 600 0 0 -150 0 -150 -750 0 -750 0 0 -100 0 -100 750 0 750 0 0 -400 0 -400 750 0 750 0 0 750 0 750 -1350 0 -1350 0 0 -100z m2500 -650 l0 -550 -550 0 -550 0 0 550 0 550 550 0 550 0 0 -550z"/></g></svg>
  <svg x='477' y='444'><g transform="translate(0.131576825216,14.7505211307) scale(0.00980873003133,-0.00973472242044)"><path class="sym-line" fill="black" d="M498 959 l-3 -542 -159 277 c-87 152 -161 276 -164 276 -2 0 -42 -21 -88 -47 -55 -31 -83 -53 -82 -63 2 -9 113 -206 247 -438 l244 -422 753 0 754 0 0 750 0 750 -750 0 -750 0 -2 -541z"/></g></svg>
  <svg x='503' y='440'><g transform="translate(0.151301014747,18.749322358) scale(0.00981776176264,-0.00979417818707)"><path class="sym-line" fill="black" d="M1560 1665 l-245 -235 -657 0 -658 0 0 -715 0 -715 750 0 750 0 0 528 0 527 300 284 c166 157 299 290 298 296 -4 16 -270 265 -283 264 -5 0 -120 -105 -255 -234z"/></g></svg>
  <svg x='527' y='429'><g transform="translate(0.0,30.0) scale(0.01,-0.01)"><path class="sym-line" fill="black" d="M600 2552 l0 -447 -300 -300 -300 -300 0 -752 0 -753 750 0 750 0 0 750 0 750 -350 0 -350 0 0 253 0 252 255 255 c140 140 255 257 255 260 0 3 -34 36 -76 74 l-76 69 -179 -179 -179 -179 0 348 0 347 -100 0 -100 0 0 -448z m0 -902 l0 -150 -152 0 -153 0 150 150 c82 83 151 150 152 150 2 0 3 -67 3 -150z"/></g></svg>
  <svg x='535' y='537'><g transform="translate(0.148465864584,24.7478978542) scale(0.00995951927078,-0.00991545783704)"><path class="sym-line" fill="black" d="M32 2447 c-18 -18 -32 -37 -32 -42 0 -6 122 -132 271 -281 l271 -272 -42 -57 c-55 -75 -113 -192 -141 -285 -21 -69 -23 -100 -27 -377 l-4 -303 50 0 50 0 5 273 c4 235 8 283 26 352 25 94 76 202 127 269 l37 48 167 -167 167 -167 -48 -64 c-56 -75 -110 -183 -140 -286 -20 -66 -23 -101 -26 -370 l-5 -298 55 0 55 0 4 293 c4 272 6 297 27 362 29 87 62 153 114 228 l41 58 167 -167 168 -168 -34 -45 c-77 -102 -132 -219 -162 -349 -15 -64 -18 -122 -18 -352 l0 -275 52 -3 51 -3 5 288 c3 261 6 295 26 363 25 83 87 206 131 260 l29 35 408 -408 c225 -224 413 -407 419 -407 5 0 25 16 44 35 l34 36 -413 413 -414 414 49 36 c71 52 177 103 269 127 70 19 115 23 353 27 l272 4 0 48 0 47 -207 7 c-376 12 -520 -19 -727 -156 l-89 -60 -166 167 -166 166 25 20 c53 42 159 100 226 123 110 39 180 46 447 46 l247 0 0 56 0 56 -287 -4 c-257 -4 -297 -7 -368 -27 -107 -29 -226 -85 -304 -144 l-64 -49 -166 167 -166 166 40 35 c58 50 187 110 285 134 74 17 119 20 353 20 l267 0 0 56 0 56 -302 -5 c-247 -3 -314 -7 -363 -21 -87 -25 -230 -96 -301 -148 l-61 -46 -274 274 c-151 151 -276 274 -279 274 -4 0 -20 -15 -38 -33z"/></g></svg>
  <svg x='443' y='547'><g transform="translate(0.161514346675,25.0489616166) scale(0.0098989533674,-0.00996020964662)"><path class="sym-line" fill="black" d="M2124 2229 l-272 -271 -57 42 c-75 55 -192 113 -285 141 -69 21 -100 23 -378 27 l-302 4 0 -50 0 -50 273 -5 c235 -4 283 -8 352 -26 94 -25 202 -76 269 -127 l48 -37 -167 -167 -167 -167 -64 48 c-75 56 -183 110 -286 140 -66 20 -101 23 -370 26 l-298 5 0 -55 0 -55 293 -4 c272 -4 297 -6 362 -27 87 -29 153 -62 228 -114 l58 -41 -167 -167 -168 -168 -45 34 c-102 77 -219 132 -349 162 -64 15 -122 18 -352 18 l-275 0 -3 -52 -3 -51 288 -5 c261 -3 295 -6 363 -26 83 -25 206 -87 260 -131 l35 -29 -408 -408 c-224 -225 -407 -413 -407 -419 0 -5 16 -25 35 -44 l36 -34 413 413 414 414 36 -49 c52 -71 103 -179 127 -270 19 -69 22 -114 26 -351 l5 -273 49 0 49 0 3 153 c4 288 -2 399 -27 500 -27 107 -76 212 -143 305 l-46 64 167 167 167 166 20 -25 c46 -58 100 -161 131 -250 l32 -95 4 -288 4 -287 55 0 55 0 -4 287 c-4 255 -7 297 -26 368 -27 99 -98 246 -153 315 l-41 52 166 167 167 166 35 -40 c50 -58 110 -187 134 -285 17 -74 20 -119 20 -352 l0 -268 55 0 55 0 0 263 c0 144 -5 291 -10 326 -21 125 -91 286 -169 386 l-39 50 276 277 276 278 -34 35 c-19 19 -39 35 -44 35 -6 0 -133 -122 -282 -271z"/></g></svg>
  <svg x='494' y='548'><g transform="translate(0.179499103211,5.7484375) scale(0.00980544418547,-0.00933333333333)"><path class="sym-line" fill="black" d="M4 569 c22 -111 99 -242 206 -349 151 -151 320 -220 539 -220 137 0 216 17 324 67 l77 36 78 -36 c107 -50 186 -67 323 -67 219 0 388 69 539 220 107 107 184 238 206 349 l6 31 -60 0 -61 0 -42 -82 c-54 -104 -163 -218 -264 -274 -151 -84 -336 -107 -495 -63 -40 11 -77 22 -82 25 -4 3 11 27 34 55 76 88 147 221 165 311 l6 28 -61 0 -61 0 -43 -82 c-46 -88 -158 -218 -188 -218 -30 0 -142 130 -188 218 l-43 82 -61 0 -60 0 5 -28 c18 -90 89 -223 165 -311 23 -28 38 -52 34 -55 -5 -3 -42 -14 -82 -25 -159 -44 -344 -21 -495 63 -101 56 -210 170 -264 274 l-42 82 -61 0 -61 0 7 -31z"/></g></svg>
</svg>