<svg version='1.1' xmlns='http://www.w3.org/2000/svg' width='121' height='108' viewBox='439 446 121 108'>
  <text font-size='0'>M560x554S1f502522x455S1f502466x455S21100449x465S21100542x465S22a10449x446S22a00542x446S10059464x514S10051504x514S24004534x499S24000439x520</text>
  <svg x='522' y='455'><g transform="translate(0.0,24.0) scale(0.01,-0.01)"><path class="sym-fill" fill="white" d="M200 750 l0 -550 550 0 550 0 0 550 0 550 -550 0 -550 0 0 -550z"/><path class="sym-line" fill="black" d="M700 1950 l0 -450 -350 0 -350 0 0 -750 0 -750 750 0 750 0 0 750 0 750 -300 0 -300 0 0 450 0 450 -100 0 -100 0 0 -450z m600 -1200 l0 -550 -550 0 -550 0 0 550 0 550 550 0 550 0 0 -550z"/></g></svg>
  <svg x='466' y='455'><g transform="translate(0.0,24.0) scale(0.01,-0.01)"><path class="sym-fill" fill="white" d="M200 750 l0 -550 550 0 550 0 0 550 0 550 -550 0 -550 0 0 -550z"/><path class="sym-line" fill="black" d="M700 1950 l0 -450 -350 0 -350 0 0 -750 0 -750 750 0 750 0 0 750 0 750 -300 0 -300 0 0 450 0 450 -100 0 -100 0 0 -450z m600 -1200 l0 -550 -550 0 -550 0 0 550 0 550 550 0 550 0 0 -550z"/></g></svg>
  <svg x='449' y='465'><g transform="translate(0.100900989662,13.8028761369) scale(0.00973019545717,-0.00980171001958)"><path class="sym-fill" fill="white" d="M583 1185 c-269 -75 -434 -344 -368 -598 49 -187 188 -325 378 -374 159 -40 396 23 545 145 l33 27 -68 74 -68 74 -32 -27 c-89 -75 -261 -121 -366 -97 -230 51 -313 335 -147 501 60 60 117 83 223 88 l87 4 0 -100 0 -100 -70 -4 c-60 -3 -74 -8 -97 -31 -38 -38 -38 -96 0 -135 24 -23 35 -27 85 -26 105 1 209 71 255 173 30 64 30 178 0 242 -27 60 -93 125 -152 152 -59 26 -168 32 -238 12z"/><path class="sym-line" fill="black" d="M535 1386 c-139 -36 -249 -101 -348 -205 -73 -78 -116 -148 -155 -253 -25 -68 -27 -84 -27 -228 0 -144 2 -160 27 -228 42 -114 85 -180 172 -268 88 -87 154 -130 268 -172 68 -25 84 -27 233 -27 185 0 237 11 380 79 97 46 215 128 215 148 -1 7 -29 44 -64 82 l-63 68 -54 -41 c-197 -149 -458 -183 -653 -84 -65 33 -176 144 -209 209 -75 147 -75 321 0 468 33 65 144 176 209 209 168 85 351 71 450 -35 60 -63 79 -113 79 -208 0 -73 -4 -92 -27 -135 -50 -95 -138 -154 -243 -163 -58 -4 -63 -3 -93 28 -44 44 -45 96 -1 139 28 29 36 31 100 31 l69 0 0 101 0 102 -86 -6 c-143 -10 -231 -65 -282 -176 -68 -147 -2 -321 148 -389 106 -49 278 -25 388 54 26 19 57 38 69 44 31 13 107 119 135 188 19 49 23 75 23 182 0 107 -4 133 -23 182 -50 125 -166 241 -290 289 -70 28 -266 36 -347 15z"/></g></svg>
  <svg x='542' y='465'><g transform="translate(0.100900989662,13.8028761369) scale(0.00973019545717,-0.00980171001958)"><path class="sym-fill" fill="white" d="M583 1185 c-269 -75 -434 -344 -368 -598 49 -187 188 -325 378 -374 159 -40 396 23 545 145 l33 27 -68 74 -68 74 -32 -27 c-89 -75 -261 -121 -366 -97 -230 51 -313 335 -147 501 60 60 117 83 223 88 l87 4 0 -100 0 -100 -70 -4 c-60 -3 -74 -8 -97 -31 -38 -38 -38 -96 0 -135 24 -23 35 -27 85 -26 105 1 209 71 255 173 30 64 30 178 0 242 -27 60 -93 125 -152 152 -59 26 -168 32 -238 12z"/><path class="sym-line" fill="black" d="M535 1386 c-139 -36 -249 -101 -348 -205 -73 -78 -116 -148 -155 -253 -25 -68 -27 -84 -27 -228 0 -144 2 -160 27 -228 42 -114 85 -180 172 -268 88 -87 154 -130 268 -172 68 -25 84 -27 233 -27 185 0 237 11 380 79 97 46 215 128 215 148 -1 7 -29 44 -64 82 l-63 68 -54 -41 c-197 -149 -458 -183 -653 -84 -65 33 -176 144 -209 209 -75 147 -75 321 0 468 33 65 144 176 209 209 168 85 351 71 450 -35 60 -63 79 -113 79 -208 0 -73 -4 -92 -27 -135 -50 -95 -138 -154 -243 -163 -58 -4 -63 -3 -93 28 -44 44 -45 96 -1 139 28 29 36 31 100 31 l69 0 0 101 0 102 -86 -6 c-143 -10 -231 -65 -282 -176 -68 -147 -2 -321 148 -389 106 -49 278 -25 388 54 26 19 57 38 69 44 31 13 107 119 135 188 19 49 23 75 23 182 0 107 -4 133 -23 182 -50 125 -166 241 -290 289 -70 28 -266 36 -347 15z"/></g></svg>
  <svg x='449' y='446'><g transform="translate(0.043463926586,14.7505211307) scale(0.00985915292844,-0.00973472242044)"><path class="sym-fill" fill="white" d="M443 1128 l-201 -223 204 -3 c112 -1 296 -1 408 0 l204 3 -198 220 c-110 121 -203 221 -208 223 -4 1 -99 -98 -209 -220z M510 400 l0 -400 140 0 140 0 0 400 0 400 -140 0 -140 0 0 -400z"/><path class="sym-line" fill="black" d="M326 1153 l-315 -348 160 -3 159 -2 0 -400 0 -400 90 0 90 0 0 400 0 400 140 0 140 0 0 -400 0 -400 90 0 90 0 0 400 0 400 159 2 160 3 -315 348 c-174 191 -319 347 -324 347 -5 0 -150 -156 -324 -347z m534 -25 l202 -223 -206 -3 c-113 -1 -299 -1 -412 0 l-206 3 202 223 c111 122 205 222 210 222 5 0 99 -100 210 -222z"/></g></svg>
  <svg x='542' y='446'><g transform="translate(0.043463926586,14.7505211307) scale(0.00985915292844,-0.00973472242044)"><path class="sym-fill" fill="white" d="M510 400 l0 -400 140 0 140 0 0 400 0 400 -140 0 -140 0 0 -400z"/><path class="sym-line" fill="black" d="M326 1153 l-315 -348 160 -3 159 -2 0 -400 0 -400 90 0 90 0 0 400 0 400 140 0 140 0 0 -400 0 -400 90 0 90 0 0 400 0 400 159 2 160 3 -315 348 c-174 191 -319 347 -324 347 -5 0 -150 -156 -324 -347z"/></g></svg>
  <svg x='464' y='514'><g transform="translate(-0.000366865359539,20.8577841504) scale(0.00991963449397,-0.00995134096646)"><path class="sym-line" fill="black" d="M2369 1600 c-272 -265 -495 -484 -497 -488 -1 -4 28 -38 66 -75 l68 -67 494 481 c272 264 497 485 499 491 3 10 -117 138 -129 138 -4 0 -229 -216 -501 -480z M443 1403 c-236 -229 -428 -420 -428 -424 0 -10 987 -969 998 -969 11 0 862 830 862 841 0 10 -986 969 -997 969 -4 0 -200 -188 -435 -417z"/></g></svg>
  <svg x='504' y='514'><g transform="translate(0.141356881793,20.8577841504) scale(0.00991963449397,-0.00995134096646)"><path class="sym-line" fill="black" d="M61 2016 c-35 -35 -62 -68 -60 -73 2 -5 227 -226 499 -491 l495 -482 70 70 70 70 -75 74 c-298 293 -922 896 -928 896 -4 0 -36 -29 -71 -64z M1620 1339 c-272 -265 -495 -485 -495 -488 0 -10 854 -841 864 -841 12 0 996 958 996 969 0 11 -851 841 -862 841 -4 0 -231 -217 -503 -481z"/></g></svg>
  <svg x='534' y='499'><g transform="translate(0.191048785569,33.8004124674) scale(0.00981887432916,-0.00989763969628)"><path class="sym-fill" fill="white" d="M1041 2082 l-893 -827 78 -73 c44 -40 113 -104 155 -142 l75 -69 525 485 c288 266 527 484 531 484 5 0 8 -256 8 -570 l0 -570 215 0 215 0 0 1055 c0 580 -3 1055 -7 1054 -5 0 -410 -373 -902 -827z"/><path class="sym-line" fill="black" d="M1115 2439 c-572 -528 -1058 -978 -1080 -999 l-39 -40 49 -51 c28 -28 62 -59 77 -70 l27 -20 853 787 c469 433 874 808 901 833 l47 45 0 -1062 0 -1062 -220 0 -220 0 -2 569 -3 568 -470 -434 c-259 -239 -494 -457 -524 -485 l-54 -50 74 -68 c41 -38 77 -69 80 -70 6 0 254 227 562 513 l117 109 0 -326 0 -326 -214 -2 -214 -3 428 -395 c236 -217 435 -395 443 -395 8 0 207 178 442 395 l428 395 -217 3 -216 2 0 1300 c0 715 -3 1300 -7 1300 -5 0 -476 -433 -1048 -961z"/></g></svg>
  <svg x='439' y='520'><g transform="translate(0.190769225675,33.7687870789) scale(0.00983056833777,-0.009896475542)"><path class="sym-fill" fill="white" d="M650 1544 c0 -1038 0 -1056 19 -1043 11 8 416 381 901 829 l882 815 -69 63 c-37 35 -107 99 -154 142 l-85 79 -525 -484 c-288 -267 -527 -485 -531 -485 -5 0 -8 256 -8 570 l0 570 -215 0 -215 0 0 -1056z"/><path class="sym-line" fill="black" d="M426 3002 l-430 -397 217 -3 217 -2 0 -1301 c0 -789 4 -1299 9 -1297 14 5 2161 1989 2161 1997 0 6 -64 70 -122 120 l-27 23 -843 -778 c-464 -428 -869 -803 -900 -833 l-58 -54 0 1061 0 1062 220 0 220 0 2 -568 3 -568 475 439 c261 241 497 459 524 483 l49 45 -73 67 c-40 37 -76 68 -81 70 -4 2 -160 -139 -348 -313 l-341 -316 0 331 0 330 219 2 218 3 -428 395 c-235 217 -434 396 -441 397 -7 2 -206 -176 -442 -395z"/></g></svg>
</svg>