<svg version='1.1' xmlns='http://www.w3.org/2000/svg' width='124' height='94' viewBox='438 482 124 94'>
  <text font-size='0'>M562x576S36d00474x524S20301462x536S22501449x536S22505458x524S37806485x574S34a00438x483S34700497x482S33b00526x482S35d00469x483S31430445x496S31430476x497S31430505x496S31430535x496</text>
  <svg x='474' y='524'><g transform="translate(0.0,4.0) scale(0.01,-0.01)"><path class="sym-line" fill="black" d="M0 200 l0 -200 2100 0 2100 0 0 200 0 200 -2100 0 -2100 0 0 -200z"/></g></svg>
  <svg x='462' y='536'><g transform="translate(0.199328273943,20.7485491077) scale(0.00980871680229,-0.00980957695607)"><path class="sym-fill" fill="white" d="M665 1430 l-380 -380 380 -380 380 -380 380 380 380 380 -380 380 -380 380 -380 -380z"/><path class="sym-line" fill="black" d="M520 1575 l-525 -525 525 -525 525 -525 525 525 525 525 -525 525 -525 525 -525 -525z m915 -145 l380 -380 -380 -380 c-209 -209 -384 -380 -390 -380 -6 0 -181 171 -390 380 l-380 380 380 380 c209 209 384 380 390 380 6 0 181 -171 390 -380z"/></g></svg>
  <svg x='449' y='536'><g transform="translate(-0.0515625544248,11.7549257201) scale(0.0100006966377,-0.0097458392006)"><path class="sym-line" fill="black" d="M20 795 l0 -395 95 0 95 0 0 158 c0 88 3 220 7 295 l6 137 273 0 c150 0 279 3 288 6 13 5 16 24 16 100 l0 94 -390 0 -390 0 0 -395z M403 633 c4 -91 7 -271 7 -400 l0 -233 95 0 95 0 0 300 0 300 290 0 290 0 0 100 0 100 -392 0 -391 0 6 -167z"/></g></svg>
  <svg x='458' y='524'><g transform="translate(-0.0515625544248,11.847515201) scale(0.0100006966377,-0.00974923141752)"><path class="sym-line" fill="black" d="M600 900 l0 -300 -290 0 -290 0 0 -100 0 -100 392 0 391 0 -6 167 c-4 91 -7 271 -7 400 l0 233 -95 0 -95 0 0 -300z M990 618 c0 -101 -3 -234 -7 -296 l-6 -112 -273 0 c-150 0 -279 -3 -288 -6 -13 -5 -16 -24 -16 -100 l0 -94 390 0 390 0 0 395 0 395 -95 0 -95 0 0 -182z"/></g></svg>
  <svg x='485' y='574'><g transform="translate(0.0,2.0) scale(0.01,-0.01)"><path class="sym-line" fill="black" d="M0 100 l0 -100 1600 0 1600 0 0 100 0 100 -1600 0 -1600 0 0 -100z"/></g></svg>
  <svg x='438' y='483'><g transform="translate(0.149874875465,34.7500790925) scale(0.00988906872676,-0.00988956850125)"><path class="sym-line" fill="black" d="M1528 3484 c-592 -92 -1088 -447 -1348 -963 -125 -249 -180 -485 -180 -771 0 -480 183 -911 529 -1242 350 -336 780 -508 1271 -508 451 0 864 150 1193 434 326 281 517 620 591 1051 21 121 21 409 0 530 -43 252 -114 444 -237 639 -282 453 -741 750 -1284 831 -127 19 -413 18 -535 -1z m607 -173 c583 -126 1038 -523 1224 -1069 59 -173 75 -277 75 -492 0 -165 -3 -211 -22 -300 -71 -327 -228 -611 -458 -829 -186 -177 -381 -295 -614 -374 -176 -60 -282 -78 -490 -84 -247 -7 -416 19 -628 97 -549 201 -944 674 -1043 1250 -17 97 -17 383 0 480 99 576 495 1050 1043 1250 105 38 177 58 303 81 143 26 467 21 610 -10z M1330 1000 l0 -300 470 0 470 0 0 300 0 300 -470 0 -470 0 0 -300z m830 0 l0 -150 -355 0 -355 0 0 150 0 150 355 0 355 0 0 -150z"/></g></svg>
  <svg x='497' y='482'><g transform="translate(0.149874875465,34.7500790925) scale(0.00988906872676,-0.00988956850125)"><path class="sym-line" fill="black" d="M1528 3484 c-592 -92 -1088 -447 -1348 -963 -125 -249 -180 -485 -180 -771 0 -480 183 -911 529 -1242 350 -336 780 -508 1271 -508 451 0 864 150 1193 434 326 281 517 620 591 1051 21 121 21 409 0 530 -43 252 -114 444 -237 639 -282 453 -741 750 -1284 831 -127 19 -413 18 -535 -1z m607 -173 c583 -126 1038 -523 1224 -1069 59 -173 75 -277 75 -492 0 -165 -3 -211 -22 -300 -71 -327 -228 -611 -458 -829 -186 -177 -381 -295 -614 -374 -176 -60 -282 -78 -490 -84 -247 -7 -416 19 -628 97 -549 201 -944 674 -1043 1250 -17 97 -17 383 0 480 99 576 495 1050 1043 1250 105 38 177 58 303 81 143 26 467 21 610 -10z M1586 1290 c-88 -14 -199 -46 -269 -79 -265 -122 -246 -330 41 -439 149 -57 215 -67 452 -66 201 0 222 2 314 27 229 62 346 152 346 267 0 115 -119 207 -346 266 -87 23 -122 27 -289 30 -104 1 -217 -1 -249 -6z m532 -179 c90 -23 135 -42 170 -74 57 -52 -6 -107 -175 -149 -78 -20 -114 -23 -308 -23 -180 0 -234 3 -300 19 -105 24 -179 58 -200 90 -16 24 -16 28 0 52 27 42 125 77 295 108 14 2 117 3 230 1 169 -2 220 -6 288 -24z"/></g></svg>
  <svg x='526' y='482'><g transform="translate(0.149874875465,34.7500790925) scale(0.00988906872676,-0.00988956850125)"><path class="sym-line" fill="black" d="M1528 3484 c-592 -92 -1088 -447 -1348 -963 -125 -249 -180 -485 -180 -771 0 -480 183 -911 529 -1242 350 -336 780 -508 1271 -508 451 0 864 150 1193 434 326 281 517 620 591 1051 21 121 21 409 0 530 -43 252 -114 444 -237 639 -282 453 -741 750 -1284 831 -127 19 -413 18 -535 -1z m607 -173 c583 -126 1038 -523 1224 -1069 59 -173 75 -277 75 -492 0 -165 -3 -211 -22 -300 -71 -327 -228 -611 -458 -829 -186 -177 -381 -295 -614 -374 -176 -60 -282 -78 -490 -84 -247 -7 -416 19 -628 97 -549 201 -944 674 -1043 1250 -17 97 -17 383 0 480 99 576 495 1050 1043 1250 105 38 177 58 303 81 143 26 467 21 610 -10z M1020 875 l0 -75 780 0 780 0 0 75 0 75 -780 0 -780 0 0 -75z"/></g></svg>
  <svg x='469' y='483'><g transform="translate(0.149874875465,34.7500790925) scale(0.00988906872676,-0.00988956850125)"><path class="sym-line" fill="black" d="M1528 3484 c-592 -92 -1088 -447 -1348 -963 -125 -249 -180 -485 -180 -771 0 -480 183 -911 529 -1242 350 -336 780 -508 1271 -508 451 0 864 150 1193 434 326 281 517 620 591 1051 21 121 21 409 0 530 -43 252 -114 444 -237 639 -282 453 -741 750 -1284 831 -127 19 -413 18 -535 -1z m607 -173 c583 -126 1038 -523 1224 -1069 59 -173 75 -277 75 -492 0 -165 -3 -211 -22 -300 -71 -327 -228 -611 -458 -829 -186 -177 -381 -295 -614 -374 -176 -60 -282 -78 -490 -84 -247 -7 -416 19 -628 97 -549 201 -944 674 -1043 1250 -17 97 -17 383 0 480 99 576 495 1050 1043 1250 105 38 177 58 303 81 143 26 467 21 610 -10z M1650 1481 c-93 -30 -158 -69 -221 -132 -272 -272 -148 -721 230 -833 75 -22 220 -21 291 2 93 30 162 72 225 136 267 274 149 707 -225 828 -74 24 -225 23 -300 -1z m552 -434 c22 -159 -73 -326 -230 -400 -62 -30 -75 -32 -172 -32 -93 0 -112 3 -162 27 -151 70 -238 200 -240 354 0 34 3 71 7 83 l6 21 392 -2 392 -3 7 -48z"/></g></svg>
  <svg x='445' y='496'><g transform="translate(0.16783579477,3.74938192374) scale(0.00979253319197,-0.00901405236333)"><path class="sym-line" fill="black" d="M300 381 c-80 -26 -112 -44 -177 -105 -70 -64 -114 -147 -121 -223 l-4 -53 56 0 c50 0 56 2 56 20 0 65 63 137 160 184 61 29 72 31 180 31 108 0 119 -2 180 -31 97 -47 160 -119 160 -184 0 -18 6 -20 56 -20 l56 0 -4 53 c-7 76 -51 159 -121 223 -65 60 -106 84 -186 108 -74 22 -219 20 -291 -3z M1500 381 c-80 -26 -112 -44 -177 -105 -70 -64 -114 -147 -121 -223 l-4 -53 56 0 c50 0 56 2 56 20 0 65 63 137 160 184 61 29 72 31 180 31 108 0 119 -2 180 -31 97 -47 160 -119 160 -184 0 -18 6 -20 56 -20 l56 0 -4 53 c-7 76 -51 159 -121 223 -65 60 -106 84 -186 108 -74 22 -219 20 -291 -3z"/></g></svg>
  <svg x='476' y='497'><g transform="translate(0.16783579477,3.74938192374) scale(0.00979253319197,-0.00901405236333)"><path class="sym-line" fill="black" d="M300 381 c-80 -26 -112 -44 -177 -105 -70 -64 -114 -147 -121 -223 l-4 -53 56 0 c50 0 56 2 56 20 0 65 63 137 160 184 61 29 72 31 180 31 108 0 119 -2 180 -31 97 -47 160 -119 160 -184 0 -18 6 -20 56 -20 l56 0 -4 53 c-7 76 -51 159 -121 223 -65 60 -106 84 -186 108 -74 22 -219 20 -291 -3z M1500 381 c-80 -26 -112 -44 -177 -105 -70 -64 -114 -147 -121 -223 l-4 -53 56 0 c50 0 56 2 56 20 0 65 63 137 160 184 61 29 72 31 180 31 108 0 119 -2 180 -31 97 -47 160 -119 160 -184 0 -18 6 -20 56 -20 l56 0 -4 53 c-7 76 -51 159 -121 223 -65 60 -106 84 -186 108 -74 22 -219 20 -291 -3z"/></g></svg>
  <svg x='505' y='496'><g transform="translate(0.16783579477,3.74938192374) scale(0.00979253319197,-0.00901405236333)"><path class="sym-line" fill="black" d="M300 381 c-80 -26 -112 -44 -177 -105 -70 -64 -114 -147 -121 -223 l-4 -53 56 0 c50 0 56 2 56 20 0 65 63 137 160 184 61 29 72 31 180 31 108 0 119 -2 180 -31 97 -47 160 -119 160 -184 0 -18 6 -20 56 -20 l56 0 -4 53 c-7 76 -51 159 -121 223 -65 60 -106 84 -186 108 -74 22 -219 20 -291 -3z M1500 381 c-80 -26 -112 -44 -177 -105 -70 -64 -114 -147 -121 -223 l-4 -53 56 0 c50 0 56 2 56 20 0 65 63 137 160 184 61 29 72 31 180 31 108 0 119 -2 180 -31 97 -47 160 -119 160 -184 0 -18 6 -20 56 -20 l56 0 -4 53 c-7 76 -51 159 -121 223 -65 60 -106 84 -186 108 -74 22 -219 20 -291 -3z"/></g></svg>
  <svg x='535' y='496'><g transform="translate(0.16783579477,3.74938192374) scale(0.00979253319197,-0.00901405236333)"><path class="sym-line" fill="black" d="M300 381 c-80 -26 -112 -44 -177 -105 -70 -64 -114 -147 -121 -223 l-4 -53 56 0 c50 0 56 2 56 20 0 65 63 137 160 184 61 29 72 31 180 31 108 0 119 -2 180 -31 97 -47 160 -119 160 -184 0 -18 6 -20 56 -20 l56 0 -4 53 c-7 76 -51 159 -121 223 -65 60 -106 84 -186 108 -74 22 -219 20 -291 -3z M1500 381 c-80 -26 -112 -44 -177 -105 -70 -64 -114 -147 -121 -223 l-4 -53 56 0 c50 0 56 2 56 20 0 65 63 137 160 184 61 29 72 31 180 31 108 0 119 -2 180 -31 97 -47 160 -119 160 -184 0 -18 6 -20 56 -20 l56 0 -4 53 c-7 76 -51 159 -121 223 -65 60 -106 84 -186 108 -74 22 -219 20 -291 -3z"/></g></svg>
</svg>