<svg version='1.1' xmlns='http://www.w3.org/2000/svg' width='123' height='66' viewBox='439 467 123 66'>
  <text font-size='0'>M562x533S20310466x473S20314460x492S2ea04488x467S2ea14439x489S15a40549x472S15a30550x506S15a30531x506S15a48531x472</text>
  <svg x='466' y='473'><g transform="translate(0.0,15.0) scale(0.01,-0.01)"><path class="sym-fill" fill="white" d="M200 750 l0 -550 300 0 300 0 0 550 0 550 -300 0 -300 0 0 -550z"/><path class="sym-line" fill="black" d="M0 750 l0 -750 750 0 750 0 0 750 0 750 -750 0 -750 0 0 -750z m800 0 l0 -550 -300 0 -300 0 0 550 0 550 300 0 300 0 0 -550z"/></g></svg>
  <svg x='460' y='492'><g transform="translate(0.0,15.0) scale(0.01,-0.01)"><path class="sym-fill" fill="white" d="M700 750 l0 -550 300 0 300 0 0 550 0 550 -300 0 -300 0 0 -550z"/><path class="sym-line" fill="black" d="M0 750 l0 -750 750 0 750 0 0 750 0 750 -750 0 -750 0 0 -750z m1300 0 l0 -550 -300 0 -300 0 0 550 0 550 300 0 300 0 0 -550z"/></g></svg>
  <svg x='488' y='467'><g transform="translate(0.149734255248,24.7501251158) scale(0.0097007872376,-0.00984067504631)"><path class="sym-line" fill="black" d="M345 2481 c-157 -72 -271 -271 -325 -565 -18 -101 -20 -153 -20 -666 0 -513 2 -565 20 -666 54 -294 168 -493 325 -565 34 -16 66 -19 206 -19 158 0 167 1 217 26 73 36 164 139 212 239 38 79 80 196 80 222 0 10 -39 13 -198 13 l-197 0 -23 -92 c-27 -111 -77 -221 -122 -265 -66 -67 -143 -33 -202 89 -92 189 -118 411 -118 1018 0 607 26 829 118 1018 115 236 269 121 342 -255 11 -57 20 -106 20 -109 0 -2 90 -4 200 -4 153 0 200 3 200 13 0 31 -43 186 -70 252 -58 147 -159 273 -253 315 -36 17 -66 20 -207 20 -139 0 -171 -3 -205 -19z M595 1500 l300 -300 -300 0 -300 0 303 -302 302 -303 302 303 303 302 -300 0 -300 0 300 300 300 300 -605 0 -605 0 300 -300z"/></g></svg>
  <svg x='439' y='489'><g transform="translate(0.149734255248,24.7501251158) scale(0.0097007872376,-0.00984067504631)"><path class="sym-fill" fill="white" d="M723 1523 l177 -178 177 178 178 177 -355 0 -355 0 178 -177z M723 923 l177 -178 177 178 178 177 -355 0 -355 0 178 -177z"/><path class="sym-line" fill="black" d="M345 2481 c-157 -72 -271 -271 -325 -565 -18 -101 -20 -153 -20 -666 0 -513 2 -565 20 -666 54 -294 168 -493 325 -565 34 -16 66 -19 206 -19 158 0 167 1 217 26 73 36 164 139 212 239 38 79 80 196 80 222 0 10 -39 13 -198 13 l-197 0 -23 -92 c-27 -111 -77 -221 -122 -265 -66 -67 -143 -33 -202 89 -92 189 -118 411 -118 1018 0 607 26 829 118 1018 115 236 269 121 342 -255 11 -57 20 -106 20 -109 0 -2 90 -4 200 -4 153 0 200 3 200 13 0 31 -43 186 -70 252 -58 147 -159 273 -253 315 -36 17 -66 20 -207 20 -139 0 -171 -3 -205 -19z M595 1500 l300 -300 -300 0 -300 0 303 -302 302 -303 302 303 303 302 -300 0 -300 0 300 300 300 300 -605 0 -605 0 300 -300z m577 113 c-44 -49 -124 -131 -176 -183 l-96 -95 -96 95 c-52 52 -132 134 -176 183 l-80 87 352 0 352 0 -80 -87z m0 -600 c-44 -49 -124 -131 -176 -183 l-96 -95 -96 95 c-52 52 -132 134 -176 183 l-80 87 352 0 352 0 -80 -87z"/></g></svg>
  <svg x='549' y='472'><g transform="translate(0.0,27.0) scale(0.01,-0.01)"><path class="sym-fill" fill="white" d="M398 2213 l-198 -198 0 -158 0 -157 -100 0 -100 0 0 -150 0 -150 100 0 100 0 0 -600 0 -600 200 0 200 0 0 600 0 600 300 0 300 0 0 150 0 150 -300 0 -300 0 -2 355 -3 355 -197 -197z"/><path class="sym-line" fill="black" d="M297 2402 l-297 -297 0 -203 0 -202 100 0 100 0 0 163 0 162 200 200 200 200 0 -363 0 -362 300 0 300 0 0 203 0 202 -298 298 c-163 163 -299 297 -302 297 -3 0 -139 -134 -303 -298z M0 700 l0 -700 600 0 600 0 0 700 0 700 -300 0 -300 0 0 -600 0 -600 -200 0 -200 0 0 600 0 600 -100 0 -100 0 0 -700z"/></g></svg>
  <svg x='550' y='506'><g transform="translate(0.0,27.0) scale(0.01,-0.01)"><path class="sym-fill" fill="white" d="M397 2212 l-197 -197 0 -158 0 -157 -100 0 -100 0 0 -150 0 -150 100 0 100 0 0 -600 0 -600 400 0 400 0 0 600 0 600 100 0 100 0 0 150 0 150 -100 0 -100 0 0 158 0 157 -198 198 c-108 108 -199 197 -202 197 -3 0 -94 -89 -203 -198z"/><path class="sym-line" fill="black" d="M297 2402 l-297 -297 0 -203 0 -202 100 0 100 0 0 163 0 162 200 200 200 200 200 -200 200 -200 0 -162 0 -163 100 0 100 0 0 203 0 202 -298 298 c-163 163 -299 297 -302 297 -3 0 -139 -134 -303 -298z M0 700 l0 -700 600 0 600 0 0 700 0 700 -100 0 -100 0 0 -600 0 -600 -400 0 -400 0 0 600 0 600 -100 0 -100 0 0 -700z"/></g></svg>
  <svg x='531' y='506'><g transform="translate(0.0,27.0) scale(0.01,-0.01)"><path class="sym-fill" fill="white" d="M397 2212 l-197 -197 0 -158 0 -157 -100 0 -100 0 0 -150 0 -150 100 0 100 0 0 -600 0 -600 400 0 400 0 0 600 0 600 100 0 100 0 0 150 0 150 -100 0 -100 0 0 158 0 157 -198 198 c-108 108 -199 197 -202 197 -3 0 -94 -89 -203 -198z"/><path class="sym-line" fill="black" d="M297 2402 l-297 -297 0 -203 0 -202 100 0 100 0 0 163 0 162 200 200 200 200 200 -200 200 -200 0 -162 0 -163 100 0 100 0 0 203 0 202 -298 298 c-163 163 -299 297 -302 297 -3 0 -139 -134 -303 -298z M0 700 l0 -700 600 0 600 0 0 700 0 700 -100 0 -100 0 0 -600 0 -600 -400 0 -400 0 0 600 0 600 -100 0 -100 0 0 -700z"/></g></svg>
  <svg x='531' y='472'><g transform="translate(0.0,27.0) scale(0.01,-0.01)"><path class="sym-fill" fill="white" d="M600 2057 l0 -357 -300 0 -300 0 0 -150 0 -150 300 0 300 0 0 -600 0 -600 200 0 200 0 0 600 0 600 100 0 100 0 0 150 0 150 -100 0 -100 0 0 158 0 157 -200 200 -200 200 0 -358z"/><path class="sym-line" fill="black" d="M297 2402 l-297 -297 0 -203 0 -202 300 0 300 0 0 362 0 363 200 -200 200 -200 0 -162 0 -163 100 0 100 0 0 203 0 202 -298 298 c-163 163 -299 297 -302 297 -3 0 -139 -134 -303 -298z M0 700 l0 -700 600 0 600 0 0 700 0 700 -100 0 -100 0 0 -600 0 -600 -200 0 -200 0 0 600 0 600 -300 0 -300 0 0 -700z"/></g></svg>
</svg>