<svg version='1.1' xmlns='http://www.w3.org/2000/svg' width='124' height='209' viewBox='438 395 124 209'>
  <text font-size='0'>M562x604S10e20443x395S14a20444x433S1fb20445x454S14a20445x479S11a20444x499S1f720439x536S11920438x554S20320444x589S37806505x519S37802535x484S15a1a535x514S10001522x461S28903502x487</text>
  <svg x='443' y='395'><g transform="translate(0.0,30.0) scale(0.01,-0.01)"><path class="sym-line" fill="black" d="M0 1500 l0 -1500 750 0 750 0 0 750 0 750 -502 0 -503 0 458 458 c251 251 457 459 457 462 0 3 -34 36 -76 74 l-76 69 -529 -529 -529 -529 0 748 0 747 -100 0 -100 0 0 -1500z"/></g></svg>
  <svg x='444' y='433'><g transform="translate(-0.149900597859,14.7505211307) scale(0.00993234377835,-0.00973472242044)"><path class="sym-fill" fill="white" d="M20 750 l0 -150 445 0 445 0 0 150 0 150 -445 0 -445 0 0 -150z"/><path class="sym-line" fill="black" d="M30 1200 l0 -300 440 0 440 0 0 -150 0 -150 -440 0 -440 0 0 -300 0 -300 735 0 735 0 0 750 0 750 -735 0 -735 0 0 -300z"/></g></svg>
  <svg x='445' y='454'><g transform="translate(0.0,19.0) scale(0.01,-0.01)"><path class="sym-line" fill="black" d="M300 1700 l0 -200 -150 0 -150 0 0 -750 0 -750 750 0 750 0 0 750 0 750 -400 0 -400 0 0 200 0 200 -200 0 -200 0 0 -200z"/></g></svg>
  <svg x='445' y='479'><g transform="translate(-0.149900597859,14.7505211307) scale(0.00993234377835,-0.00973472242044)"><path class="sym-fill" fill="white" d="M20 750 l0 -150 445 0 445 0 0 150 0 150 -445 0 -445 0 0 -150z"/><path class="sym-line" fill="black" d="M30 1200 l0 -300 440 0 440 0 0 -150 0 -150 -440 0 -440 0 0 -300 0 -300 735 0 735 0 0 750 0 750 -735 0 -735 0 0 -300z"/></g></svg>
  <svg x='444' y='499'><g transform="translate(0.0,30.0) scale(0.01,-0.01)"><path class="sym-line" fill="black" d="M600 2552 l0 -447 -300 -300 -300 -300 0 -752 0 -753 750 0 750 0 0 750 0 750 -350 0 -350 0 0 253 0 252 255 255 c140 140 255 257 255 260 0 3 -34 36 -76 74 l-76 69 -179 -179 -179 -179 0 348 0 347 -100 0 -100 0 0 -448z m0 -902 l0 -150 -152 0 -153 0 150 150 c82 83 151 150 152 150 2 0 3 -67 3 -150z"/></g></svg>
  <svg x='439' y='536'><g transform="translate(0.131576825216,14.7505211307) scale(0.00980873003133,-0.00973472242044)"><path class="sym-line" fill="black" d="M498 959 l-3 -542 -159 277 c-87 152 -161 276 -164 276 -2 0 -42 -21 -88 -47 -55 -31 -83 -53 -82 -63 2 -9 113 -206 247 -438 l244 -422 753 0 754 0 0 750 0 750 -750 0 -750 0 -2 -541z"/></g></svg>
  <svg x='438' y='554'><g transform="translate(0.0993500505466,25.7553629057) scale(0.00983413273824,-0.0099185278208)"><path class="sym-line" fill="black" d="M291 2506 l-74 -75 323 -333 c178 -183 382 -393 454 -465 l131 -133 -100 0 -100 1 -379 394 c-209 217 -385 395 -391 395 -6 0 -42 -32 -80 -70 l-70 -70 106 -108 c58 -59 201 -206 317 -326 l212 -219 0 -749 0 -748 730 0 730 0 0 750 0 750 -344 0 -344 0 -433 448 c-238 246 -474 489 -524 540 l-90 93 -74 -75z"/></g></svg>
  <svg x='444' y='589'><g transform="translate(0.0,15.0) scale(0.01,-0.01)"><path class="sym-line" fill="black" d="M0 750 l0 -750 750 0 750 0 0 750 0 750 -750 0 -750 0 0 -750z"/></g></svg>
  <svg x='505' y='519'><g transform="translate(0.0,2.0) scale(0.01,-0.01)"><path class="sym-line" fill="black" d="M0 100 l0 -100 1600 0 1600 0 0 100 0 100 -1600 0 -1600 0 0 -100z"/></g></svg>
  <svg x='535' y='484'><g transform="translate(0.00758934082336,32.4653326659) scale(0.00990600575607,-0.0103109685146)"><path class="sym-line" fill="black" d="M92 3084 c-65 -43 -82 -59 -77 -72 9 -26 1496 -2936 1504 -2944 6 -7 171 97 171 108 0 7 -1501 2947 -1509 2956 -3 3 -44 -18 -89 -48z"/></g></svg>
  <svg x='535' y='514'><g transform="translate(0.150976194493,11.7516936221) scale(0.00983400277537,-0.00966938010173)"><path class="sym-fill" fill="white" d="M200 400 l0 -200 908 0 907 0 200 200 200 200 -1108 0 -1107 0 0 -200z"/><path class="sym-line" fill="black" d="M0 600 l0 -600 1053 0 1052 0 300 300 300 300 -300 300 -300 300 -1052 0 -1053 0 0 -600z m2225 -200 l-200 -200 -912 0 -913 0 0 200 0 200 1112 0 1113 0 -200 -200z"/></g></svg>
  <svg x='522' y='461'><g transform="translate(0.0827624000386,29.8972374025) scale(0.00988338120185,-0.00991626663417)"><path class="sym-fill" fill="white" d="M763 1370 l-353 -363 70 -76 c39 -42 197 -206 353 -365 l282 -289 353 363 352 362 -80 86 c-44 48 -203 212 -353 366 l-272 278 -352 -362z"/><path class="sym-line" fill="black" d="M76 2931 l-69 -69 486 -498 485 -498 -371 -381 c-204 -209 -393 -403 -419 -431 l-49 -51 481 -494 c264 -272 487 -494 495 -494 8 0 231 222 495 494 l481 494 -49 51 c-152 158 -1893 1946 -1895 1946 -2 0 -33 -31 -71 -69z m1394 -1560 c190 -194 345 -359 345 -366 0 -16 -684 -720 -700 -720 -16 0 -700 704 -700 720 0 16 687 724 700 722 6 -1 166 -161 355 -356z"/></g></svg>
  <svg x='502' y='487'><g transform="translate(0.0393366495508,26.8055192175) scale(0.00988354211854,-0.00994862606901)"><path class="sym-fill" fill="white" d="M1550 2495 c-410 -75 -742 -400 -851 -835 -29 -117 -38 -273 -32 -517 l6 -223 198 0 198 0 3 303 c4 297 4 303 31 382 38 113 90 198 177 286 55 55 96 86 150 113 141 69 137 69 628 73 l442 5 0 214 0 214 -437 -1 c-321 -1 -458 -4 -513 -14z"/><path class="sym-line" fill="black" d="M1589 2669 c-453 -48 -853 -387 -1008 -854 -59 -179 -63 -213 -68 -567 l-5 -328 -249 -2 -248 -3 421 -455 c232 -250 427 -455 435 -455 7 0 203 205 434 455 l421 455 -252 3 -252 2 5 278 c5 299 9 331 64 441 15 30 57 85 93 122 76 77 163 123 260 139 36 5 242 10 463 10 l397 0 0 80 0 80 -432 0 c-489 0 -507 -2 -641 -72 -132 -69 -239 -189 -304 -343 -44 -102 -53 -187 -53 -470 l0 -265 -200 0 -199 0 -7 35 c-12 67 3 574 20 655 50 236 153 428 319 595 139 139 282 223 472 278 65 19 105 21 548 24 l477 4 0 78 0 78 -242 6 c-299 9 -569 7 -669 -4z"/></g></svg>
</svg>