<svg version='1.1' xmlns='http://www.w3.org/2000/svg' width='126' height='90' viewBox='438 469 126 90'>
  <text font-size='0'>M564x559S2f700537x552S37500484x469S36520497x508S33300484x482S36e00477x525S14c10528x491S14c18455x492S26f04524x534S26f14438x533S2f700455x551</text>
  <svg x='537' y='552'><g transform="translate(0.0,7.0) scale(0.01,-0.01)"><path class="sym-line" fill="black" d="M463 432 l-463 -267 0 -82 0 -83 600 0 600 0 0 100 0 100 -355 2 -355 3 355 205 355 204 0 43 0 43 -137 0 -138 -1 -462 -267z"/></g></svg>
  <svg x='484' y='469'><g transform="translate(0.149874875465,47.7513080778) scale(0.00988906872676,-0.00992300517927)"><path class="sym-line" fill="black" d="M1695 4787 c-92 -37 -163 -106 -189 -184 -20 -59 -20 -147 0 -205 26 -78 116 -166 188 -184 l26 -6 0 -304 0 -304 80 0 80 0 0 304 0 304 29 7 c32 7 104 55 134 89 49 58 62 98 62 196 0 108 -15 147 -81 212 -60 61 -116 83 -214 85 -49 1 -98 -3 -115 -10z M1528 3484 c-592 -92 -1088 -447 -1348 -963 -125 -249 -180 -485 -180 -771 0 -480 183 -911 529 -1242 350 -336 780 -508 1271 -508 451 0 864 150 1193 434 326 281 517 620 591 1051 21 121 21 409 0 530 -43 252 -114 444 -237 639 -282 453 -741 750 -1284 831 -127 19 -413 18 -535 -1z m607 -173 c583 -126 1038 -523 1224 -1069 59 -173 75 -277 75 -492 0 -165 -3 -211 -22 -300 -71 -327 -228 -611 -458 -829 -186 -177 -381 -295 -614 -374 -176 -60 -282 -78 -490 -84 -247 -7 -416 19 -628 97 -549 201 -944 674 -1043 1250 -17 97 -17 383 0 480 99 576 495 1050 1043 1250 105 38 177 58 303 81 143 26 467 21 610 -10z"/></g></svg>
  <svg x='497' y='508'><g transform="translate(0.0,6.0) scale(0.01,-0.01)"><path class="sym-line" fill="black" d="M0 300 l0 -300 500 0 500 0 0 300 0 300 -50 0 -50 0 0 -225 0 -225 -100 0 -100 0 0 225 0 225 -50 0 -50 0 0 -225 0 -225 -100 0 -100 0 0 225 0 225 -50 0 -50 0 0 -225 0 -225 -100 0 -100 0 0 225 0 225 -50 0 -50 0 0 -300z"/></g></svg>
  <svg x='484' y='482'><g transform="translate(0.149874875465,34.7500790925) scale(0.00988906872676,-0.00988956850125)"><path class="sym-line" fill="black" d="M1528 3484 c-592 -92 -1088 -447 -1348 -963 -125 -249 -180 -485 -180 -771 0 -480 183 -911 529 -1242 350 -336 780 -508 1271 -508 451 0 864 150 1193 434 326 281 517 620 591 1051 21 121 21 409 0 530 -43 252 -114 444 -237 639 -282 453 -741 750 -1284 831 -127 19 -413 18 -535 -1z m607 -173 c583 -126 1038 -523 1224 -1069 59 -173 75 -277 75 -492 0 -165 -3 -211 -22 -300 -71 -327 -228 -611 -458 -829 -186 -177 -381 -295 -614 -374 -176 -60 -282 -78 -490 -84 -247 -7 -416 19 -628 97 -549 201 -944 674 -1043 1250 -17 97 -17 383 0 480 99 576 495 1050 1043 1250 105 38 177 58 303 81 143 26 467 21 610 -10z M1720 2250 l0 -150 -140 0 -140 0 0 -50 0 -50 140 0 140 0 0 -100 0 -100 -140 0 -140 0 0 -50 0 -50 140 0 140 0 0 -250 0 -250 80 0 80 0 0 250 0 250 145 0 145 0 0 50 0 50 -145 0 -145 0 0 100 0 100 145 0 145 0 0 50 0 50 -145 0 -145 0 0 150 0 150 -80 0 -80 0 0 -150z"/></g></svg>
  <svg x='477' y='525'><g transform="translate(0.0,12.0) scale(0.01,-0.01)"><path class="sym-line" fill="black" d="M0 1000 l0 -200 300 0 300 0 0 -400 0 -400 1700 0 1700 0 0 400 0 400 300 0 300 0 0 200 0 200 -450 0 -450 0 0 -400 0 -400 -1400 0 -1400 0 0 400 0 400 -450 0 -450 0 0 -200z"/></g></svg>
  <svg x='528' y='491'><g transform="translate(-0.0594657001311,30.7516384396) scale(0.00991707416583,-0.00987200030311)"><path class="sym-fill" fill="white" d="M1063 1761 l-143 -148 0 -706 0 -707 145 0 145 0 0 855 c0 470 -1 855 -2 854 -2 -1 -67 -67 -145 -148z"/><path class="sym-line" fill="black" d="M1110 2603 l-1 -498 -74 -78 -74 -77 -213 375 c-117 206 -217 374 -222 375 -12 0 -176 -93 -176 -100 1 -3 104 -185 230 -405 l229 -400 -45 -45 -44 -46 0 -104 -1 -105 -272 278 c-150 152 -277 277 -284 277 -6 0 -41 -32 -77 -72 l-65 -71 269 -276 c148 -152 305 -312 349 -356 l81 -80 0 -597 0 -598 495 0 495 0 0 297 0 298 295 295 c162 163 295 302 295 309 0 16 -119 141 -134 141 -6 0 -111 -100 -233 -222 l-223 -223 0 406 0 405 -44 43 -43 43 223 392 c123 216 226 399 229 407 6 16 -151 113 -170 105 -6 -2 -102 -163 -213 -357 -111 -195 -207 -361 -212 -369 -8 -12 -24 -1 -85 60 l-75 74 0 498 0 498 -105 0 -105 0 0 -497z m110 -1543 l0 -860 -150 0 -150 0 0 712 0 713 147 147 c81 82 149 148 150 148 2 0 3 -387 3 -860z"/></g></svg>
  <svg x='455' y='492'><g transform="translate(0.169377282955,30.7516384396) scale(0.00990025187962,-0.00987200030311)"><path class="sym-fill" fill="white" d="M1090 1056 l0 -856 145 0 145 0 0 708 -1 707 -144 149 -145 149 0 -857z"/><path class="sym-line" fill="black" d="M980 2602 l0 -498 -75 -74 c-61 -61 -77 -72 -85 -60 -5 8 -101 174 -212 369 -111 194 -207 355 -213 357 -11 5 -174 -86 -175 -96 0 -3 103 -185 229 -405 l229 -400 -44 -45 -44 -46 0 -404 0 -405 -223 223 c-122 122 -227 222 -234 222 -6 0 -39 -31 -73 -70 l-62 -70 60 -67 c34 -38 167 -174 296 -303 l236 -235 0 -297 0 -298 495 0 495 0 0 598 0 597 131 130 c72 72 229 232 350 357 l220 227 -67 70 c-36 39 -72 71 -78 71 -6 0 -133 -125 -283 -277 l-272 -278 0 105 -1 104 -44 46 -44 45 229 400 c126 220 228 402 228 405 1 8 -159 100 -172 100 -7 -1 -104 -163 -217 -361 -113 -199 -208 -366 -212 -372 -5 -8 -34 14 -83 63 l-75 74 0 498 0 498 -105 0 -105 0 0 -498z m400 -1689 l0 -713 -150 0 -150 0 0 862 0 863 150 -150 150 -150 0 -712z"/></g></svg>
  <svg x='524' y='534'><g transform="translate(0.197637623324,13.7002011211) scale(0.00987613215407,-0.0096798311579)"><path class="sym-line" fill="black" d="M600 1050 l0 -350 -302 0 -303 0 352 -352 353 -353 325 325 325 325 325 -325 325 -325 325 325 325 325 325 -325 325 -325 353 353 352 352 -303 0 -302 0 0 350 0 350 -100 0 -100 0 0 -350 0 -350 -550 0 -550 0 0 350 0 350 -100 0 -100 0 0 -350 0 -350 -550 0 -550 0 0 350 0 350 -100 0 -100 0 0 -350z"/></g></svg>
  <svg x='438' y='533'><g transform="translate(0.197637623324,13.7002011211) scale(0.00987613215407,-0.0096798311579)"><path class="sym-fill" fill="white" d="M473 373 l227 -228 227 228 228 227 -455 0 -455 0 228 -227z M1773 373 l227 -228 227 228 228 227 -455 0 -455 0 228 -227z M3073 373 l227 -228 227 228 228 227 -455 0 -455 0 228 -227z"/><path class="sym-line" fill="black" d="M600 1050 l0 -350 -302 0 -303 0 352 -352 353 -353 325 325 325 325 325 -325 325 -325 325 325 325 325 325 -325 325 -325 353 353 352 352 -303 0 -302 0 0 350 0 350 -100 0 -100 0 0 -350 0 -350 -550 0 -550 0 0 350 0 350 -100 0 -100 0 0 -350 0 -350 -550 0 -550 0 0 350 0 350 -100 0 -100 0 0 -350z m327 -677 l-227 -228 -227 228 -228 227 455 0 455 0 -228 -227z m1300 0 l-227 -228 -227 228 -228 227 455 0 455 0 -228 -227z m1300 0 l-227 -228 -227 228 -228 227 455 0 455 0 -228 -227z"/></g></svg>
  <svg x='455' y='551'><g transform="translate(0.0,7.0) scale(0.01,-0.01)"><path class="sym-line" fill="black" d="M463 432 l-463 -267 0 -82 0 -83 600 0 600 0 0 100 0 100 -355 2 -355 3 355 205 355 204 0 43 0 43 -137 0 -138 -1 -462 -267z"/></g></svg>
</svg>