<svg version='1.1' xmlns='http://www.w3.org/2000/svg' width='88' height='170' viewBox='479 415 88 170'>
  <text font-size='0'>M567x585S36d00479x415S3760f518x417S20310530x466S23600487x466S15a37495x507S20310495x504S20500482x508S11541501x557S11549491x558S20500503x543S27120528x563</text>
  <svg x='479' y='415'><g transform="translate(0.0,4.0) scale(0.01,-0.01)"><path class="sym-line" fill="black" d="M0 200 l0 -200 2100 0 2100 0 0 200 0 200 -2100 0 -2100 0 0 -200z"/></g></svg>
  <svg x='518' y='417'><g transform="translate(0.0,49.0) scale(0.01,-0.01)"><path class="sym-fill" fill="white" d="M1070 3975 l925 -925 3 72 3 72 -853 853 -853 853 -75 0 -75 0 925 -925z M0 4680 l0 -75 850 -850 850 -850 0 -1452 0 -1453 50 0 50 0 0 1478 0 1477 -900 900 -900 900 0 -75z"/><path class="sym-line" fill="black" d="M67 4832 l-67 -67 900 -900 900 -900 0 -1482 0 -1483 100 0 100 0 0 1518 0 1517 -933 933 -932 932 -68 -68z"/></g></svg>
  <svg x='530' y='466'><g transform="translate(0.0,15.0) scale(0.01,-0.01)"><path class="sym-fill" fill="white" d="M200 750 l0 -550 300 0 300 0 0 550 0 550 -300 0 -300 0 0 -550z"/><path class="sym-line" fill="black" d="M0 750 l0 -750 750 0 750 0 0 750 0 750 -750 0 -750 0 0 -750z m800 0 l0 -550 -300 0 -300 0 0 550 0 550 300 0 300 0 0 -550z"/></g></svg>
  <svg x='487' y='466'><g transform="translate(0.0190194881388,16.7506600986) scale(0.00996209397608,-0.0097754624403)"><path class="sym-fill" fill="white" d="M1810 1050 l0 -350 145 0 145 0 0 350 0 350 -145 0 -145 0 0 -350z M550 650 l0 -350 145 0 145 0 0 350 0 350 -145 0 -145 0 0 -350z M3060 650 l0 -350 145 0 145 0 0 350 0 350 -145 0 -145 0 0 -350z"/><path class="sym-line" fill="black" d="M348 1353 l-335 -348 168 -3 169 -2 0 -350 0 -350 100 0 100 0 0 350 0 350 145 0 145 0 0 -350 0 -350 100 0 100 0 0 350 0 350 168 2 167 3 -334 345 c-184 190 -339 346 -346 348 -6 1 -162 -154 -347 -345z M2860 1352 l-335 -347 168 -3 167 -2 0 -350 0 -350 100 0 100 0 0 350 0 350 145 0 145 0 0 -350 0 -350 100 0 100 0 0 350 0 350 169 2 169 3 -333 345 c-183 190 -339 346 -347 347 -7 1 -164 -154 -348 -345z M1610 1050 l0 -350 -170 -2 -171 -3 336 -347 c185 -192 340 -348 345 -348 5 0 160 156 345 348 l336 347 -170 3 -171 2 0 350 0 350 -95 0 -95 0 0 -350 0 -350 -150 0 -150 0 0 350 0 350 -95 0 -95 0 0 -350z"/></g></svg>
  <svg x='495' y='507'><g transform="translate(-0.000223836172357,22.7560476437) scale(0.00989189550009,-0.00991168243272)"><path class="sym-fill" fill="white" d="M1438 1973 l-108 -108 -68 68 -67 67 -103 -103 -102 -102 67 -68 68 -67 -413 -413 -412 -412 275 -275 275 -275 413 413 412 412 68 -67 67 -68 102 102 103 103 -68 68 -67 67 110 110 110 110 0 272 0 273 -278 0 -277 0 -107 -107z"/><path class="sym-line" fill="black" d="M1327 2142 l-137 -137 70 -70 70 -70 113 113 113 112 269 -2 270 -3 3 -275 2 -274 -110 -111 -110 -110 70 -70 70 -70 140 140 140 140 0 412 0 413 -418 0 -417 0 -138 -138z M495 1310 l-480 -480 415 -415 415 -415 482 482 483 483 -70 70 -70 70 -413 -413 -412 -412 -275 275 -275 275 413 413 412 412 -68 68 c-37 37 -70 67 -72 67 -3 0 -221 -216 -485 -480z"/></g></svg>
  <svg x='495' y='504'><g transform="translate(0.0,15.0) scale(0.01,-0.01)"><path class="sym-fill" fill="white" d="M200 750 l0 -550 300 0 300 0 0 550 0 550 -300 0 -300 0 0 -550z"/><path class="sym-line" fill="black" d="M0 750 l0 -750 750 0 750 0 0 750 0 750 -750 0 -750 0 0 -750z m800 0 l0 -550 -300 0 -300 0 0 550 0 550 300 0 300 0 0 -550z"/></g></svg>
  <svg x='482' y='508'><g transform="translate(-0.221878406359,10.7500002304) scale(0.0103429235226,-0.00963778430032)"><path class="sym-line" fill="black" d="M430 895 l0 -205 -37 23 c-21 13 -95 61 -165 105 l-128 82 -36 -71 c-19 -40 -32 -75 -27 -79 4 -3 74 -48 156 -99 81 -51 147 -97 147 -101 0 -4 -66 -50 -147 -101 -82 -51 -152 -96 -156 -99 -5 -4 8 -39 27 -79 l36 -71 128 82 c70 44 144 92 165 105 l37 23 0 -205 0 -205 70 0 70 0 0 205 0 205 38 -23 c20 -13 94 -61 164 -105 l128 -82 36 71 c19 40 32 75 27 79 -4 3 -74 48 -155 99 -82 51 -148 97 -148 101 0 4 66 50 148 101 81 51 151 96 155 99 5 4 -8 39 -27 79 l-36 71 -128 -82 c-70 -44 -144 -92 -164 -105 l-38 -23 0 205 0 205 -70 0 -70 0 0 -205z"/></g></svg>
  <svg x='501' y='557'><g transform="translate(-0.0476529550967,26.8032243438) scale(0.00995782523761,-0.00990721451717)"><path class="sym-fill" fill="white" d="M1047 1022 l-187 -187 285 -285 285 -285 190 190 190 190 -282 282 c-156 156 -285 283 -288 283 -3 0 -90 -84 -193 -188z"/><path class="sym-line" fill="black" d="M597 2622 l-67 -67 385 -385 385 -385 67 68 68 67 -385 385 -385 385 -68 -68z M87 2492 l-67 -67 480 -480 480 -480 70 70 70 70 -477 477 c-263 263 -480 478 -483 478 -3 0 -36 -30 -73 -68z M1075 1320 l-480 -480 418 -417 417 -418 480 480 480 480 -418 418 -417 417 -480 -480z m455 -385 l285 -285 -193 -192 -192 -193 -287 287 -288 288 190 190 c104 104 192 190 195 190 3 0 133 -128 290 -285z"/></g></svg>
  <svg x='491' y='558'><g transform="translate(0.0504151578173,26.8032243438) scale(0.00995782523761,-0.00990721451717)"><path class="sym-fill" fill="white" d="M872 927 l-282 -282 190 -190 190 -190 285 285 285 285 -187 187 c-103 104 -190 188 -193 188 -3 0 -132 -127 -288 -283z"/><path class="sym-line" fill="black" d="M1350 2305 l-385 -385 68 -67 67 -68 385 385 385 385 -68 68 -67 67 -385 -385z M1757 2082 l-477 -477 70 -70 70 -70 480 480 480 480 -67 67 c-37 38 -70 68 -73 68 -3 0 -220 -215 -483 -478z M427 1382 l-417 -417 480 -480 480 -480 417 418 418 417 -480 480 -480 480 -418 -418z m928 -352 l190 -190 -288 -288 -287 -287 -192 193 -193 192 285 285 c157 157 287 285 290 285 3 0 91 -86 195 -190z"/></g></svg>
  <svg x='503' y='543'><g transform="translate(-0.221878406359,10.7500002304) scale(0.0103429235226,-0.00963778430032)"><path class="sym-line" fill="black" d="M430 895 l0 -205 -37 23 c-21 13 -95 61 -165 105 l-128 82 -36 -71 c-19 -40 -32 -75 -27 -79 4 -3 74 -48 156 -99 81 -51 147 -97 147 -101 0 -4 -66 -50 -147 -101 -82 -51 -152 -96 -156 -99 -5 -4 8 -39 27 -79 l36 -71 128 82 c70 44 144 92 165 105 l37 23 0 -205 0 -205 70 0 70 0 0 205 0 205 38 -23 c20 -13 94 -61 164 -105 l128 -82 36 71 c19 40 32 75 27 79 -4 3 -74 48 -155 99 -82 51 -148 97 -148 101 0 4 66 50 148 101 81 51 151 96 155 99 5 4 -8 39 -27 79 l-36 71 -128 -82 c-70 -44 -144 -92 -164 -105 l-38 -23 0 205 0 205 -70 0 -70 0 0 -205z"/></g></svg>
  <svg x='528' y='563'><g transform="translate(0.19771666078,14.8166212841) scale(0.00987298050474,-0.00978416614293)"><path class="sym-line" fill="black" d="M335 1153 l-340 -348 139 -3 139 -3 202 208 201 207 205 -207 204 -208 142 3 142 3 -336 345 c-185 190 -341 346 -348 348 -6 1 -164 -154 -350 -345z M2868 1152 l-337 -347 137 -3 137 -3 203 208 204 208 202 -208 202 -208 144 3 145 3 -339 348 c-187 191 -344 347 -350 346 -6 0 -163 -156 -348 -347z M1850 1050 l0 -350 100 0 100 0 0 350 0 350 -100 0 -100 0 0 -350z M580 450 l0 -350 100 0 100 0 0 350 0 350 -100 0 -100 0 0 -350z M3120 450 l0 -350 100 0 100 0 0 350 0 350 -100 0 -100 0 0 -350z M1589 361 c182 -186 338 -345 347 -352 15 -12 56 26 359 336 l343 350 -143 3 -143 3 -205 -208 -204 -207 -170 175 c-94 96 -183 189 -198 207 l-27 32 -145 0 -145 0 331 -339z"/></g></svg>
</svg>