<svg version='1.1' xmlns='http://www.w3.org/2000/svg' width='133' height='73' viewBox='434 464 133 73'>
  <text font-size='0'>M567x537S1dc20470x482S1dc28435x483S21600476x469S21600445x469S26504479x521S26514434x522S15a37540x505S17740547x484S22a00553x464</text>
  <svg x='470' y='482'><g transform="translate(0.0,30.0) scale(0.01,-0.01)"><path class="sym-line" fill="black" d="M900 1900 l0 -1100 -450 0 -450 0 0 -100 0 -100 450 0 450 0 0 -300 0 -300 750 0 750 0 0 750 0 750 -650 0 -650 0 0 750 0 750 -100 0 -100 0 0 -1100z"/></g></svg>
  <svg x='435' y='483'><g transform="translate(0.0,30.0) scale(0.01,-0.01)"><path class="sym-line" fill="black" d="M1300 2250 l0 -750 -650 0 -650 0 0 -750 0 -750 750 0 750 0 0 300 0 300 450 0 450 0 0 100 0 100 -450 0 -450 0 0 1100 0 1100 -100 0 -100 0 0 -750z"/></g></svg>
  <svg x='476' y='469'><g transform="translate(0.149834234299,7.75047623956) scale(0.00950047578505,-0.00951302738823)"><path class="sym-line" fill="black" d="M280 782 c-174 -65 -280 -209 -280 -382 0 -218 182 -400 400 -400 218 0 400 182 400 400 0 173 -114 326 -284 383 -63 22 -177 21 -236 -1z"/></g></svg>
  <svg x='445' y='469'><g transform="translate(0.149834234299,7.75047623956) scale(0.00950047578505,-0.00951302738823)"><path class="sym-line" fill="black" d="M280 782 c-174 -65 -280 -209 -280 -382 0 -218 182 -400 400 -400 218 0 400 182 400 400 0 173 -114 326 -284 383 -63 22 -177 21 -236 -1z"/></g></svg>
  <svg x='479' y='521'><g transform="translate(0.199517282911,14.7025292494) scale(0.00964541675618,-0.00970272783292)"><path class="sym-line" fill="black" d="M600 1100 l0 -400 -302 0 -303 0 353 -352 352 -353 352 353 353 352 -303 0 -302 0 0 400 0 400 -100 0 -100 0 0 -400z"/></g></svg>
  <svg x='434' y='522'><g transform="translate(0.199517282911,14.7025292494) scale(0.00964541675618,-0.00970272783292)"><path class="sym-fill" fill="white" d="M473 373 l227 -228 227 228 228 227 -455 0 -455 0 228 -227z"/><path class="sym-line" fill="black" d="M600 1100 l0 -400 -302 0 -303 0 353 -352 352 -353 352 353 353 352 -303 0 -302 0 0 400 0 400 -100 0 -100 0 0 -400z m327 -727 l-227 -228 -227 228 -228 227 455 0 455 0 -228 -227z"/></g></svg>
  <svg x='540' y='505'><g transform="translate(-0.000223836172357,22.7560476437) scale(0.00989189550009,-0.00991168243272)"><path class="sym-fill" fill="white" d="M1438 1973 l-108 -108 -68 68 -67 67 -103 -103 -102 -102 67 -68 68 -67 -413 -413 -412 -412 275 -275 275 -275 413 413 412 412 68 -67 67 -68 102 102 103 103 -68 68 -67 67 110 110 110 110 0 272 0 273 -278 0 -277 0 -107 -107z"/><path class="sym-line" fill="black" d="M1327 2142 l-137 -137 70 -70 70 -70 113 113 113 112 269 -2 270 -3 3 -275 2 -274 -110 -111 -110 -110 70 -70 70 -70 140 140 140 140 0 412 0 413 -418 0 -417 0 -138 -138z M495 1310 l-480 -480 415 -415 415 -415 482 482 483 483 -70 70 -70 70 -413 -413 -412 -412 -275 275 -275 275 413 413 412 412 -68 68 c-37 37 -70 67 -72 67 -3 0 -221 -216 -485 -480z"/></g></svg>
  <svg x='547' y='484'><g transform="translate(0.143629124375,14.7505211307) scale(0.00980303743091,-0.00973472242044)"><path class="sym-fill" fill="white" d="M1300 750 l0 -650 150 0 150 0 0 650 0 650 -150 0 -150 0 0 -650z"/><path class="sym-line" fill="black" d="M900 1485 c-333 -49 -557 -155 -720 -341 -193 -221 -235 -524 -102 -730 135 -209 391 -325 880 -399 l42 -7 0 101 0 100 -32 5 c-18 3 -69 10 -113 17 -250 36 -452 146 -522 283 -22 43 -25 59 -21 121 9 139 99 252 264 331 90 43 267 95 372 109 l52 7 0 209 c0 115 -3 208 -7 208 -5 -1 -46 -7 -93 -14z M1200 750 l0 -750 400 0 400 0 0 750 0 750 -400 0 -400 0 0 -750z m400 0 l0 -650 -150 0 -150 0 0 650 0 650 150 0 150 0 0 -650z"/></g></svg>
  <svg x='553' y='464'><g transform="translate(0.043463926586,14.7505211307) scale(0.00985915292844,-0.00973472242044)"><path class="sym-fill" fill="white" d="M510 400 l0 -400 140 0 140 0 0 400 0 400 -140 0 -140 0 0 -400z"/><path class="sym-line" fill="black" d="M326 1153 l-315 -348 160 -3 159 -2 0 -400 0 -400 90 0 90 0 0 400 0 400 140 0 140 0 0 -400 0 -400 90 0 90 0 0 400 0 400 159 2 160 3 -315 348 c-174 191 -319 347 -324 347 -5 0 -150 -156 -324 -347z"/></g></svg>
</svg>