<svg version='1.1' xmlns='http://www.w3.org/2000/svg' width='103' height='167' viewBox='464 474 103 167'>
  <text font-size='0'>M567x641S2ff00482x482S20500524x498S16d10517x474S20356496x541S37806464x547S37806466x626S20356497x619S2f900499x560S2f900499x636S14404509x585S2d80a533x602</text>
  <svg x='482' y='482'><g transform="translate(0.149874875465,34.7500790925) scale(0.00988906872676,-0.00988956850125)"><path class="sym-line" fill="black" d="M1528 3484 c-592 -92 -1088 -447 -1348 -963 -125 -249 -180 -485 -180 -771 0 -480 183 -911 529 -1242 350 -336 780 -508 1271 -508 451 0 864 150 1193 434 326 281 517 620 591 1051 21 121 21 409 0 530 -43 252 -114 444 -237 639 -282 453 -741 750 -1284 831 -127 19 -413 18 -535 -1z m607 -173 c583 -126 1038 -523 1224 -1069 59 -173 75 -277 75 -492 0 -165 -3 -211 -22 -300 -71 -327 -228 -611 -458 -829 -186 -177 -381 -295 -614 -374 -176 -60 -282 -78 -490 -84 -247 -7 -416 19 -628 97 -549 201 -944 674 -1043 1250 -17 97 -17 383 0 480 99 576 495 1050 1043 1250 105 38 177 58 303 81 143 26 467 21 610 -10z"/></g></svg>
  <svg x='524' y='498'><g transform="translate(-0.221878406359,10.7500002304) scale(0.0103429235226,-0.00963778430032)"><path class="sym-line" fill="black" d="M430 895 l0 -205 -37 23 c-21 13 -95 61 -165 105 l-128 82 -36 -71 c-19 -40 -32 -75 -27 -79 4 -3 74 -48 156 -99 81 -51 147 -97 147 -101 0 -4 -66 -50 -147 -101 -82 -51 -152 -96 -156 -99 -5 -4 8 -39 27 -79 l36 -71 128 82 c70 44 144 92 165 105 l37 23 0 -205 0 -205 70 0 70 0 0 205 0 205 38 -23 c20 -13 94 -61 164 -105 l128 -82 36 71 c19 40 32 75 27 79 -4 3 -74 48 -155 99 -82 51 -148 97 -148 101 0 4 66 50 148 101 81 51 151 96 155 99 5 4 -8 39 -27 79 l-36 71 -128 -82 c-70 -44 -144 -92 -164 -105 l-38 -23 0 205 0 205 -70 0 -70 0 0 -205z"/></g></svg>
  <svg x='517' y='474'><g transform="translate(0.180759557901,19.7524059778) scale(0.00975093803673,-0.00984567638089)"><path class="sym-fill" fill="white" d="M1000 994 l0 -886 43 7 c69 11 138 34 197 64 l55 28 3 787 2 786 -32 20 c-40 25 -209 80 -243 80 l-25 0 0 -886z"/><path class="sym-line" fill="black" d="M665 1984 c-138 -28 -274 -87 -370 -161 -102 -79 -200 -219 -246 -350 -26 -76 -49 -184 -49 -234 l0 -39 105 0 105 0 0 29 c0 71 53 160 130 216 102 75 283 130 467 142 l93 6 0 -691 0 -692 -78 0 c-239 0 -482 72 -603 179 -50 44 -109 144 -109 185 0 25 -2 26 -56 26 l-57 0 5 -69 c10 -135 103 -277 240 -364 161 -103 411 -166 660 -167 347 0 578 136 713 421 71 152 78 196 83 559 4 350 -1 411 -45 533 -82 229 -266 388 -528 458 -104 28 -354 35 -460 13z m425 -114 c30 -7 90 -28 133 -48 l77 -35 0 -791 0 -792 -67 -32 c-69 -33 -169 -62 -210 -62 l-23 0 0 891 c0 843 1 890 18 886 9 -3 42 -11 72 -17z"/></g></svg>
  <svg x='496' y='541'><g transform="translate(0.0,15.0) scale(0.01,-0.01)"><path class="sym-fill" fill="white" d="M800 750 l0 -750 150 0 150 0 0 750 0 750 -150 0 -150 0 0 -750z"/><path class="sym-line" fill="black" d="M0 750 l0 -750 400 0 400 0 0 750 0 750 -400 0 -400 0 0 -750z M1100 750 l0 -750 200 0 200 0 0 750 0 750 -200 0 -200 0 0 -750z"/></g></svg>
  <svg x='464' y='547'><g transform="translate(0.0,2.0) scale(0.01,-0.01)"><path class="sym-line" fill="black" d="M0 100 l0 -100 1600 0 1600 0 0 100 0 100 -1600 0 -1600 0 0 -100z"/></g></svg>
  <svg x='466' y='626'><g transform="translate(0.0,2.0) scale(0.01,-0.01)"><path class="sym-line" fill="black" d="M0 100 l0 -100 1600 0 1600 0 0 100 0 100 -1600 0 -1600 0 0 -100z"/></g></svg>
  <svg x='497' y='619'><g transform="translate(0.0,15.0) scale(0.01,-0.01)"><path class="sym-fill" fill="white" d="M800 750 l0 -750 150 0 150 0 0 750 0 750 -150 0 -150 0 0 -750z"/><path class="sym-line" fill="black" d="M0 750 l0 -750 400 0 400 0 0 750 0 750 -400 0 -400 0 0 -750z M1100 750 l0 -750 200 0 200 0 0 750 0 750 -200 0 -200 0 0 -750z"/></g></svg>
  <svg x='499' y='560'><g transform="translate(0.180786096011,4.75000053092) scale(0.00958087152387,-0.00920312606184)"><path class="sym-line" fill="black" d="M245 488 c-55 -20 -116 -69 -150 -121 -45 -68 -84 -193 -92 -289 l-6 -78 107 0 106 0 0 40 c0 57 36 145 71 175 37 30 91 33 131 7 15 -10 53 -49 85 -87 82 -98 136 -129 231 -134 87 -4 139 9 200 51 86 59 157 215 169 371 l6 77 -107 0 -106 0 0 -40 c0 -57 -36 -145 -71 -175 -37 -30 -91 -33 -131 -7 -15 10 -53 49 -85 87 -32 38 -81 83 -107 100 -44 27 -59 30 -135 32 -47 1 -99 -3 -116 -9z"/></g></svg>
  <svg x='499' y='636'><g transform="translate(0.180786096011,4.75000053092) scale(0.00958087152387,-0.00920312606184)"><path class="sym-line" fill="black" d="M245 488 c-55 -20 -116 -69 -150 -121 -45 -68 -84 -193 -92 -289 l-6 -78 107 0 106 0 0 40 c0 57 36 145 71 175 37 30 91 33 131 7 15 -10 53 -49 85 -87 82 -98 136 -129 231 -134 87 -4 139 9 200 51 86 59 157 215 169 371 l6 77 -107 0 -106 0 0 -40 c0 -57 -36 -145 -71 -175 -37 -30 -91 -33 -131 -7 -15 10 -53 49 -85 87 -32 38 -81 83 -107 100 -44 27 -59 30 -135 32 -47 1 -99 -3 -116 -9z"/></g></svg>
  <svg x='509' y='585'><g transform="translate(0.027672149304,30.7516384396) scale(0.00985204675947,-0.00987200030311)"><path class="sym-fill" fill="white" d="M300 2650 l0 -250 350 0 350 0 0 -150 0 -150 -350 0 -350 0 0 -208 0 -207 250 -250 250 -250 250 250 250 250 0 607 0 608 -500 0 -500 0 0 -250z"/><path class="sym-line" fill="black" d="M100 2348 l0 -753 97 -97 97 -97 -138 -518 c-77 -285 -141 -525 -143 -534 -4 -12 17 -21 97 -43 56 -15 103 -26 104 -24 1 2 58 212 125 468 68 256 125 467 127 470 3 2 56 -47 119 -110 l115 -115 0 -497 0 -498 100 0 100 0 0 498 0 497 115 115 c63 63 116 112 119 110 2 -3 59 -214 127 -470 67 -256 124 -466 125 -468 1 -2 48 9 104 24 80 22 101 31 97 43 -2 9 -66 249 -143 534 l-138 517 74 75 75 75 300 -300 300 -300 75 75 75 75 -353 353 -352 352 0 648 0 647 -700 0 -700 0 0 -752z m1199 -55 l0 -608 -250 -255 -249 -255 -249 255 -250 255 0 208 -1 207 350 0 350 0 0 150 0 150 -350 0 -350 0 0 250 0 250 500 0 500 0 -1 -607z"/></g></svg>
  <svg x='533' y='602'><g transform="translate(0.197475889175,26.6999810561) scale(0.00988258136623,-0.00983390502079)"><path class="sym-line" fill="black" d="M500 2601 l0 -100 1093 -3 c1211 -4 1134 0 1277 -71 88 -43 214 -169 257 -257 59 -119 67 -170 67 -420 0 -250 -8 -301 -67 -420 -43 -88 -169 -214 -257 -257 -141 -70 -83 -67 -1127 -71 l-943 -3 0 303 0 303 -402 -403 -403 -402 403 -402 402 -403 0 302 0 302 938 4 c1064 3 972 -4 1167 92 185 92 308 214 400 400 90 182 90 184 90 605 l0 365 -27 80 c-46 132 -101 220 -202 321 -101 101 -189 156 -321 202 l-80 27 -1132 3 -1133 2 0 -99z"/></g></svg>
</svg>