<svg version='1.1' xmlns='http://www.w3.org/2000/svg' width='133' height='66' viewBox='437 483 133 66'>
  <text font-size='0'>M570x549S32a00482x483S20310500x520S16d18437x524S26606519x518S26612458x528S20500508x538S16d10553x514S20318490x528</text>
  <svg x='482' y='483'><g transform="translate(0.102309309327,34.7500790925) scale(0.00989759602414,-0.00988956850125)"><path class="sym-line" fill="black" d="M1528 3484 c-389 -61 -720 -223 -999 -492 -253 -243 -424 -550 -501 -902 -20 -93 -23 -132 -23 -340 0 -208 3 -247 23 -340 107 -490 401 -899 832 -1157 281 -168 596 -253 940 -253 180 0 310 16 475 59 623 163 1109 640 1274 1251 70 259 70 621 0 880 -92 342 -281 639 -556 876 -258 223 -577 366 -930 419 -127 19 -413 18 -535 -1z m607 -173 c318 -69 584 -209 819 -432 81 -76 206 -226 206 -246 0 -4 -15 -18 -33 -29 -193 -125 -361 -362 -424 -599 -23 -88 -26 -119 -26 -255 0 -136 3 -167 26 -255 63 -237 231 -474 424 -599 18 -11 33 -25 33 -29 0 -20 -125 -170 -206 -246 -235 -223 -502 -363 -819 -431 -142 -31 -430 -39 -575 -16 -351 56 -629 188 -886 421 -77 70 -234 252 -234 271 0 5 20 21 44 37 115 72 263 242 333 381 180 356 143 766 -97 1084 -65 87 -167 186 -236 229 -24 16 -44 32 -44 37 0 19 157 201 234 271 248 225 512 354 851 416 143 26 467 21 610 -10z"/></g></svg>
  <svg x='500' y='520'><g transform="translate(0.0,15.0) scale(0.01,-0.01)"><path class="sym-fill" fill="white" d="M200 750 l0 -550 300 0 300 0 0 550 0 550 -300 0 -300 0 0 -550z"/><path class="sym-line" fill="black" d="M0 750 l0 -750 750 0 750 0 0 750 0 750 -750 0 -750 0 0 -750z m800 0 l0 -550 -300 0 -300 0 0 550 0 550 300 0 300 0 0 -550z"/></g></svg>
  <svg x='437' y='524'><g transform="translate(0.140680065291,19.7447764976) scale(0.00975323237509,-0.00980219165214)"><path class="sym-fill" fill="white" d="M555 1850 c-49 -16 -105 -39 -123 -50 l-32 -20 2 -786 3 -787 55 -28 c59 -30 128 -53 198 -64 l42 -7 0 886 0 886 -27 0 c-16 -1 -68 -14 -118 -30z"/><path class="sym-line" fill="black" d="M620 1981 c-101 -24 -144 -38 -215 -74 -177 -88 -294 -216 -358 -394 -44 -122 -49 -183 -45 -533 4 -296 6 -332 26 -405 71 -259 227 -442 447 -524 222 -83 575 -64 844 46 227 93 366 252 379 434 l5 69 -57 0 c-54 0 -56 -1 -56 -26 0 -41 -59 -141 -109 -185 -121 -107 -364 -179 -603 -179 l-78 0 0 692 0 691 93 -6 c184 -12 365 -67 467 -142 77 -56 130 -145 130 -216 l0 -29 105 0 105 0 0 39 c0 89 -46 248 -101 352 -110 206 -311 344 -574 394 -108 20 -308 18 -405 -4z m80 -981 l0 -890 -23 0 c-41 0 -141 29 -209 62 l-68 32 0 791 0 792 73 34 c58 26 179 64 220 68 4 1 7 -399 7 -889z"/></g></svg>
  <svg x='519' y='518'><g transform="translate(0.150646944493,15.6976811299) scale(0.00985046527537,-0.00968799012796)"><path class="sym-line" fill="black" d="M2200 1252 l0 -352 -1100 0 -1100 0 0 -100 0 -100 1100 0 1100 0 0 -352 0 -353 402 403 403 402 -403 402 -402 403 0 -353z"/></g></svg>
  <svg x='458' y='528'><g transform="translate(0.198281300516,15.7010613696) scale(0.00985046527537,-0.00972038991848)"><path class="sym-fill" fill="white" d="M420 1075 l-275 -275 278 -278 277 -277 0 553 c0 303 -1 552 -3 552 -1 0 -126 -124 -277 -275z"/><path class="sym-line" fill="black" d="M395 1200 l-400 -400 403 -403 402 -402 0 353 0 352 1100 0 1100 0 0 100 0 100 -1100 0 -1100 0 -2 350 -3 350 -400 -400z m305 -402 l0 -553 -277 277 -278 278 275 275 c151 151 276 275 277 275 2 0 3 -249 3 -552z"/></g></svg>
  <svg x='508' y='538'><g transform="translate(-0.221878406359,10.7500002304) scale(0.0103429235226,-0.00963778430032)"><path class="sym-line" fill="black" d="M430 895 l0 -205 -37 23 c-21 13 -95 61 -165 105 l-128 82 -36 -71 c-19 -40 -32 -75 -27 -79 4 -3 74 -48 156 -99 81 -51 147 -97 147 -101 0 -4 -66 -50 -147 -101 -82 -51 -152 -96 -156 -99 -5 -4 8 -39 27 -79 l36 -71 128 82 c70 44 144 92 165 105 l37 23 0 -205 0 -205 70 0 70 0 0 205 0 205 38 -23 c20 -13 94 -61 164 -105 l128 -82 36 71 c19 40 32 75 27 79 -4 3 -74 48 -155 99 -82 51 -148 97 -148 101 0 4 66 50 148 101 81 51 151 96 155 99 5 4 -8 39 -27 79 l-36 71 -128 -82 c-70 -44 -144 -92 -164 -105 l-38 -23 0 205 0 205 -70 0 -70 0 0 -205z"/></g></svg>
  <svg x='553' y='514'><g transform="translate(0.180759557901,19.7524059778) scale(0.00975093803673,-0.00984567638089)"><path class="sym-fill" fill="white" d="M1000 994 l0 -886 43 7 c69 11 138 34 197 64 l55 28 3 787 2 786 -32 20 c-40 25 -209 80 -243 80 l-25 0 0 -886z"/><path class="sym-line" fill="black" d="M665 1984 c-138 -28 -274 -87 -370 -161 -102 -79 -200 -219 -246 -350 -26 -76 -49 -184 -49 -234 l0 -39 105 0 105 0 0 29 c0 71 53 160 130 216 102 75 283 130 467 142 l93 6 0 -691 0 -692 -78 0 c-239 0 -482 72 -603 179 -50 44 -109 144 -109 185 0 25 -2 26 -56 26 l-57 0 5 -69 c10 -135 103 -277 240 -364 161 -103 411 -166 660 -167 347 0 578 136 713 421 71 152 78 196 83 559 4 350 -1 411 -45 533 -82 229 -266 388 -528 458 -104 28 -354 35 -460 13z m425 -114 c30 -7 90 -28 133 -48 l77 -35 0 -791 0 -792 -67 -32 c-69 -33 -169 -62 -210 -62 l-23 0 0 891 c0 843 1 890 18 886 9 -3 42 -11 72 -17z"/></g></svg>
  <svg x='490' y='528'><g transform="translate(0.0,15.0) scale(0.01,-0.01)"><path class="sym-fill" fill="white" d="M700 750 l0 -550 300 0 300 0 0 550 0 550 -300 0 -300 0 0 -550z"/><path class="sym-line" fill="black" d="M0 750 l0 -750 750 0 750 0 0 750 0 750 -750 0 -750 0 0 -750z m1300 0 l0 -550 -300 0 -300 0 0 550 0 550 300 0 300 0 0 -550z"/></g></svg>
</svg>