<svg version='1.1' xmlns='http://www.w3.org/2000/svg' width='142' height='77' viewBox='429 462 142 77'>
  <text font-size='0'>M571x539S20305444x502S3770b429x517S18717442x514S20303489x499S20303548x501S3770b473x514S3770b532x516S18810504x506S18717547x512S20500536x510S28100489x462S20500430x511</text>
  <svg x='444' y='502'><g transform="translate(0.0997015518904,20.7485491077) scale(0.00981057662724,-0.00980957695607)"><path class="sym-fill" fill="white" d="M675 1430 l-380 -380 380 -380 380 -380 380 380 380 380 -380 380 -380 380 -380 -380z"/><path class="sym-line" fill="black" d="M530 1575 l-525 -525 525 -525 525 -525 525 525 525 525 -525 525 -525 525 -525 -525z m915 -905 c-209 -209 -384 -380 -390 -380 -6 0 -181 171 -390 380 l-380 380 385 385 385 385 385 -385 385 -385 -380 -380z"/></g></svg>
  <svg x='429' y='517'><g transform="translate(-0.981442752515,22.333772324) scale(0.0107782670044,-0.0103182059236)"><path class="sym-line" fill="black" d="M1024 1185 c-505 -531 -919 -971 -919 -979 0 -7 31 -46 69 -86 51 -55 72 -71 83 -64 8 5 428 443 933 973 l919 965 -72 75 c-39 42 -76 77 -82 79 -6 1 -425 -432 -931 -963z"/></g></svg>
  <svg x='442' y='514'><g transform="translate(0.015285399701,23.8156666071) scale(0.00993020844231,-0.00990082763601)"><path class="sym-fill" fill="white" d="M693 1360 c-172 -31 -330 -145 -411 -298 -40 -74 -72 -196 -72 -271 1 -128 58 -288 134 -376 l35 -40 412 412 413 412 -25 21 c-128 112 -326 168 -486 140z"/><path class="sym-line" fill="black" d="M1140 1941 l0 -448 -102 35 c-98 34 -109 36 -238 36 -111 0 -149 -4 -214 -22 -268 -77 -463 -270 -547 -542 -31 -98 -34 -308 -6 -410 73 -269 275 -476 542 -556 118 -35 298 -37 416 -6 224 60 412 216 509 425 90 191 96 450 14 635 l-23 52 450 0 449 0 0 100 0 100 -447 0 -448 0 445 445 445 445 -70 70 c-38 38 -74 70 -80 70 -5 0 -207 -197 -447 -437 l-438 -438 0 448 0 447 -105 0 -105 0 0 -449z m-211 -586 c75 -18 184 -73 238 -120 l38 -34 -413 -413 -413 -413 -40 44 c-135 150 -169 410 -79 606 54 119 157 227 273 287 105 53 274 71 396 43z"/></g></svg>
  <svg x='489' y='499'><g transform="translate(0.151481913954,20.7060077739) scale(0.00980871680229,-0.00983291001503)"><path class="sym-fill" fill="white" d="M667 1422 l-377 -377 380 -380 380 -380 380 380 380 380 -377 377 c-208 208 -380 378 -383 378 -3 0 -175 -170 -383 -378z"/><path class="sym-line" fill="black" d="M522 1567 l-522 -522 525 -525 525 -525 525 525 525 525 -522 522 c-288 288 -525 523 -528 523 -3 0 -240 -235 -528 -523z m910 -134 c208 -208 378 -382 378 -388 0 -6 -171 -181 -380 -390 l-380 -380 -385 385 -385 385 382 382 c211 211 385 383 388 383 3 0 175 -170 382 -377z"/></g></svg>
  <svg x='548' y='501'><g transform="translate(0.151481913954,20.7060077739) scale(0.00980871680229,-0.00983291001503)"><path class="sym-fill" fill="white" d="M667 1422 l-377 -377 380 -380 380 -380 380 380 380 380 -377 377 c-208 208 -380 378 -383 378 -3 0 -175 -170 -383 -378z"/><path class="sym-line" fill="black" d="M522 1567 l-522 -522 525 -525 525 -525 525 525 525 525 -522 522 c-288 288 -525 523 -528 523 -3 0 -240 -235 -528 -523z m910 -134 c208 -208 378 -382 378 -388 0 -6 -171 -181 -380 -390 l-380 -380 -385 385 -385 385 382 382 c211 211 385 383 388 383 3 0 175 -170 382 -377z"/></g></svg>
  <svg x='473' y='514'><g transform="translate(-0.981442752515,22.333772324) scale(0.0107782670044,-0.0103182059236)"><path class="sym-line" fill="black" d="M1024 1185 c-505 -531 -919 -971 -919 -979 0 -7 31 -46 69 -86 51 -55 72 -71 83 -64 8 5 428 443 933 973 l919 965 -72 75 c-39 42 -76 77 -82 79 -6 1 -425 -432 -931 -963z"/></g></svg>
  <svg x='532' y='516'><g transform="translate(-0.981442752515,22.333772324) scale(0.0107782670044,-0.0103182059236)"><path class="sym-line" fill="black" d="M1024 1185 c-505 -531 -919 -971 -919 -979 0 -7 31 -46 69 -86 51 -55 72 -71 83 -64 8 5 428 443 933 973 l919 965 -72 75 c-39 42 -76 77 -82 79 -6 1 -425 -432 -931 -963z"/></g></svg>
  <svg x='504' y='506'><g transform="translate(-0.192323623572,28.7483836208) scale(0.00999053053414,-0.00986205038648)"><path class="sym-fill" fill="white" d="M950 750 l0 -650 145 0 145 0 0 650 0 650 -145 0 -145 0 0 -650z"/><path class="sym-line" fill="black" d="M1228 2243 l-3 -656 -194 354 c-107 195 -195 356 -197 358 -7 8 -175 -103 -170 -113 2 -6 87 -162 189 -346 l184 -335 -473 -3 -474 -2 0 -100 0 -100 380 0 380 0 0 -440 c0 -242 -2 -440 -6 -440 -3 0 -175 47 -384 105 -208 58 -380 105 -383 105 -11 0 -51 -190 -41 -199 5 -4 190 -59 411 -121 l403 -114 0 -98 0 -98 385 0 385 0 0 745 0 745 190 347 c105 191 189 352 186 358 -3 9 -122 87 -157 103 -4 2 -96 -160 -205 -359 l-199 -362 -3 661 -2 662 -100 0 -100 0 -2 -657z m12 -1493 l0 -650 -145 0 -145 0 0 650 0 650 145 0 145 0 0 -650z"/></g></svg>
  <svg x='547' y='512'><g transform="translate(0.015285399701,23.8156666071) scale(0.00993020844231,-0.00990082763601)"><path class="sym-fill" fill="white" d="M693 1360 c-172 -31 -330 -145 -411 -298 -40 -74 -72 -196 -72 -271 1 -128 58 -288 134 -376 l35 -40 412 412 413 412 -25 21 c-128 112 -326 168 -486 140z"/><path class="sym-line" fill="black" d="M1140 1941 l0 -448 -102 35 c-98 34 -109 36 -238 36 -111 0 -149 -4 -214 -22 -268 -77 -463 -270 -547 -542 -31 -98 -34 -308 -6 -410 73 -269 275 -476 542 -556 118 -35 298 -37 416 -6 224 60 412 216 509 425 90 191 96 450 14 635 l-23 52 450 0 449 0 0 100 0 100 -447 0 -448 0 445 445 445 445 -70 70 c-38 38 -74 70 -80 70 -5 0 -207 -197 -447 -437 l-438 -438 0 448 0 447 -105 0 -105 0 0 -449z m-211 -586 c75 -18 184 -73 238 -120 l38 -34 -413 -413 -413 -413 -40 44 c-135 150 -169 410 -79 606 54 119 157 227 273 287 105 53 274 71 396 43z"/></g></svg>
  <svg x='536' y='510'><g transform="translate(-0.221878406359,10.7500002304) scale(0.0103429235226,-0.00963778430032)"><path class="sym-line" fill="black" d="M430 895 l0 -205 -37 23 c-21 13 -95 61 -165 105 l-128 82 -36 -71 c-19 -40 -32 -75 -27 -79 4 -3 74 -48 156 -99 81 -51 147 -97 147 -101 0 -4 -66 -50 -147 -101 -82 -51 -152 -96 -156 -99 -5 -4 8 -39 27 -79 l36 -71 128 82 c70 44 144 92 165 105 l37 23 0 -205 0 -205 70 0 70 0 0 205 0 205 38 -23 c20 -13 94 -61 164 -105 l128 -82 36 71 c19 40 32 75 27 79 -4 3 -74 48 -155 99 -82 51 -148 97 -148 101 0 4 66 50 148 101 81 51 151 96 155 99 5 4 -8 39 -27 79 l-36 71 -128 -82 c-70 -44 -144 -92 -164 -105 l-38 -23 0 205 0 205 -70 0 -70 0 0 -205z"/></g></svg>
  <svg x='489' y='462'><g transform="translate(0.151673087215,28.7518184663) scale(0.00999447063925,-0.00986598293708)"><path class="sym-line" fill="black" d="M708 2566 c-181 -184 -328 -336 -328 -340 0 -3 128 -6 285 -6 l285 0 0 -315 0 -315 -22 -4 c-156 -32 -246 -62 -345 -116 -66 -36 -110 -67 -219 -155 l-31 -25 -167 170 -166 170 0 -385 0 -385 370 0 c234 0 370 4 370 10 0 5 -73 84 -163 176 l-162 167 52 46 c108 97 299 189 446 215 l37 7 0 -741 0 -740 100 0 100 0 0 745 0 745 33 -6 c176 -31 316 -86 432 -168 34 -25 110 -90 167 -145 l105 -100 37 38 37 38 -118 114 c-65 63 -145 132 -178 154 -136 90 -308 155 -447 170 l-68 7 0 314 0 314 284 2 285 3 -330 338 c-182 185 -336 337 -342 336 -7 0 -159 -150 -339 -333z"/></g></svg>
  <svg x='430' y='511'><g transform="translate(-0.221878406359,10.7500002304) scale(0.0103429235226,-0.00963778430032)"><path class="sym-line" fill="black" d="M430 895 l0 -205 -37 23 c-21 13 -95 61 -165 105 l-128 82 -36 -71 c-19 -40 -32 -75 -27 -79 4 -3 74 -48 156 -99 81 -51 147 -97 147 -101 0 -4 -66 -50 -147 -101 -82 -51 -152 -96 -156 -99 -5 -4 8 -39 27 -79 l36 -71 128 82 c70 44 144 92 165 105 l37 23 0 -205 0 -205 70 0 70 0 0 205 0 205 38 -23 c20 -13 94 -61 164 -105 l128 -82 36 71 c19 40 32 75 27 79 -4 3 -74 48 -155 99 -82 51 -148 97 -148 101 0 4 66 50 148 101 81 51 151 96 155 99 5 4 -8 39 -27 79 l-36 71 -128 -82 c-70 -44 -144 -92 -164 -105 l-38 -23 0 205 0 205 -70 0 -70 0 0 -205z"/></g></svg>
</svg>