<svg version='1.1' xmlns='http://www.w3.org/2000/svg' width='148' height='30' viewBox='426 485 148 30'>
  <text font-size='0'>M574x515S18520528x499S18528444x499S22110518x485S22110548x485S22110455x486S22110426x486S17720505x500S17728473x499</text>
  <svg x='528' y='499'><g transform="translate(0.0,15.0) scale(0.01,-0.01)"><path class="sym-line" fill="black" d="M0 1300 l0 -200 268 0 267 0 545 -502 545 -502 3 -48 3 -48 435 0 434 0 0 750 0 750 -1250 0 -1250 0 0 -200z m1630 -550 c0 -192 -2 -350 -5 -350 -6 0 -755 691 -755 696 0 2 171 4 380 4 l380 0 0 -350z"/></g></svg>
  <svg x='444' y='499'><g transform="translate(0.0,15.0) scale(0.01,-0.01)"><path class="sym-line" fill="black" d="M0 750 l0 -750 434 0 435 0 3 48 3 48 545 502 545 502 268 0 267 0 0 200 0 200 -1250 0 -1250 0 0 -750z m1590 306 c-25 -24 -197 -184 -382 -355 l-338 -311 0 355 0 355 382 0 383 0 -45 -44z"/></g></svg>
  <svg x='518' y='485'><g transform="translate(0.150751748454,6.77070779296) scale(0.0098452250773,-0.0097032077862)"><path class="sym-line" fill="black" d="M296 409 c-163 -149 -296 -275 -296 -279 0 -11 127 -130 140 -130 6 0 110 90 231 200 121 110 224 200 229 200 5 0 108 -90 229 -200 121 -110 225 -200 231 -200 13 0 140 119 140 130 0 10 -589 550 -600 550 -5 0 -141 -122 -304 -271z M1696 409 c-163 -149 -296 -275 -296 -279 0 -11 127 -130 140 -130 6 0 110 90 231 200 121 110 224 200 229 200 5 0 108 -90 229 -200 121 -110 225 -200 231 -200 13 0 140 119 140 130 0 10 -589 550 -600 550 -5 0 -141 -122 -304 -271z"/></g></svg>
  <svg x='548' y='485'><g transform="translate(0.150751748454,6.77070779296) scale(0.0098452250773,-0.0097032077862)"><path class="sym-line" fill="black" d="M296 409 c-163 -149 -296 -275 -296 -279 0 -11 127 -130 140 -130 6 0 110 90 231 200 121 110 224 200 229 200 5 0 108 -90 229 -200 121 -110 225 -200 231 -200 13 0 140 119 140 130 0 10 -589 550 -600 550 -5 0 -141 -122 -304 -271z M1696 409 c-163 -149 -296 -275 -296 -279 0 -11 127 -130 140 -130 6 0 110 90 231 200 121 110 224 200 229 200 5 0 108 -90 229 -200 121 -110 225 -200 231 -200 13 0 140 119 140 130 0 10 -589 550 -600 550 -5 0 -141 -122 -304 -271z"/></g></svg>
  <svg x='455' y='486'><g transform="translate(0.150751748454,6.77070779296) scale(0.0098452250773,-0.0097032077862)"><path class="sym-line" fill="black" d="M296 409 c-163 -149 -296 -275 -296 -279 0 -11 127 -130 140 -130 6 0 110 90 231 200 121 110 224 200 229 200 5 0 108 -90 229 -200 121 -110 225 -200 231 -200 13 0 140 119 140 130 0 10 -589 550 -600 550 -5 0 -141 -122 -304 -271z M1696 409 c-163 -149 -296 -275 -296 -279 0 -11 127 -130 140 -130 6 0 110 90 231 200 121 110 224 200 229 200 5 0 108 -90 229 -200 121 -110 225 -200 231 -200 13 0 140 119 140 130 0 10 -589 550 -600 550 -5 0 -141 -122 -304 -271z"/></g></svg>
  <svg x='426' y='486'><g transform="translate(0.150751748454,6.77070779296) scale(0.0098452250773,-0.0097032077862)"><path class="sym-line" fill="black" d="M296 409 c-163 -149 -296 -275 -296 -279 0 -11 127 -130 140 -130 6 0 110 90 231 200 121 110 224 200 229 200 5 0 108 -90 229 -200 121 -110 225 -200 231 -200 13 0 140 119 140 130 0 10 -589 550 -600 550 -5 0 -141 -122 -304 -271z M1696 409 c-163 -149 -296 -275 -296 -279 0 -11 127 -130 140 -130 6 0 110 90 231 200 121 110 224 200 229 200 5 0 108 -90 229 -200 121 -110 225 -200 231 -200 13 0 140 119 140 130 0 10 -589 550 -600 550 -5 0 -141 -122 -304 -271z"/></g></svg>
  <svg x='505' y='500'><g transform="translate(0.0,15.0) scale(0.01,-0.01)"><path class="sym-line" fill="black" d="M893 1484 c-282 -41 -496 -133 -651 -279 -159 -150 -241 -327 -242 -521 0 -135 42 -242 136 -343 151 -164 405 -269 773 -321 119 -17 195 -20 614 -20 l477 0 0 750 0 750 -507 -1 c-366 -1 -534 -5 -600 -15z m307 -835 l0 -442 -142 6 c-305 13 -512 78 -648 204 -77 71 -104 133 -98 223 11 151 140 285 349 361 133 48 330 86 462 88 l77 1 0 -441z"/></g></svg>
  <svg x='473' y='499'><g transform="translate(0.0,15.0) scale(0.01,-0.01)"><path class="sym-line" fill="black" d="M0 750 l0 -750 478 0 c418 0 494 3 613 20 368 52 622 157 773 321 94 101 136 208 136 343 -1 357 -281 656 -716 765 -179 45 -269 51 -791 51 l-493 0 0 -750z m1025 326 c288 -45 451 -112 562 -229 68 -72 95 -127 101 -207 6 -90 -21 -152 -98 -223 -136 -126 -343 -191 -647 -204 l-143 -6 0 442 0 441 68 0 c37 0 108 -7 157 -14z"/></g></svg>
</svg>