<svg version='1.1' xmlns='http://www.w3.org/2000/svg' width='154' height='75' viewBox='423 462 154 75'>
  <text font-size='0'>M577x537S20350503x510S20350485x510S20500497x526S14c57520x493S14c5f456x492S26607555x462S26611423x462S22521442x480S22527535x480</text>
  <svg x='503' y='510'><g transform="translate(0.0,15.0) scale(0.01,-0.01)"><path class="sym-fill" fill="white" d="M0 950 l0 -150 750 0 750 0 0 150 0 150 -750 0 -750 0 0 -150z"/><path class="sym-line" fill="black" d="M0 1300 l0 -200 750 0 750 0 0 200 0 200 -750 0 -750 0 0 -200z M0 400 l0 -400 750 0 750 0 0 400 0 400 -750 0 -750 0 0 -400z"/></g></svg>
  <svg x='485' y='510'><g transform="translate(0.0,15.0) scale(0.01,-0.01)"><path class="sym-fill" fill="white" d="M0 950 l0 -150 750 0 750 0 0 150 0 150 -750 0 -750 0 0 -150z"/><path class="sym-line" fill="black" d="M0 1300 l0 -200 750 0 750 0 0 200 0 200 -750 0 -750 0 0 -200z M0 400 l0 -400 750 0 750 0 0 400 0 400 -750 0 -750 0 0 -400z"/></g></svg>
  <svg x='497' y='526'><g transform="translate(-0.221878406359,10.7500002304) scale(0.0103429235226,-0.00963778430032)"><path class="sym-line" fill="black" d="M430 895 l0 -205 -37 23 c-21 13 -95 61 -165 105 l-128 82 -36 -71 c-19 -40 -32 -75 -27 -79 4 -3 74 -48 156 -99 81 -51 147 -97 147 -101 0 -4 -66 -50 -147 -101 -82 -51 -152 -96 -156 -99 -5 -4 8 -39 27 -79 l36 -71 128 82 c70 44 144 92 165 105 l37 23 0 -205 0 -205 70 0 70 0 0 205 0 205 38 -23 c20 -13 94 -61 164 -105 l128 -82 36 71 c19 40 32 75 27 79 -4 3 -74 48 -155 99 -82 51 -148 97 -148 101 0 4 66 50 148 101 81 51 151 96 155 99 5 4 -8 39 -27 79 l-36 71 -128 -82 c-70 -44 -144 -92 -164 -105 l-38 -23 0 205 0 205 -70 0 -70 0 0 -205z"/></g></svg>
  <svg x='520' y='493'><g transform="translate(-0.0515626425162,26.8533581039) scale(0.0100018242071,-0.00992571299309)"><path class="sym-line" fill="black" d="M1357 2313 c-54 -208 -100 -388 -103 -400 -6 -23 -5 -23 94 -23 l100 0 16 63 c50 191 168 664 170 676 1 9 -28 21 -84 37 -47 13 -88 24 -91 24 -3 0 -49 -170 -102 -377z M1997 2222 c-152 -160 -277 -293 -277 -296 0 -3 29 -6 65 -6 l64 0 3 -68 3 -68 185 194 c102 106 227 238 278 292 l93 99 -68 72 -68 71 -278 -290z M410 1559 c0 -187 3 -339 8 -337 4 2 46 44 95 94 l87 90 0 247 0 247 -95 0 -95 0 0 -341z M639 1333 c-260 -274 -506 -532 -546 -574 l-73 -75 321 -337 c176 -185 325 -337 330 -337 5 0 254 258 554 573 l545 572 0 338 0 337 -329 0 -329 0 -473 -497z M2220 1614 c-162 -46 -312 -89 -332 -94 l-38 -11 0 -105 c0 -81 3 -105 13 -102 6 3 170 49 362 103 193 54 352 100 354 101 8 6 -44 194 -53 193 -6 -1 -144 -39 -306 -85z M1669 933 c-41 -43 -83 -88 -93 -100 l-19 -23 396 0 397 0 0 100 0 100 -303 0 -302 0 -76 -77z"/></g></svg>
  <svg x='456' y='492'><g transform="translate(-0.0554674755118,26.8844421949) scale(0.0100018126054,-0.00994152334566)"><path class="sym-line" fill="black" d="M1045 2665 c-53 -15 -80 -27 -79 -36 2 -12 120 -484 170 -676 l16 -63 100 0 c99 0 100 0 94 23 -3 12 -49 192 -102 400 -55 214 -102 377 -108 376 -6 0 -47 -11 -91 -24z M256 2439 l-67 -70 93 -99 c51 -54 176 -186 278 -292 l185 -194 3 68 3 68 64 0 c36 0 65 3 65 6 0 5 -550 584 -555 584 -1 0 -33 -32 -69 -71z M2000 1653 l0 -247 88 -90 c48 -50 90 -92 95 -94 4 -2 7 150 7 337 l0 341 -95 0 -95 0 0 -247z M830 1493 l0 -338 543 -569 c298 -313 547 -571 553 -573 7 -2 156 148 333 333 l321 338 -73 75 c-40 42 -286 300 -546 574 l-473 497 -329 0 -329 0 0 -337z M41 1604 c-13 -52 -22 -96 -20 -98 2 -1 162 -47 354 -101 193 -54 356 -100 363 -102 9 -4 12 20 12 100 l0 106 -52 15 c-93 26 -628 176 -631 176 -2 0 -13 -43 -26 -96z M250 910 l0 -100 397 0 396 0 -19 23 c-10 12 -52 57 -93 100 l-76 77 -302 0 -303 0 0 -100z"/></g></svg>
  <svg x='555' y='462'><g transform="translate(0.131265535269,21.739721583) scale(0.00982597899807,-0.00994459401866)"><path class="sym-line" fill="black" d="M1305 1925 l250 -244 -65 -64 c-36 -35 -384 -379 -775 -763 -390 -384 -711 -701 -713 -704 -1 -3 31 -38 71 -78 l74 -74 778 766 777 766 249 -241 249 -241 0 561 0 561 -572 0 -573 -1 250 -244z"/></g></svg>
  <svg x='423' y='462'><g transform="translate(-0.149772006491,21.770700246) scale(0.00994510323192,-0.00982830124817)"><path class="sym-fill" fill="white" d="M130 1710 c0 -214 2 -390 4 -390 6 0 722 722 746 753 l21 27 -385 0 -386 0 0 -390z"/><path class="sym-line" fill="black" d="M30 1628 l1 -573 244 250 244 250 64 -65 c35 -36 379 -384 763 -775 384 -390 701 -711 704 -713 3 -1 38 31 78 71 l74 74 -766 778 -766 777 241 249 241 249 -561 0 -561 0 0 -572z m868 463 c-1 -4 -175 -183 -385 -397 l-383 -389 0 398 0 397 386 0 c212 0 384 -4 382 -9z"/></g></svg>
  <svg x='442' y='480'><g transform="translate(-0.0476529550967,23.7506512493) scale(0.00995782523761,-0.00983425572888)"><path class="sym-line" fill="black" d="M1264 2084 l6 -316 -315 3 -315 4 0 -315 0 -316 -310 4 -310 5 0 -387 0 -386 95 0 95 0 0 288 0 287 317 -3 316 -4 -7 317 -7 316 317 -3 317 -3 -6 318 -6 317 269 0 c147 0 275 3 284 6 13 5 16 23 16 95 l0 89 -382 0 -381 0 7 -316z M1640 1715 l0 -315 -310 0 -310 0 0 -315 0 -315 -317 0 -316 0 6 -158 c4 -86 7 -259 7 -384 l0 -228 90 0 90 0 0 290 0 291 316 -7 316 -7 -3 320 -4 320 313 -5 313 -5 -3 322 -3 321 283 0 282 0 0 88 0 89 -107 6 c-58 4 -227 7 -375 7 l-268 0 0 -315z"/></g></svg>
  <svg x='535' y='480'><g transform="translate(0.151007603865,23.8570221852) scale(0.00983243230676,-0.00995867260597)"><path class="sym-line" fill="black" d="M380 2285 l0 -95 288 0 287 0 -4 -317 -3 -316 316 7 316 7 0 -317 0 -317 315 6 315 6 0 -202 c0 -111 3 -239 7 -284 l6 -83 88 0 89 0 0 382 0 381 -317 -7 -316 -6 6 315 6 315 -315 0 -314 0 0 310 0 310 -385 0 -385 0 0 -95z M282 2003 l-282 -3 0 -90 0 -90 291 0 290 0 -7 -316 -7 -316 321 3 320 4 -5 -313 -6 -313 321 3 322 3 0 -282 0 -283 89 0 c72 0 90 3 95 16 3 9 6 177 6 375 l0 359 -315 0 -315 0 0 310 0 310 -315 0 -315 0 0 315 0 315 -102 -2 c-57 -2 -230 -4 -386 -5z"/></g></svg>
</svg>