<svg version='1.1' xmlns='http://www.w3.org/2000/svg' width='98' height='126' viewBox='482 483 98 126'>
  <text font-size='0'>M580x609S2ff00482x483S15a06486x542S15a03497x526S22a07520x515S14c20549x493S2e902540x529S14010536x558S14018497x558S22a04551x593S22a14498x594S2fb04523x595</text>
  <svg x='482' y='483'><g transform="translate(0.149874875465,34.7500790925) scale(0.00988906872676,-0.00988956850125)"><path class="sym-line" fill="black" d="M1528 3484 c-592 -92 -1088 -447 -1348 -963 -125 -249 -180 -485 -180 -771 0 -480 183 -911 529 -1242 350 -336 780 -508 1271 -508 451 0 864 150 1193 434 326 281 517 620 591 1051 21 121 21 409 0 530 -43 252 -114 444 -237 639 -282 453 -741 750 -1284 831 -127 19 -413 18 -535 -1z m607 -173 c583 -126 1038 -523 1224 -1069 59 -173 75 -277 75 -492 0 -165 -3 -211 -22 -300 -71 -327 -228 -611 -458 -829 -186 -177 -381 -295 -614 -374 -176 -60 -282 -78 -490 -84 -247 -7 -416 19 -628 97 -549 201 -944 674 -1043 1250 -17 97 -17 383 0 480 99 576 495 1050 1043 1250 105 38 177 58 303 81 143 26 467 21 610 -10z"/></g></svg>
  <svg x='486' y='542'><g transform="translate(0.150976194493,11.7516936221) scale(0.00983400277537,-0.00966938010173)"><path class="sym-fill" fill="white" d="M200 600 l0 -400 908 0 907 0 200 200 200 200 -200 200 -200 200 -907 0 -908 0 0 -400z"/><path class="sym-line" fill="black" d="M0 600 l0 -600 1053 0 1052 0 300 300 300 300 -300 300 -300 300 -1052 0 -1053 0 0 -600z m2225 200 l200 -200 -200 -200 -200 -200 -912 0 -913 0 0 400 0 400 913 0 912 0 200 -200z"/></g></svg>
  <svg x='497' y='526'><g transform="translate(0.149852532516,22.9493170987) scale(0.00989018587419,-0.00991342591248)"><path class="sym-fill" fill="white" d="M822 1387 l-622 -622 0 -273 0 -272 278 0 277 0 623 623 622 622 -273 273 c-149 149 -274 272 -277 272 -3 0 -285 -280 -628 -623z"/><path class="sym-line" fill="black" d="M727 1572 l-727 -727 0 -413 0 -412 418 0 417 0 725 725 725 725 -415 415 -415 415 -728 -728z m648 -732 l-630 -630 -270 2 -270 3 -3 275 -2 275 627 627 628 628 275 -275 275 -275 -630 -630z"/></g></svg>
  <svg x='520' y='515'><g transform="translate(-0.0674515882592,14.0731065957) scale(0.00985915292844,-0.0101494544892)"><path class="sym-fill" fill="white" d="M438 684 c-150 -157 -274 -290 -276 -294 -2 -5 43 -56 100 -114 l103 -106 272 288 c149 158 273 290 275 293 2 4 -43 54 -99 112 l-102 106 -273 -285z"/><path class="sym-line" fill="black" d="M346 1348 c10 -13 63 -69 117 -124 91 -94 98 -104 86 -121 -8 -11 -129 -140 -269 -287 -140 -146 -256 -272 -258 -279 -1 -7 28 -42 65 -79 l68 -68 274 288 c150 158 276 288 280 290 4 1 53 -47 109 -107 l101 -109 -274 -288 c-151 -159 -275 -292 -275 -296 0 -12 122 -138 134 -138 6 0 133 128 281 285 l270 286 122 -128 122 -128 1 513 0 512 -487 0 -486 0 19 -22z"/></g></svg>
  <svg x='549' y='493'><g transform="translate(0.169377282955,30.7516384396) scale(0.00990025187962,-0.00987200030311)"><path class="sym-line" fill="black" d="M980 2602 l0 -498 -75 -74 c-61 -61 -77 -72 -85 -60 -5 8 -101 174 -212 369 -111 194 -207 355 -213 357 -11 5 -174 -86 -175 -96 0 -3 103 -185 229 -405 l229 -400 -44 -45 -44 -46 0 -404 0 -405 -223 223 c-122 122 -227 222 -234 222 -6 0 -39 -31 -73 -70 l-62 -70 60 -67 c34 -38 167 -174 296 -303 l236 -235 0 -297 0 -298 495 0 495 0 0 598 0 597 131 130 c72 72 229 232 350 357 l220 227 -67 70 c-36 39 -72 71 -78 71 -6 0 -133 -125 -283 -277 l-272 -278 0 105 -1 104 -44 46 -44 45 229 400 c126 220 228 402 228 405 1 8 -159 100 -172 100 -7 -1 -104 -163 -217 -361 -113 -199 -208 -366 -212 -372 -5 -8 -34 14 -83 63 l-75 74 0 498 0 498 -105 0 -105 0 0 -498z"/></g></svg>
  <svg x='540' y='529'><g transform="translate(0.141689588538,14.7014206045) scale(0.00990395636875,-0.00970742564338)"><path class="sym-line" fill="black" d="M580 1480 c-246 -46 -428 -137 -521 -260 -56 -75 -61 -102 -57 -295 3 -167 4 -171 33 -225 16 -30 63 -89 105 -131 109 -110 249 -187 435 -240 77 -22 96 -23 578 -27 l497 -3 0 250 0 251 -372 0 c-557 1 -768 19 -906 80 -217 96 -217 244 0 340 77 34 221 60 382 70 196 12 2296 12 2492 0 161 -10 305 -36 382 -70 217 -96 217 -244 0 -340 -137 -60 -350 -79 -880 -80 l-348 0 0 -251 0 -250 473 3 c455 4 475 5 552 27 186 52 326 130 435 240 42 42 89 101 105 131 29 54 30 58 33 225 4 193 -1 220 -57 295 -94 125 -273 214 -525 260 -106 19 -151 20 -1425 19 -1217 -1 -1323 -2 -1411 -19z M2020 825 l-275 -275 278 -278 277 -277 0 553 c0 303 -1 552 -3 552 -1 0 -126 -124 -277 -275z"/></g></svg>
  <svg x='536' y='558'><g transform="translate(0.0,30.0) scale(0.01,-0.01)"><path class="sym-fill" fill="white" d="M1600 750 l0 -550 300 0 300 0 0 550 0 550 -300 0 -300 0 0 -550z"/><path class="sym-line" fill="black" d="M1400 2250 l0 -750 -302 0 -303 0 -227 227 -228 228 -75 -75 -75 -75 152 -152 153 -153 -248 0 -247 0 0 -100 0 -100 348 0 347 0 353 -353 352 -352 0 -298 0 -297 750 0 750 0 0 750 0 750 -650 0 -650 0 0 750 0 750 -100 0 -100 0 0 -750z m0 -1150 c0 -110 -1 -200 -3 -200 -1 0 -92 90 -202 200 l-200 200 203 0 202 0 0 -200z m800 -350 l0 -550 -300 0 -300 0 0 550 0 550 300 0 300 0 0 -550z"/></g></svg>
  <svg x='497' y='558'><g transform="translate(0.0,30.0) scale(0.01,-0.01)"><path class="sym-fill" fill="white" d="M700 750 l0 -550 300 0 300 0 0 550 0 550 -300 0 -300 0 0 -550z"/><path class="sym-line" fill="black" d="M1300 2250 l0 -750 -650 0 -650 0 0 -750 0 -750 750 0 750 0 0 298 0 297 353 353 352 352 348 0 347 0 0 100 0 100 -247 0 -248 0 153 153 152 152 -75 75 -75 75 -228 -228 -227 -227 -303 0 -302 0 0 750 0 750 -100 0 -100 0 0 -750z m0 -1500 l0 -550 -300 0 -300 0 0 550 0 550 300 0 300 0 0 -550z m600 547 c0 -1 -90 -92 -200 -202 l-200 -200 0 203 0 202 200 0 c110 0 200 -1 200 -3z"/></g></svg>
  <svg x='551' y='593'><g transform="translate(0.043463926586,14.7505211307) scale(0.00985915292844,-0.00973472242044)"><path class="sym-fill" fill="white" d="M510 1100 l0 -400 140 0 140 0 0 400 0 400 -140 0 -140 0 0 -400z"/><path class="sym-line" fill="black" d="M330 1100 l0 -400 -159 -2 -160 -3 315 -347 c174 -192 319 -348 324 -348 5 0 150 156 324 348 l315 347 -160 3 -159 2 0 400 0 400 -90 0 -90 0 0 -400 0 -400 -140 0 -140 0 0 400 0 400 -90 0 -90 0 0 -400z"/></g></svg>
  <svg x='498' y='594'><g transform="translate(0.043463926586,14.7505211307) scale(0.00985915292844,-0.00973472242044)"><path class="sym-fill" fill="white" d="M510 1100 l0 -400 140 0 140 0 0 400 0 400 -140 0 -140 0 0 -400z M277 557 c144 -163 368 -407 373 -407 5 0 229 244 373 407 l39 43 -412 0 -412 0 39 -43z"/><path class="sym-line" fill="black" d="M330 1100 l0 -400 -159 -2 -160 -3 315 -347 c174 -192 319 -348 324 -348 5 0 150 156 324 348 l315 347 -160 3 -159 2 0 400 0 400 -90 0 -90 0 0 -400 0 -400 -140 0 -140 0 0 400 0 400 -90 0 -90 0 0 -400z m714 -522 c-82 -96 -388 -428 -394 -428 -6 0 -312 332 -394 428 l-19 22 413 0 413 0 -19 -22z"/></g></svg>
  <svg x='523' y='595'><g transform="translate(0.178125321737,5.7484375) scale(0.00969593203301,-0.00933333333333)"><path class="sym-line" fill="black" d="M4 569 c22 -111 99 -242 206 -349 151 -151 320 -220 540 -220 220 0 389 69 540 220 107 107 184 238 206 349 l7 31 -61 0 -61 0 -42 -82 c-54 -104 -163 -218 -264 -274 -154 -85 -340 -108 -501 -61 -176 51 -331 177 -413 335 l-42 82 -61 0 -61 0 7 -31z"/></g></svg>
</svg>