<svg version='1.1' xmlns='http://www.w3.org/2000/svg' width='162' height='55' viewBox='419 473 162 55'>
  <text font-size='0'>M581x528S26702529x510S26716438x510S14710567x482S14718419x484S14010505x475S14018470x475S2f700496x521S20500497x473S16d10544x485S16d14445x486</text>
  <svg x='529' y='510'><g transform="translate(0.201122449172,15.7010613696) scale(0.00989293660622,-0.00972038991848)"><path class="sym-line" fill="black" d="M395 1200 l-400 -400 403 -403 402 -402 0 353 0 352 1700 0 1700 0 0 100 0 100 -1700 0 -1700 0 -2 350 -3 350 -400 -400z"/></g></svg>
  <svg x='438' y='510'><g transform="translate(0.149797517876,15.6976811299) scale(0.00989293660622,-0.00968799012796)"><path class="sym-fill" fill="white" d="M3500 800 l0 -555 277 278 278 277 -278 277 -277 278 0 -555z"/><path class="sym-line" fill="black" d="M3400 1252 l0 -352 -1700 0 -1700 0 0 -100 0 -100 1700 0 1700 0 0 -352 0 -353 402 403 403 402 -403 402 -402 403 0 -353z m377 -729 l-277 -278 0 555 0 555 277 -278 278 -277 -278 -277z"/></g></svg>
  <svg x='567' y='482'><g transform="translate(0.0,22.0) scale(0.01,-0.01)"><path class="sym-fill" fill="white" d="M447 1662 l-247 -247 0 -208 0 -207 250 0 250 0 0 -150 0 -150 -250 0 -250 0 0 -250 0 -250 300 0 300 0 0 808 0 808 -48 47 c-26 26 -50 47 -52 47 -3 0 -116 -111 -253 -248z"/><path class="sym-line" fill="black" d="M347 1852 l-347 -347 0 -753 0 -752 700 0 700 0 0 753 0 752 -348 348 c-191 191 -349 347 -352 347 -3 0 -161 -156 -353 -348z m405 21 l48 -47 0 -813 0 -813 -300 0 -300 0 0 250 0 250 250 0 250 0 0 150 0 150 -250 0 -250 0 0 206 0 206 248 254 c136 140 249 254 252 254 2 0 26 -21 52 -47z"/></g></svg>
  <svg x='419' y='484'><g transform="translate(0.0,22.0) scale(0.01,-0.01)"><path class="sym-fill" fill="white" d="M647 1862 l-47 -48 0 -807 0 -807 300 0 300 0 0 250 0 250 -250 0 -250 0 0 150 0 150 250 0 250 0 0 208 0 207 -248 248 c-136 136 -250 247 -252 247 -3 0 -27 -22 -53 -48z"/><path class="sym-line" fill="black" d="M347 1852 l-347 -347 0 -753 0 -752 700 0 700 0 0 753 0 752 -348 348 c-191 191 -349 347 -352 347 -3 0 -161 -156 -353 -348z m606 -186 l247 -254 0 -206 0 -206 -250 0 -250 0 0 -150 0 -150 250 0 250 0 0 -250 0 -250 -300 0 -300 0 0 812 0 812 47 48 c26 26 50 48 53 48 3 0 116 -114 253 -254z"/></g></svg>
  <svg x='505' y='475'><g transform="translate(0.0,30.0) scale(0.01,-0.01)"><path class="sym-fill" fill="white" d="M1600 750 l0 -550 300 0 300 0 0 550 0 550 -300 0 -300 0 0 -550z"/><path class="sym-line" fill="black" d="M1400 2250 l0 -750 -302 0 -303 0 -227 227 -228 228 -75 -75 -75 -75 152 -152 153 -153 -248 0 -247 0 0 -100 0 -100 348 0 347 0 353 -353 352 -352 0 -298 0 -297 750 0 750 0 0 750 0 750 -650 0 -650 0 0 750 0 750 -100 0 -100 0 0 -750z m0 -1150 c0 -110 -1 -200 -3 -200 -1 0 -92 90 -202 200 l-200 200 203 0 202 0 0 -200z m800 -350 l0 -550 -300 0 -300 0 0 550 0 550 300 0 300 0 0 -550z"/></g></svg>
  <svg x='470' y='475'><g transform="translate(0.0,30.0) scale(0.01,-0.01)"><path class="sym-fill" fill="white" d="M700 750 l0 -550 300 0 300 0 0 550 0 550 -300 0 -300 0 0 -550z"/><path class="sym-line" fill="black" d="M1300 2250 l0 -750 -650 0 -650 0 0 -750 0 -750 750 0 750 0 0 298 0 297 353 353 352 352 348 0 347 0 0 100 0 100 -247 0 -248 0 153 153 152 152 -75 75 -75 75 -228 -228 -227 -227 -303 0 -302 0 0 750 0 750 -100 0 -100 0 0 -750z m0 -1500 l0 -550 -300 0 -300 0 0 550 0 550 300 0 300 0 0 -550z m600 547 c0 -1 -90 -92 -200 -202 l-200 -200 0 203 0 202 200 0 c110 0 200 -1 200 -3z"/></g></svg>
  <svg x='496' y='521'><g transform="translate(0.0,7.0) scale(0.01,-0.01)"><path class="sym-line" fill="black" d="M463 432 l-463 -267 0 -82 0 -83 600 0 600 0 0 100 0 100 -355 2 -355 3 355 205 355 204 0 43 0 43 -137 0 -138 -1 -462 -267z"/></g></svg>
  <svg x='497' y='473'><g transform="translate(-0.221878406359,10.7500002304) scale(0.0103429235226,-0.00963778430032)"><path class="sym-line" fill="black" d="M430 895 l0 -205 -37 23 c-21 13 -95 61 -165 105 l-128 82 -36 -71 c-19 -40 -32 -75 -27 -79 4 -3 74 -48 156 -99 81 -51 147 -97 147 -101 0 -4 -66 -50 -147 -101 -82 -51 -152 -96 -156 -99 -5 -4 8 -39 27 -79 l36 -71 128 82 c70 44 144 92 165 105 l37 23 0 -205 0 -205 70 0 70 0 0 205 0 205 38 -23 c20 -13 94 -61 164 -105 l128 -82 36 71 c19 40 32 75 27 79 -4 3 -74 48 -155 99 -82 51 -148 97 -148 101 0 4 66 50 148 101 81 51 151 96 155 99 5 4 -8 39 -27 79 l-36 71 -128 -82 c-70 -44 -144 -92 -164 -105 l-38 -23 0 205 0 205 -70 0 -70 0 0 -205z"/></g></svg>
  <svg x='544' y='485'><g transform="translate(0.180759557901,19.7524059778) scale(0.00975093803673,-0.00984567638089)"><path class="sym-fill" fill="white" d="M1000 994 l0 -886 43 7 c69 11 138 34 197 64 l55 28 3 787 2 786 -32 20 c-40 25 -209 80 -243 80 l-25 0 0 -886z"/><path class="sym-line" fill="black" d="M665 1984 c-138 -28 -274 -87 -370 -161 -102 -79 -200 -219 -246 -350 -26 -76 -49 -184 -49 -234 l0 -39 105 0 105 0 0 29 c0 71 53 160 130 216 102 75 283 130 467 142 l93 6 0 -691 0 -692 -78 0 c-239 0 -482 72 -603 179 -50 44 -109 144 -109 185 0 25 -2 26 -56 26 l-57 0 5 -69 c10 -135 103 -277 240 -364 161 -103 411 -166 660 -167 347 0 578 136 713 421 71 152 78 196 83 559 4 350 -1 411 -45 533 -82 229 -266 388 -528 458 -104 28 -354 35 -460 13z m425 -114 c30 -7 90 -28 133 -48 l77 -35 0 -791 0 -792 -67 -32 c-69 -33 -169 -62 -210 -62 l-23 0 0 891 c0 843 1 890 18 886 9 -3 42 -11 72 -17z"/></g></svg>
  <svg x='445' y='486'><g transform="translate(0.140680065291,19.7636770102) scale(0.00975323237509,-0.00985325814308)"><path class="sym-fill" fill="white" d="M640 1883 c-54 -10 -128 -35 -180 -62 l-55 -28 -3 -787 -2 -786 32 -20 c40 -25 209 -80 243 -80 l25 0 0 885 c0 837 -1 885 -17 884 -10 -1 -29 -4 -43 -6z"/><path class="sym-line" fill="black" d="M595 1985 c-289 -64 -483 -255 -567 -560 -20 -73 -22 -109 -26 -405 -4 -350 1 -411 45 -533 82 -229 266 -388 528 -458 113 -30 323 -37 444 -15 362 67 592 287 666 639 8 38 15 86 15 108 l0 39 -105 0 -105 0 0 -29 c0 -71 -53 -160 -130 -216 -102 -75 -283 -130 -467 -142 l-93 -6 0 691 0 692 78 0 c239 0 482 -72 603 -179 50 -44 109 -144 109 -185 0 -25 2 -26 56 -26 l57 0 -5 69 c-4 52 -14 89 -40 144 -92 194 -305 316 -646 372 -107 18 -336 18 -417 0z m105 -986 c0 -843 -1 -890 -17 -886 -10 3 -43 11 -73 17 -30 7 -90 28 -132 48 l-78 35 0 791 0 792 58 28 c62 32 171 64 215 65 l27 1 0 -891z"/></g></svg>
</svg>