<svg version='1.1' xmlns='http://www.w3.org/2000/svg' width='120' height='139' viewBox='463 481 120 139'>
  <text font-size='0'>M583x620S2ff00482x483S10620515x498S21100521x481S23600544x505S10620515x549S10620516x594S1c518483x540S26512465x551S20500508x537S1001a481x596S26516463x596</text>
  <svg x='482' y='483'><g transform="translate(0.149874875465,34.7500790925) scale(0.00988906872676,-0.00988956850125)"><path class="sym-line" fill="black" d="M1528 3484 c-592 -92 -1088 -447 -1348 -963 -125 -249 -180 -485 -180 -771 0 -480 183 -911 529 -1242 350 -336 780 -508 1271 -508 451 0 864 150 1193 434 326 281 517 620 591 1051 21 121 21 409 0 530 -43 252 -114 444 -237 639 -282 453 -741 750 -1284 831 -127 19 -413 18 -535 -1z m607 -173 c583 -126 1038 -523 1224 -1069 59 -173 75 -277 75 -492 0 -165 -3 -211 -22 -300 -71 -327 -228 -611 -458 -829 -186 -177 -381 -295 -614 -374 -176 -60 -282 -78 -490 -84 -247 -7 -416 19 -628 97 -549 201 -944 674 -1043 1250 -17 97 -17 383 0 480 99 576 495 1050 1043 1250 105 38 177 58 303 81 143 26 467 21 610 -10z"/></g></svg>
  <svg x='515' y='498'><g transform="translate(0.0,26.0) scale(0.01,-0.01)"><path class="sym-line" fill="black" d="M0 2250 l0 -350 100 0 100 0 0 250 0 250 200 0 200 0 0 -1200 0 -1200 750 0 750 0 0 750 0 750 -650 0 -650 0 0 550 0 550 -400 0 -400 0 0 -350z"/></g></svg>
  <svg x='521' y='481'><g transform="translate(0.100900989662,13.8028761369) scale(0.00973019545717,-0.00980171001958)"><path class="sym-fill" fill="white" d="M583 1185 c-269 -75 -434 -344 -368 -598 49 -187 188 -325 378 -374 159 -40 396 23 545 145 l33 27 -68 74 -68 74 -32 -27 c-89 -75 -261 -121 -366 -97 -230 51 -313 335 -147 501 60 60 117 83 223 88 l87 4 0 -100 0 -100 -70 -4 c-60 -3 -74 -8 -97 -31 -38 -38 -38 -96 0 -135 24 -23 35 -27 85 -26 105 1 209 71 255 173 30 64 30 178 0 242 -27 60 -93 125 -152 152 -59 26 -168 32 -238 12z"/><path class="sym-line" fill="black" d="M535 1386 c-139 -36 -249 -101 -348 -205 -73 -78 -116 -148 -155 -253 -25 -68 -27 -84 -27 -228 0 -144 2 -160 27 -228 42 -114 85 -180 172 -268 88 -87 154 -130 268 -172 68 -25 84 -27 233 -27 185 0 237 11 380 79 97 46 215 128 215 148 -1 7 -29 44 -64 82 l-63 68 -54 -41 c-197 -149 -458 -183 -653 -84 -65 33 -176 144 -209 209 -75 147 -75 321 0 468 33 65 144 176 209 209 168 85 351 71 450 -35 60 -63 79 -113 79 -208 0 -73 -4 -92 -27 -135 -50 -95 -138 -154 -243 -163 -58 -4 -63 -3 -93 28 -44 44 -45 96 -1 139 28 29 36 31 100 31 l69 0 0 101 0 102 -86 -6 c-143 -10 -231 -65 -282 -176 -68 -147 -2 -321 148 -389 106 -49 278 -25 388 54 26 19 57 38 69 44 31 13 107 119 135 188 19 49 23 75 23 182 0 107 -4 133 -23 182 -50 125 -166 241 -290 289 -70 28 -266 36 -347 15z"/></g></svg>
  <svg x='544' y='505'><g transform="translate(0.0190194881388,16.7506600986) scale(0.00996209397608,-0.0097754624403)"><path class="sym-fill" fill="white" d="M1810 1050 l0 -350 145 0 145 0 0 350 0 350 -145 0 -145 0 0 -350z M550 650 l0 -350 145 0 145 0 0 350 0 350 -145 0 -145 0 0 -350z M3060 650 l0 -350 145 0 145 0 0 350 0 350 -145 0 -145 0 0 -350z"/><path class="sym-line" fill="black" d="M348 1353 l-335 -348 168 -3 169 -2 0 -350 0 -350 100 0 100 0 0 350 0 350 145 0 145 0 0 -350 0 -350 100 0 100 0 0 350 0 350 168 2 167 3 -334 345 c-184 190 -339 346 -346 348 -6 1 -162 -154 -347 -345z M2860 1352 l-335 -347 168 -3 167 -2 0 -350 0 -350 100 0 100 0 0 350 0 350 145 0 145 0 0 -350 0 -350 100 0 100 0 0 350 0 350 169 2 169 3 -333 345 c-183 190 -339 346 -347 347 -7 1 -164 -154 -348 -345z M1610 1050 l0 -350 -170 -2 -171 -3 336 -347 c185 -192 340 -348 345 -348 5 0 160 156 345 348 l336 347 -170 3 -171 2 0 350 0 350 -95 0 -95 0 0 -350 0 -350 -150 0 -150 0 0 350 0 350 -95 0 -95 0 0 -350z"/></g></svg>
  <svg x='515' y='549'><g transform="translate(0.0,26.0) scale(0.01,-0.01)"><path class="sym-line" fill="black" d="M0 2250 l0 -350 100 0 100 0 0 250 0 250 200 0 200 0 0 -1200 0 -1200 750 0 750 0 0 750 0 750 -650 0 -650 0 0 550 0 550 -400 0 -400 0 0 -350z"/></g></svg>
  <svg x='516' y='594'><g transform="translate(0.0,26.0) scale(0.01,-0.01)"><path class="sym-line" fill="black" d="M0 2250 l0 -350 100 0 100 0 0 250 0 250 200 0 200 0 0 -1200 0 -1200 750 0 750 0 0 750 0 750 -650 0 -650 0 0 550 0 550 -400 0 -400 0 0 -350z"/></g></svg>
  <svg x='483' y='540'><g transform="translate(-0.0673018358189,27.7487723255) scale(0.00993902089659,-0.00985726243768)"><path class="sym-fill" fill="white" d="M1167 1303 c-4 -3 -7 -276 -7 -605 l0 -598 145 0 145 0 0 605 0 605 -138 0 c-76 0 -142 -3 -145 -7z"/><path class="sym-line" fill="black" d="M768 1774 l-3 -1026 -303 292 -302 292 -68 -63 c-37 -34 -68 -67 -70 -73 -1 -6 166 -173 373 -371 l375 -360 0 -232 0 -233 390 0 390 0 0 605 0 605 725 0 725 0 0 100 0 100 -716 0 -716 0 164 157 c90 87 225 218 301 293 l139 136 -67 65 c-37 35 -70 65 -75 67 -4 2 -113 -99 -241 -223 l-234 -227 -3 421 -2 421 -100 0 -100 0 0 -555 0 -555 -190 0 -190 0 0 695 0 695 -100 0 -100 0 -2 -1026z m682 -1074 l0 -610 -145 0 -145 0 0 610 0 610 145 0 145 0 0 -610z"/></g></svg>
  <svg x='465' y='551'><g transform="translate(0.198128695057,13.7002011211) scale(0.0097007872376,-0.0096798311579)"><path class="sym-fill" fill="white" d="M370 925 l-225 -225 228 -228 227 -227 0 453 c0 248 -1 452 -3 452 -1 0 -103 -101 -227 -225z"/><path class="sym-line" fill="black" d="M345 1050 l-350 -350 353 -353 352 -352 0 303 0 302 400 0 400 0 0 100 0 100 -400 0 -400 0 -2 300 -3 300 -350 -350z m255 -352 l0 -453 -227 227 -228 228 225 225 c124 124 226 225 227 225 2 0 3 -204 3 -452z"/></g></svg>
  <svg x='508' y='537'><g transform="translate(-0.221878406359,10.7500002304) scale(0.0103429235226,-0.00963778430032)"><path class="sym-line" fill="black" d="M430 895 l0 -205 -37 23 c-21 13 -95 61 -165 105 l-128 82 -36 -71 c-19 -40 -32 -75 -27 -79 4 -3 74 -48 156 -99 81 -51 147 -97 147 -101 0 -4 -66 -50 -147 -101 -82 -51 -152 -96 -156 -99 -5 -4 8 -39 27 -79 l36 -71 128 82 c70 44 144 92 165 105 l37 23 0 -205 0 -205 70 0 70 0 0 205 0 205 38 -23 c20 -13 94 -61 164 -105 l128 -82 36 71 c19 40 32 75 27 79 -4 3 -74 48 -155 99 -82 51 -148 97 -148 101 0 4 66 50 148 101 81 51 151 96 155 99 5 4 -8 39 -27 79 l-36 71 -128 -82 c-70 -44 -144 -92 -164 -105 l-38 -23 0 205 0 205 -70 0 -70 0 0 -205z"/></g></svg>
  <svg x='481' y='596'><g transform="translate(0.0,15.0) scale(0.01,-0.01)"><path class="sym-fill" fill="white" d="M200 500 l0 -300 550 0 550 0 0 300 0 300 -550 0 -550 0 0 -300z"/><path class="sym-line" fill="black" d="M0 750 l0 -750 750 0 750 0 0 650 0 650 750 0 750 0 0 100 0 100 -1500 0 -1500 0 0 -750z m1300 -250 l0 -300 -550 0 -550 0 0 300 0 300 550 0 550 0 0 -300z"/></g></svg>
  <svg x='463' y='596'><g transform="translate(0.149734255248,13.6974450331) scale(0.0097007872376,-0.00964308576999)"><path class="sym-fill" fill="white" d="M900 700 l0 -455 227 228 228 227 -228 227 -227 228 0 -455z"/><path class="sym-line" fill="black" d="M800 1102 l0 -302 -400 0 -400 0 0 -100 0 -100 400 0 400 0 0 -302 0 -303 352 353 353 352 -353 352 -352 353 0 -303z m327 -629 l-227 -228 0 455 0 455 227 -228 228 -227 -228 -227z"/></g></svg>
</svg>