<svg version='1.1' xmlns='http://www.w3.org/2000/svg' width='170' height='30' viewBox='415 485 170 30'>
  <text font-size='0'>M585x515S20320415x499S1fb20433x495S19220453x495S18d20479x490S11520506x485S11520551x485S20320570x500S1dc20523x485</text>
  <svg x='415' y='499'><g transform="translate(0.0,15.0) scale(0.01,-0.01)"><path class="sym-line" fill="black" d="M0 750 l0 -750 750 0 750 0 0 750 0 750 -750 0 -750 0 0 -750z"/></g></svg>
  <svg x='433' y='495'><g transform="translate(0.0,19.0) scale(0.01,-0.01)"><path class="sym-line" fill="black" d="M300 1700 l0 -200 -150 0 -150 0 0 -750 0 -750 750 0 750 0 0 750 0 750 -400 0 -400 0 0 200 0 200 -200 0 -200 0 0 -200z"/></g></svg>
  <svg x='453' y='495'><g transform="translate(0.151301014747,18.749322358) scale(0.00981776176264,-0.00979417818707)"><path class="sym-line" fill="black" d="M1560 1665 l-245 -235 -657 0 -658 0 0 -715 0 -715 750 0 750 0 0 528 0 527 300 284 c166 157 299 290 298 296 -4 16 -270 265 -283 264 -5 0 -120 -105 -255 -234z"/></g></svg>
  <svg x='479' y='490'><g transform="translate(-0.059479313744,24.7539235506) scale(0.0099046274341,-0.00988018118416)"><path class="sym-line" fill="black" d="M411 2424 c-34 -37 -61 -71 -61 -75 0 -7 534 -573 724 -766 l81 -83 -155 1 -155 0 -340 359 c-187 198 -345 359 -351 360 -12 0 -134 -134 -133 -147 0 -4 123 -136 274 -293 l274 -285 1 -747 0 -748 715 0 715 0 0 754 0 754 -467 491 c-257 270 -472 491 -479 491 -7 0 -40 -32 -74 -71 l-63 -70 30 -32 c61 -66 639 -675 707 -744 l70 -73 -144 0 -145 1 -470 494 c-259 272 -475 495 -482 495 -6 0 -39 -30 -72 -66z"/></g></svg>
  <svg x='506' y='485'><g transform="translate(0.0,30.0) scale(0.01,-0.01)"><path class="sym-line" fill="black" d="M500 2250 l0 -750 -150 0 -150 0 0 600 0 600 -100 0 -100 0 0 -1350 0 -1350 750 0 750 0 0 750 0 750 -400 0 -400 0 0 750 0 750 -100 0 -100 0 0 -750z"/></g></svg>
  <svg x='551' y='485'><g transform="translate(0.0,30.0) scale(0.01,-0.01)"><path class="sym-line" fill="black" d="M500 2250 l0 -750 -150 0 -150 0 0 600 0 600 -100 0 -100 0 0 -1350 0 -1350 750 0 750 0 0 750 0 750 -400 0 -400 0 0 750 0 750 -100 0 -100 0 0 -750z"/></g></svg>
  <svg x='570' y='500'><g transform="translate(0.0,15.0) scale(0.01,-0.01)"><path class="sym-line" fill="black" d="M0 750 l0 -750 750 0 750 0 0 750 0 750 -750 0 -750 0 0 -750z"/></g></svg>
  <svg x='523' y='485'><g transform="translate(0.0,30.0) scale(0.01,-0.01)"><path class="sym-line" fill="black" d="M900 1900 l0 -1100 -450 0 -450 0 0 -100 0 -100 450 0 450 0 0 -300 0 -300 750 0 750 0 0 750 0 750 -650 0 -650 0 0 750 0 750 -100 0 -100 0 0 -1100z"/></g></svg>
</svg>