<svg version='1.1' xmlns='http://www.w3.org/2000/svg' width='170' height='60' viewBox='417 470 170 60'>
  <text font-size='0'>M587x530S36d00479x526S37703458x505S3770b459x484S37703521x485S3770b520x506S20301505x470S20301475x471S2d806553x493S2d81e417x491</text>
  <svg x='479' y='526'><g transform="translate(0.0,4.0) scale(0.01,-0.01)"><path class="sym-line" fill="black" d="M0 200 l0 -200 2100 0 2100 0 0 200 0 200 -2100 0 -2100 0 0 -200z"/></g></svg>
  <svg x='458' y='505'><g transform="translate(-0.946174107756,22.3050086955) scale(0.0107616505441,-0.0103087417234)"><path class="sym-line" fill="black" d="M167 2075 c-38 -41 -67 -79 -65 -85 7 -21 1842 -1941 1853 -1938 6 2 43 37 82 79 l72 75 -923 970 c-508 533 -930 970 -938 971 -7 1 -44 -32 -81 -72z"/></g></svg>
  <svg x='459' y='484'><g transform="translate(-0.981442752515,22.333772324) scale(0.0107782670044,-0.0103182059236)"><path class="sym-line" fill="black" d="M1024 1185 c-505 -531 -919 -971 -919 -979 0 -7 31 -46 69 -86 51 -55 72 -71 83 -64 8 5 428 443 933 973 l919 965 -72 75 c-39 42 -76 77 -82 79 -6 1 -425 -432 -931 -963z"/></g></svg>
  <svg x='521' y='485'><g transform="translate(-0.946174107756,22.3050086955) scale(0.0107616505441,-0.0103087417234)"><path class="sym-line" fill="black" d="M167 2075 c-38 -41 -67 -79 -65 -85 7 -21 1842 -1941 1853 -1938 6 2 43 37 82 79 l72 75 -923 970 c-508 533 -930 970 -938 971 -7 1 -44 -32 -81 -72z"/></g></svg>
  <svg x='520' y='506'><g transform="translate(-0.981442752515,22.333772324) scale(0.0107782670044,-0.0103182059236)"><path class="sym-line" fill="black" d="M1024 1185 c-505 -531 -919 -971 -919 -979 0 -7 31 -46 69 -86 51 -55 72 -71 83 -64 8 5 428 443 933 973 l919 965 -72 75 c-39 42 -76 77 -82 79 -6 1 -425 -432 -931 -963z"/></g></svg>
  <svg x='505' y='470'><g transform="translate(0.199328273943,20.7485491077) scale(0.00980871680229,-0.00980957695607)"><path class="sym-fill" fill="white" d="M665 1430 l-380 -380 380 -380 380 -380 380 380 380 380 -380 380 -380 380 -380 -380z"/><path class="sym-line" fill="black" d="M520 1575 l-525 -525 525 -525 525 -525 525 525 525 525 -525 525 -525 525 -525 -525z m915 -145 l380 -380 -380 -380 c-209 -209 -384 -380 -390 -380 -6 0 -181 171 -390 380 l-380 380 380 380 c209 209 384 380 390 380 6 0 181 -171 390 -380z"/></g></svg>
  <svg x='475' y='471'><g transform="translate(0.199328273943,20.7485491077) scale(0.00980871680229,-0.00980957695607)"><path class="sym-fill" fill="white" d="M665 1430 l-380 -380 380 -380 380 -380 380 380 380 380 -380 380 -380 380 -380 -380z"/><path class="sym-line" fill="black" d="M520 1575 l-525 -525 525 -525 525 -525 525 525 525 525 -525 525 -525 525 -525 -525z m915 -145 l380 -380 -380 -380 c-209 -209 -384 -380 -390 -380 -6 0 -181 171 -390 380 l-380 380 380 380 c209 209 384 380 390 380 6 0 181 -171 390 -380z"/></g></svg>
  <svg x='553' y='493'><g transform="translate(0.102111317823,29.7383072385) scale(0.00991086456474,-0.00985007386317)"><path class="sym-line" fill="black" d="M400 2581 c-217 -233 -395 -430 -395 -438 0 -8 178 -205 395 -438 l395 -423 3 374 2 374 933 0 c1035 0 986 3 1126 -67 134 -68 254 -212 302 -363 30 -94 42 -250 36 -450 -7 -200 -19 -257 -79 -380 -73 -150 -211 -266 -378 -317 -50 -16 -161 -17 -1147 -20 l-1093 -4 0 -215 0 -215 1083 3 1082 3 85 29 c303 101 517 327 617 651 l28 90 0 400 0 400 -28 85 c-80 239 -230 417 -432 515 -171 82 -110 78 -1182 82 l-953 4 -2 371 -3 372 -395 -423z"/></g></svg>
  <svg x='417' y='491'><g transform="translate(0.102111317823,29.7405722606) scale(0.00991086456474,-0.00986404492019)"><path class="sym-fill" fill="white" d="M2700 2139 l0 -590 83 88 c46 48 172 182 280 297 l197 210 -63 65 c-34 36 -158 168 -276 294 -117 125 -215 227 -217 227 -2 0 -4 -266 -4 -591z"/><path class="sym-line" fill="black" d="M2600 2631 l0 -370 -952 -4 c-1073 -4 -1012 0 -1183 -82 -202 -98 -352 -276 -432 -515 l-28 -85 0 -400 0 -400 28 -90 c100 -324 314 -550 617 -651 l85 -29 1083 -3 1082 -3 0 215 0 215 -1092 4 c-987 3 -1098 4 -1148 20 -167 51 -305 167 -378 317 -60 123 -72 180 -79 380 -6 200 6 356 36 450 48 151 168 295 302 363 140 70 91 67 1126 67 l933 0 2 -374 3 -374 395 423 c217 233 395 430 395 438 0 13 -779 857 -791 857 -2 0 -4 -166 -4 -369z m360 -166 c129 -137 249 -266 268 -286 l34 -37 -242 -258 c-134 -143 -260 -277 -281 -299 l-39 -40 0 600 c0 499 2 597 13 585 8 -8 119 -127 247 -265z"/></g></svg>
</svg>