<svg version='1.1' xmlns='http://www.w3.org/2000/svg' width='177' height='61' viewBox='412 470 177 61'>
  <text font-size='0'>M589x531S20350412x516S11852417x497S1f532489x501S1f53a468x501S20600476x485S20600476x470S15a10575x503S15a18548x503S26500575x482S26510547x483</text>
  <svg x='412' y='516'><g transform="translate(0.0,15.0) scale(0.01,-0.01)"><path class="sym-fill" fill="white" d="M0 950 l0 -150 750 0 750 0 0 150 0 150 -750 0 -750 0 0 -150z"/><path class="sym-line" fill="black" d="M0 1300 l0 -200 750 0 750 0 0 200 0 200 -750 0 -750 0 0 -200z M0 400 l0 -400 750 0 750 0 0 400 0 400 -750 0 -750 0 0 -400z"/></g></svg>
  <svg x='417' y='497'><g transform="translate(0.158684344655,22.7512231694) scale(0.00984811951445,-0.00982729811713)"><path class="sym-line" fill="black" d="M1400 1550 l0 -750 650 0 650 0 0 750 0 750 -650 0 -650 0 0 -750z M263 1385 c-105 -32 -176 -96 -227 -205 l-31 -65 -3 -457 -3 -458 100 0 100 0 3 428 c3 463 3 456 60 508 65 60 56 59 516 62 l422 3 0 100 0 99 -447 -1 c-341 0 -458 -3 -490 -14z M585 987 c-86 -33 -138 -89 -169 -181 -14 -39 -16 -105 -16 -426 l0 -380 100 0 100 0 0 343 c0 207 4 357 11 380 19 69 29 72 326 75 l263 3 0 100 0 99 -292 -1 c-199 0 -303 -4 -323 -12z"/></g></svg>
  <svg x='489' y='501'><g transform="translate(0.0,24.0) scale(0.01,-0.01)"><path class="sym-fill" fill="white" d="M300 1400 l0 -100 -50 0 -50 0 0 -550 0 -550 50 0 50 0 0 -100 0 -100 150 0 150 0 0 100 0 100 350 0 350 0 0 550 0 550 -350 0 -350 0 0 100 0 100 -150 0 -150 0 0 -100z"/><path class="sym-line" fill="black" d="M700 1950 l0 -450 -50 0 -50 0 0 -100 0 -100 350 0 350 0 0 -550 0 -550 -350 0 -350 0 0 -100 0 -100 450 0 450 0 0 750 0 750 -300 0 -300 0 0 450 0 450 -100 0 -100 0 0 -450z M0 750 l0 -750 150 0 150 0 0 100 0 100 -50 0 -50 0 0 550 0 550 50 0 50 0 0 100 0 100 -150 0 -150 0 0 -750z"/></g></svg>
  <svg x='468' y='501'><g transform="translate(0.0,24.0) scale(0.01,-0.01)"><path class="sym-fill" fill="white" d="M900 1400 l0 -100 -350 0 -350 0 0 -550 0 -550 350 0 350 0 0 -100 0 -100 150 0 150 0 0 100 0 100 50 0 50 0 0 550 0 550 -50 0 -50 0 0 100 0 100 -150 0 -150 0 0 -100z"/><path class="sym-line" fill="black" d="M600 1950 l0 -450 -300 0 -300 0 0 -750 0 -750 450 0 450 0 0 100 0 100 -350 0 -350 0 0 550 0 550 350 0 350 0 0 100 0 100 -50 0 -50 0 0 450 0 450 -100 0 -100 0 0 -450z M1200 1400 l0 -100 50 0 50 0 0 -550 0 -550 -50 0 -50 0 0 -100 0 -100 150 0 150 0 0 750 0 750 -150 0 -150 0 0 -100z"/></g></svg>
  <svg x='476' y='485'><g transform="translate(-0.213271809649,10.7500002304) scale(0.0101476511593,-0.00963778430032)"><path class="sym-line" fill="black" d="M450 895 l0 -205 -172 105 -172 105 -39 -71 c-32 -57 -37 -73 -26 -80 8 -5 83 -50 167 -100 83 -50 152 -95 152 -99 0 -4 -69 -49 -152 -99 -84 -50 -159 -95 -167 -100 -11 -7 -6 -23 26 -80 l39 -71 172 105 172 105 0 -205 0 -205 75 0 75 0 2 204 3 204 155 -95 c85 -52 163 -99 172 -104 14 -7 23 2 52 58 20 37 36 70 36 74 0 4 -74 51 -165 105 -91 54 -165 101 -165 104 0 3 74 50 165 104 91 54 165 101 165 105 0 4 -16 37 -36 74 -29 56 -38 65 -52 58 -9 -5 -87 -52 -172 -104 l-155 -95 -3 204 -2 204 -75 0 -75 0 0 -205z M1600 895 l0 -204 -167 100 c-93 56 -171 103 -174 105 -4 2 -23 -28 -44 -67 -30 -57 -35 -73 -24 -80 8 -5 83 -50 166 -101 84 -51 153 -95 153 -98 0 -3 -69 -47 -153 -98 -83 -51 -158 -96 -166 -101 -11 -7 -6 -23 24 -80 21 -39 40 -69 44 -67 3 2 81 49 174 105 l167 100 0 -204 0 -205 75 0 75 0 0 205 0 204 168 -100 c92 -56 170 -103 173 -105 3 -1 23 29 43 68 31 56 36 72 25 79 -8 5 -83 50 -166 101 -84 51 -153 95 -153 98 0 3 69 47 153 98 83 51 158 96 166 101 11 7 6 23 -25 79 -20 39 -40 69 -43 68 -3 -2 -81 -49 -173 -105 l-168 -100 0 204 0 205 -75 0 -75 0 0 -205z"/></g></svg>
  <svg x='476' y='470'><g transform="translate(-0.213271809649,10.7500002304) scale(0.0101476511593,-0.00963778430032)"><path class="sym-line" fill="black" d="M450 895 l0 -205 -172 105 -172 105 -39 -71 c-32 -57 -37 -73 -26 -80 8 -5 83 -50 167 -100 83 -50 152 -95 152 -99 0 -4 -69 -49 -152 -99 -84 -50 -159 -95 -167 -100 -11 -7 -6 -23 26 -80 l39 -71 172 105 172 105 0 -205 0 -205 75 0 75 0 2 204 3 204 155 -95 c85 -52 163 -99 172 -104 14 -7 23 2 52 58 20 37 36 70 36 74 0 4 -74 51 -165 105 -91 54 -165 101 -165 104 0 3 74 50 165 104 91 54 165 101 165 105 0 4 -16 37 -36 74 -29 56 -38 65 -52 58 -9 -5 -87 -52 -172 -104 l-155 -95 -3 204 -2 204 -75 0 -75 0 0 -205z M1600 895 l0 -204 -167 100 c-93 56 -171 103 -174 105 -4 2 -23 -28 -44 -67 -30 -57 -35 -73 -24 -80 8 -5 83 -50 166 -101 84 -51 153 -95 153 -98 0 -3 -69 -47 -153 -98 -83 -51 -158 -96 -166 -101 -11 -7 -6 -23 24 -80 21 -39 40 -69 44 -67 3 2 81 49 174 105 l167 100 0 -204 0 -205 75 0 75 0 0 205 0 204 168 -100 c92 -56 170 -103 173 -105 3 -1 23 29 43 68 31 56 36 72 25 79 -8 5 -83 50 -166 101 -84 51 -153 95 -153 98 0 3 69 47 153 98 83 51 158 96 166 101 11 7 6 23 -25 79 -20 39 -40 69 -43 68 -3 -2 -81 -49 -173 -105 l-168 -100 0 204 0 205 -75 0 -75 0 0 -205z"/></g></svg>
  <svg x='575' y='503'><g transform="translate(0.0,27.0) scale(0.01,-0.01)"><path class="sym-fill" fill="white" d="M397 2212 l-197 -197 0 -908 0 -907 200 0 200 0 0 1105 c0 608 -1 1105 -3 1105 -1 0 -91 -89 -200 -198z"/><path class="sym-line" fill="black" d="M297 2402 l-297 -297 0 -1053 0 -1052 600 0 600 0 0 1053 0 1052 -298 298 c-163 163 -299 297 -302 297 -3 0 -139 -134 -303 -298z m303 -1092 l0 -1110 -200 0 -200 0 0 912 0 913 197 197 c109 109 199 198 200 198 2 0 3 -499 3 -1110z"/></g></svg>
  <svg x='548' y='503'><g transform="translate(0.0,27.0) scale(0.01,-0.01)"><path class="sym-fill" fill="white" d="M600 1307 l0 -1107 200 0 200 0 0 908 0 907 -200 200 -200 200 0 -1108z"/><path class="sym-line" fill="black" d="M297 2402 l-297 -297 0 -1053 0 -1052 600 0 600 0 0 1053 0 1052 -298 298 c-163 163 -299 297 -302 297 -3 0 -139 -134 -303 -298z m703 -1289 l0 -913 -200 0 -200 0 0 1112 0 1113 200 -200 200 -200 0 -912z"/></g></svg>
  <svg x='575' y='482'><g transform="translate(0.199517282911,14.7505211307) scale(0.00964541675618,-0.00973472242044)"><path class="sym-line" fill="black" d="M345 1150 l-350 -350 303 0 302 0 0 -400 0 -400 100 0 100 0 0 400 0 400 302 0 303 0 -350 350 c-192 193 -352 350 -355 350 -3 0 -163 -157 -355 -350z"/></g></svg>
  <svg x='547' y='483'><g transform="translate(0.199517282911,14.7505211307) scale(0.00964541675618,-0.00973472242044)"><path class="sym-fill" fill="white" d="M470 1125 l-225 -225 455 0 455 0 -225 225 c-124 124 -227 225 -230 225 -3 0 -106 -101 -230 -225z"/><path class="sym-line" fill="black" d="M345 1150 l-350 -350 303 0 302 0 0 -400 0 -400 100 0 100 0 0 400 0 400 302 0 303 0 -350 350 c-192 193 -352 350 -355 350 -3 0 -163 -157 -355 -350z m585 -25 l225 -225 -455 0 -455 0 225 225 c124 124 227 225 230 225 3 0 106 -101 230 -225z"/></g></svg>
</svg>