<svg version='1.1' xmlns='http://www.w3.org/2000/svg' width='179' height='65' viewBox='411 468 179 65'>
  <text font-size='0'>M590x533S11020411x468S2990c413x501S20310462x470S20314461x490S21100481x481S15a10577x470S15a18539x470S22a04577x502S22a14538x502</text>
  <svg x='411' y='468'><g transform="translate(0.0,27.0) scale(0.01,-0.01)"><path class="sym-line" fill="black" d="M800 2400 l0 -300 100 0 100 0 0 200 0 200 100 0 100 0 0 -500 0 -500 -300 0 -300 0 0 500 0 500 -300 0 -300 0 0 -300 0 -300 100 0 100 0 0 200 0 200 100 0 100 0 0 -1150 0 -1150 750 0 750 0 0 750 0 750 -250 0 -250 0 0 600 0 600 -300 0 -300 0 0 -300z"/></g></svg>
  <svg x='413' y='501'><g transform="translate(0.137198338428,31.7626093497) scale(0.00971975113612,-0.00987942870304)"><path class="sym-fill" fill="white" d="M725 2889 c-279 -254 -332 -310 -378 -397 -60 -116 -72 -164 -72 -292 0 -122 12 -172 63 -275 45 -92 94 -146 281 -312 102 -91 198 -180 213 -198 108 -128 108 -302 0 -430 -15 -18 -110 -108 -212 -200 -102 -93 -186 -172 -188 -176 -3 -6 201 -201 216 -207 10 -3 362 318 428 390 59 65 117 170 139 254 21 77 21 231 0 308 -41 153 -114 243 -419 517 -149 133 -177 172 -198 272 -14 68 -2 144 35 216 22 42 210 224 485 470 l64 57 -114 106 -113 106 -230 -209z"/><path class="sym-line" fill="black" d="M565 2962 c-143 -132 -280 -265 -304 -298 -107 -145 -153 -285 -153 -464 0 -134 21 -229 75 -336 59 -117 123 -190 321 -366 325 -288 326 -304 3 -597 -103 -94 -192 -171 -198 -171 -6 0 -77 62 -157 138 l-147 137 -3 -499 c-1 -275 -1 -501 1 -503 2 -2 246 -2 541 -1 l538 3 -151 139 -151 139 22 25 c13 13 106 99 207 190 194 176 260 253 316 367 101 204 101 466 0 670 -58 118 -124 192 -329 374 -204 181 -236 220 -236 291 0 71 31 108 291 345 l251 230 -57 53 c-31 29 -61 52 -65 50 -26 -9 -500 -456 -527 -495 -40 -61 -56 -114 -56 -183 0 -130 39 -187 282 -403 120 -106 210 -196 238 -235 126 -176 155 -393 78 -583 -47 -119 -103 -184 -324 -387 -116 -106 -214 -192 -219 -192 -7 0 -63 50 -225 199 -4 4 77 83 179 176 103 94 204 189 225 213 95 108 105 271 24 393 -13 21 -112 116 -220 214 -108 97 -214 200 -237 228 -141 178 -168 430 -69 642 44 94 93 148 363 396 139 128 253 235 253 238 0 9 -101 101 -111 101 -5 0 -126 -107 -269 -238z"/></g></svg>
  <svg x='462' y='470'><g transform="translate(0.0,15.0) scale(0.01,-0.01)"><path class="sym-fill" fill="white" d="M200 750 l0 -550 300 0 300 0 0 550 0 550 -300 0 -300 0 0 -550z"/><path class="sym-line" fill="black" d="M0 750 l0 -750 750 0 750 0 0 750 0 750 -750 0 -750 0 0 -750z m800 0 l0 -550 -300 0 -300 0 0 550 0 550 300 0 300 0 0 -550z"/></g></svg>
  <svg x='461' y='490'><g transform="translate(0.0,15.0) scale(0.01,-0.01)"><path class="sym-fill" fill="white" d="M700 750 l0 -550 300 0 300 0 0 550 0 550 -300 0 -300 0 0 -550z"/><path class="sym-line" fill="black" d="M0 750 l0 -750 750 0 750 0 0 750 0 750 -750 0 -750 0 0 -750z m1300 0 l0 -550 -300 0 -300 0 0 550 0 550 300 0 300 0 0 -550z"/></g></svg>
  <svg x='481' y='481'><g transform="translate(0.100900989662,13.8028761369) scale(0.00973019545717,-0.00980171001958)"><path class="sym-fill" fill="white" d="M583 1185 c-269 -75 -434 -344 -368 -598 49 -187 188 -325 378 -374 159 -40 396 23 545 145 l33 27 -68 74 -68 74 -32 -27 c-89 -75 -261 -121 -366 -97 -230 51 -313 335 -147 501 60 60 117 83 223 88 l87 4 0 -100 0 -100 -70 -4 c-60 -3 -74 -8 -97 -31 -38 -38 -38 -96 0 -135 24 -23 35 -27 85 -26 105 1 209 71 255 173 30 64 30 178 0 242 -27 60 -93 125 -152 152 -59 26 -168 32 -238 12z"/><path class="sym-line" fill="black" d="M535 1386 c-139 -36 -249 -101 -348 -205 -73 -78 -116 -148 -155 -253 -25 -68 -27 -84 -27 -228 0 -144 2 -160 27 -228 42 -114 85 -180 172 -268 88 -87 154 -130 268 -172 68 -25 84 -27 233 -27 185 0 237 11 380 79 97 46 215 128 215 148 -1 7 -29 44 -64 82 l-63 68 -54 -41 c-197 -149 -458 -183 -653 -84 -65 33 -176 144 -209 209 -75 147 -75 321 0 468 33 65 144 176 209 209 168 85 351 71 450 -35 60 -63 79 -113 79 -208 0 -73 -4 -92 -27 -135 -50 -95 -138 -154 -243 -163 -58 -4 -63 -3 -93 28 -44 44 -45 96 -1 139 28 29 36 31 100 31 l69 0 0 101 0 102 -86 -6 c-143 -10 -231 -65 -282 -176 -68 -147 -2 -321 148 -389 106 -49 278 -25 388 54 26 19 57 38 69 44 31 13 107 119 135 188 19 49 23 75 23 182 0 107 -4 133 -23 182 -50 125 -166 241 -290 289 -70 28 -266 36 -347 15z"/></g></svg>
  <svg x='577' y='470'><g transform="translate(0.0,27.0) scale(0.01,-0.01)"><path class="sym-fill" fill="white" d="M397 2212 l-197 -197 0 -908 0 -907 200 0 200 0 0 1105 c0 608 -1 1105 -3 1105 -1 0 -91 -89 -200 -198z"/><path class="sym-line" fill="black" d="M297 2402 l-297 -297 0 -1053 0 -1052 600 0 600 0 0 1053 0 1052 -298 298 c-163 163 -299 297 -302 297 -3 0 -139 -134 -303 -298z m303 -1092 l0 -1110 -200 0 -200 0 0 912 0 913 197 197 c109 109 199 198 200 198 2 0 3 -499 3 -1110z"/></g></svg>
  <svg x='539' y='470'><g transform="translate(0.0,27.0) scale(0.01,-0.01)"><path class="sym-fill" fill="white" d="M600 1307 l0 -1107 200 0 200 0 0 908 0 907 -200 200 -200 200 0 -1108z"/><path class="sym-line" fill="black" d="M297 2402 l-297 -297 0 -1053 0 -1052 600 0 600 0 0 1053 0 1052 -298 298 c-163 163 -299 297 -302 297 -3 0 -139 -134 -303 -298z m703 -1289 l0 -913 -200 0 -200 0 0 1112 0 1113 200 -200 200 -200 0 -912z"/></g></svg>
  <svg x='577' y='502'><g transform="translate(0.043463926586,14.7505211307) scale(0.00985915292844,-0.00973472242044)"><path class="sym-fill" fill="white" d="M510 1100 l0 -400 140 0 140 0 0 400 0 400 -140 0 -140 0 0 -400z"/><path class="sym-line" fill="black" d="M330 1100 l0 -400 -159 -2 -160 -3 315 -347 c174 -192 319 -348 324 -348 5 0 150 156 324 348 l315 347 -160 3 -159 2 0 400 0 400 -90 0 -90 0 0 -400 0 -400 -140 0 -140 0 0 400 0 400 -90 0 -90 0 0 -400z"/></g></svg>
  <svg x='538' y='502'><g transform="translate(0.043463926586,14.7505211307) scale(0.00985915292844,-0.00973472242044)"><path class="sym-fill" fill="white" d="M510 1100 l0 -400 140 0 140 0 0 400 0 400 -140 0 -140 0 0 -400z M277 557 c144 -163 368 -407 373 -407 5 0 229 244 373 407 l39 43 -412 0 -412 0 39 -43z"/><path class="sym-line" fill="black" d="M330 1100 l0 -400 -159 -2 -160 -3 315 -347 c174 -192 319 -348 324 -348 5 0 150 156 324 348 l315 347 -160 3 -159 2 0 400 0 400 -90 0 -90 0 0 -400 0 -400 -140 0 -140 0 0 400 0 400 -90 0 -90 0 0 -400z m714 -522 c-82 -96 -388 -428 -394 -428 -6 0 -312 332 -394 428 l-19 22 413 0 413 0 -19 -22z"/></g></svg>
</svg>