<svg version='1.1' xmlns='http://www.w3.org/2000/svg' width='181' height='48' viewBox='410 476 181 48'>
  <text font-size='0'>M591x524S19a20444x500S19a28410x500S26500452x476S26510415x476S22b06487x508S26510533x478S26500570x478S19a28527x500S19a20563x500</text>
  <svg x='444' y='500'><g transform="translate(0.138875399968,19.7571138629) scale(0.00984396215938,-0.00989909330674)"><path class="sym-line" fill="black" d="M2356 1720 l-290 -260 -713 0 -713 0 -2 -391 -3 -392 -220 198 c-121 109 -230 207 -242 217 l-22 20 -75 -67 c-42 -38 -76 -73 -75 -79 0 -6 144 -139 319 -296 l319 -285 1 -192 0 -193 815 0 815 0 0 678 0 677 243 218 c134 119 255 229 268 243 l24 26 -75 69 c-41 37 -77 68 -80 69 -3 0 -135 -117 -294 -260z"/></g></svg>
  <svg x='410' y='500'><g transform="translate(0.198444386472,19.7571138629) scale(0.00984396215938,-0.00989909330674)"><path class="sym-line" fill="black" d="M70 1911 l-75 -69 24 -26 c13 -14 134 -124 268 -243 l243 -218 0 -677 0 -678 815 0 815 0 0 193 1 192 319 285 c175 157 319 290 319 296 1 6 -33 41 -75 79 l-75 68 -27 -26 c-15 -13 -124 -111 -242 -217 l-215 -192 -3 391 -2 391 -713 0 -713 0 -289 260 c-160 143 -292 260 -295 260 -3 -1 -39 -32 -80 -69z"/></g></svg>
  <svg x='452' y='476'><g transform="translate(0.199517282911,14.7505211307) scale(0.00964541675618,-0.00973472242044)"><path class="sym-line" fill="black" d="M345 1150 l-350 -350 303 0 302 0 0 -400 0 -400 100 0 100 0 0 400 0 400 302 0 303 0 -350 350 c-192 193 -352 350 -355 350 -3 0 -163 -157 -355 -350z"/></g></svg>
  <svg x='415' y='476'><g transform="translate(0.199517282911,14.7505211307) scale(0.00964541675618,-0.00973472242044)"><path class="sym-fill" fill="white" d="M470 1125 l-225 -225 455 0 455 0 -225 225 c-124 124 -227 225 -230 225 -3 0 -106 -101 -230 -225z"/><path class="sym-line" fill="black" d="M345 1150 l-350 -350 303 0 302 0 0 -400 0 -400 100 0 100 0 0 400 0 400 302 0 303 0 -350 350 c-192 193 -352 350 -355 350 -3 0 -163 -157 -355 -350z m585 -25 l225 -225 -455 0 -455 0 225 225 c124 124 227 225 230 225 3 0 106 -101 230 -225z"/></g></svg>
  <svg x='487' y='508'><g transform="translate(0.150646944493,15.6976811299) scale(0.00985046527537,-0.00968799012796)"><path class="sym-fill" fill="white" d="M0 800 l0 -200 1100 0 1100 0 0 200 0 200 -1100 0 -1100 0 0 -200z"/><path class="sym-line" fill="black" d="M2200 1402 l0 -202 -1100 0 -1100 0 0 -100 0 -100 1100 0 1100 0 0 -200 0 -200 -1100 0 -1100 0 0 -100 0 -100 1100 0 1100 0 0 -202 0 -203 402 403 403 402 -403 402 -402 403 0 -203z"/></g></svg>
  <svg x='533' y='478'><g transform="translate(0.199517282911,14.7505211307) scale(0.00964541675618,-0.00973472242044)"><path class="sym-fill" fill="white" d="M470 1125 l-225 -225 455 0 455 0 -225 225 c-124 124 -227 225 -230 225 -3 0 -106 -101 -230 -225z"/><path class="sym-line" fill="black" d="M345 1150 l-350 -350 303 0 302 0 0 -400 0 -400 100 0 100 0 0 400 0 400 302 0 303 0 -350 350 c-192 193 -352 350 -355 350 -3 0 -163 -157 -355 -350z m585 -25 l225 -225 -455 0 -455 0 225 225 c124 124 227 225 230 225 3 0 106 -101 230 -225z"/></g></svg>
  <svg x='570' y='478'><g transform="translate(0.199517282911,14.7505211307) scale(0.00964541675618,-0.00973472242044)"><path class="sym-line" fill="black" d="M345 1150 l-350 -350 303 0 302 0 0 -400 0 -400 100 0 100 0 0 400 0 400 302 0 303 0 -350 350 c-192 193 -352 350 -355 350 -3 0 -163 -157 -355 -350z"/></g></svg>
  <svg x='527' y='500'><g transform="translate(0.198444386472,19.7571138629) scale(0.00984396215938,-0.00989909330674)"><path class="sym-line" fill="black" d="M70 1911 l-75 -69 24 -26 c13 -14 134 -124 268 -243 l243 -218 0 -677 0 -678 815 0 815 0 0 193 1 192 319 285 c175 157 319 290 319 296 1 6 -33 41 -75 79 l-75 68 -27 -26 c-15 -13 -124 -111 -242 -217 l-215 -192 -3 391 -2 391 -713 0 -713 0 -289 260 c-160 143 -292 260 -295 260 -3 -1 -39 -32 -80 -69z"/></g></svg>
  <svg x='563' y='500'><g transform="translate(0.138875399968,19.7571138629) scale(0.00984396215938,-0.00989909330674)"><path class="sym-line" fill="black" d="M2356 1720 l-290 -260 -713 0 -713 0 -2 -391 -3 -392 -220 198 c-121 109 -230 207 -242 217 l-22 20 -75 -67 c-42 -38 -76 -73 -75 -79 0 -6 144 -139 319 -296 l319 -285 1 -192 0 -193 815 0 815 0 0 678 0 677 243 218 c134 119 255 229 268 243 l24 26 -75 69 c-41 37 -77 68 -80 69 -3 0 -135 -117 -294 -260z"/></g></svg>
</svg>