<svg version='1.1' xmlns='http://www.w3.org/2000/svg' width='173' height='167' viewBox='421 435 173 167'>
  <text font-size='0'>M594x602S34700428x483S27106438x435S20b00444x589S10011459x532S1001a421x549S26504443x568S2ff00536x482S27102548x436S15a37529x557S10014562x525S26a04567x563S20500569x584S20500583x583</text>
  <svg x='428' y='483'><g transform="translate(0.149874875465,34.7500790925) scale(0.00988906872676,-0.00988956850125)"><path class="sym-line" fill="black" d="M1528 3484 c-592 -92 -1088 -447 -1348 -963 -125 -249 -180 -485 -180 -771 0 -480 183 -911 529 -1242 350 -336 780 -508 1271 -508 451 0 864 150 1193 434 326 281 517 620 591 1051 21 121 21 409 0 530 -43 252 -114 444 -237 639 -282 453 -741 750 -1284 831 -127 19 -413 18 -535 -1z m607 -173 c583 -126 1038 -523 1224 -1069 59 -173 75 -277 75 -492 0 -165 -3 -211 -22 -300 -71 -327 -228 -611 -458 -829 -186 -177 -381 -295 -614 -374 -176 -60 -282 -78 -490 -84 -247 -7 -416 19 -628 97 -549 201 -944 674 -1043 1250 -17 97 -17 383 0 480 99 576 495 1050 1043 1250 105 38 177 58 303 81 143 26 467 21 610 -10z M1586 1290 c-88 -14 -199 -46 -269 -79 -265 -122 -246 -330 41 -439 149 -57 215 -67 452 -66 201 0 222 2 314 27 229 62 346 152 346 267 0 115 -119 207 -346 266 -87 23 -122 27 -289 30 -104 1 -217 -1 -249 -6z m532 -179 c90 -23 135 -42 170 -74 57 -52 -6 -107 -175 -149 -78 -20 -114 -23 -308 -23 -180 0 -234 3 -300 19 -105 24 -179 58 -200 90 -16 24 -16 28 0 52 27 42 125 77 295 108 14 2 117 3 230 1 169 -2 220 -6 288 -24z"/></g></svg>
  <svg x='438' y='435'><g transform="translate(0.198936059556,39.7014459718) scale(0.00966859326382,-0.00987539862011)"><path class="sym-line" fill="black" d="M800 3702 l0 -302 -350 0 -350 0 0 -100 0 -100 350 0 350 0 0 -302 0 -303 352 353 353 352 -353 352 -352 353 0 -303z M345 2350 l-350 -350 353 -353 352 -352 0 303 0 302 350 0 350 0 0 100 0 100 -350 0 -350 0 -2 300 -3 300 -350 -350z M800 1102 l0 -302 -350 0 -350 0 0 -100 0 -100 350 0 350 0 0 -302 0 -303 352 353 353 352 -353 352 -352 353 0 -303z"/></g></svg>
  <svg x='444' y='589'><g transform="translate(0.0,13.0) scale(0.01,-0.01)"><path class="sym-fill" fill="white" d="M500 650 l0 -150 150 0 150 0 0 150 0 150 -150 0 -150 0 0 -150z"/><path class="sym-line" fill="black" d="M300 1150 l0 -150 -150 0 -150 0 0 -100 0 -100 150 0 150 0 0 -150 0 -150 -150 0 -150 0 0 -100 0 -100 150 0 150 0 0 -150 0 -150 100 0 100 0 0 150 0 150 150 0 150 0 0 -150 0 -150 100 0 100 0 0 150 0 150 150 0 150 0 0 100 0 100 -150 0 -150 0 0 150 0 150 150 0 150 0 0 100 0 100 -150 0 -150 0 0 150 0 150 -100 0 -100 0 0 -150 0 -150 -150 0 -150 0 0 150 0 150 -100 0 -100 0 0 -150z m500 -500 l0 -150 -150 0 -150 0 0 150 0 150 150 0 150 0 0 -150z"/></g></svg>
  <svg x='459' y='532'><g transform="translate(0.0827624000386,29.8972374025) scale(0.00988338120185,-0.00991626663417)"><path class="sym-fill" fill="white" d="M601 1204 l-191 -197 42 -46 c23 -25 182 -189 353 -365 l310 -318 193 197 193 198 -128 131 c-71 72 -230 236 -355 363 l-226 233 -191 -196z"/><path class="sym-line" fill="black" d="M76 2931 l-69 -69 486 -498 485 -498 -371 -381 c-204 -209 -393 -403 -419 -431 l-49 -51 481 -494 c264 -272 487 -494 495 -494 8 0 231 222 495 494 l481 494 -49 51 c-152 158 -1893 1946 -1895 1946 -2 0 -33 -31 -71 -69z m1020 -1838 c165 -170 324 -334 353 -365 l54 -58 -188 -192 c-104 -106 -194 -193 -200 -193 -12 0 -696 698 -703 716 -4 9 367 398 379 399 3 0 140 -138 305 -307z"/></g></svg>
  <svg x='421' y='549'><g transform="translate(0.0,15.0) scale(0.01,-0.01)"><path class="sym-fill" fill="white" d="M200 500 l0 -300 550 0 550 0 0 300 0 300 -550 0 -550 0 0 -300z"/><path class="sym-line" fill="black" d="M0 750 l0 -750 750 0 750 0 0 650 0 650 750 0 750 0 0 100 0 100 -1500 0 -1500 0 0 -750z m1300 -250 l0 -300 -550 0 -550 0 0 300 0 300 550 0 550 0 0 -300z"/></g></svg>
  <svg x='443' y='568'><g transform="translate(0.199517282911,14.7025292494) scale(0.00964541675618,-0.00970272783292)"><path class="sym-line" fill="black" d="M600 1100 l0 -400 -302 0 -303 0 353 -352 352 -353 352 353 353 352 -303 0 -302 0 0 400 0 400 -100 0 -100 0 0 -400z"/></g></svg>
  <svg x='536' y='482'><g transform="translate(0.149874875465,34.7500790925) scale(0.00988906872676,-0.00988956850125)"><path class="sym-line" fill="black" d="M1528 3484 c-592 -92 -1088 -447 -1348 -963 -125 -249 -180 -485 -180 -771 0 -480 183 -911 529 -1242 350 -336 780 -508 1271 -508 451 0 864 150 1193 434 326 281 517 620 591 1051 21 121 21 409 0 530 -43 252 -114 444 -237 639 -282 453 -741 750 -1284 831 -127 19 -413 18 -535 -1z m607 -173 c583 -126 1038 -523 1224 -1069 59 -173 75 -277 75 -492 0 -165 -3 -211 -22 -300 -71 -327 -228 -611 -458 -829 -186 -177 -381 -295 -614 -374 -176 -60 -282 -78 -490 -84 -247 -7 -416 19 -628 97 -549 201 -944 674 -1043 1250 -17 97 -17 383 0 480 99 576 495 1050 1043 1250 105 38 177 58 303 81 143 26 467 21 610 -10z"/></g></svg>
  <svg x='548' y='436'><g transform="translate(0.198936059556,39.6996216369) scale(0.00966859326382,-0.00988779603421)"><path class="sym-line" fill="black" d="M345 3650 l-350 -350 353 -353 352 -352 0 303 0 302 350 0 350 0 0 100 0 100 -350 0 -350 0 -2 300 -3 300 -350 -350z M800 2402 l0 -302 -350 0 -350 0 0 -100 0 -100 350 0 350 0 0 -302 0 -303 352 353 353 352 -353 352 -352 353 0 -303z M345 1050 l-350 -350 353 -353 352 -352 0 303 0 302 350 0 350 0 0 100 0 100 -350 0 -350 0 -2 300 -3 300 -350 -350z"/></g></svg>
  <svg x='529' y='557'><g transform="translate(-0.000223836172357,22.7560476437) scale(0.00989189550009,-0.00991168243272)"><path class="sym-fill" fill="white" d="M1438 1973 l-108 -108 -68 68 -67 67 -103 -103 -102 -102 67 -68 68 -67 -413 -413 -412 -412 275 -275 275 -275 413 413 412 412 68 -67 67 -68 102 102 103 103 -68 68 -67 67 110 110 110 110 0 272 0 273 -278 0 -277 0 -107 -107z"/><path class="sym-line" fill="black" d="M1327 2142 l-137 -137 70 -70 70 -70 113 113 113 112 269 -2 270 -3 3 -275 2 -274 -110 -111 -110 -110 70 -70 70 -70 140 140 140 140 0 412 0 413 -418 0 -417 0 -138 -138z M495 1310 l-480 -480 415 -415 415 -415 482 482 483 483 -70 70 -70 70 -413 -413 -412 -412 -275 275 -275 275 413 413 412 412 -68 68 c-37 37 -70 67 -72 67 -3 0 -221 -216 -485 -480z"/></g></svg>
  <svg x='562' y='525'><g transform="translate(0.0,30.0) scale(0.01,-0.01)"><path class="sym-fill" fill="white" d="M700 2250 l0 -550 300 0 300 0 0 550 0 550 -300 0 -300 0 0 -550z"/><path class="sym-line" fill="black" d="M0 1500 l0 -1500 100 0 100 0 0 750 0 750 650 0 650 0 0 750 0 750 -750 0 -750 0 0 -1500z m1300 750 l0 -550 -300 0 -300 0 0 550 0 550 300 0 300 0 0 -550z"/></g></svg>
  <svg x='567' y='563'><g transform="translate(0.199152862387,13.7002011211) scale(0.00981571140639,-0.0096798311579)"><path class="sym-line" fill="black" d="M600 1050 l0 -350 -302 0 -303 0 352 -352 353 -353 325 325 325 325 325 -325 325 -325 353 353 352 352 -303 0 -302 0 0 350 0 350 -100 0 -100 0 0 -350 0 -350 -550 0 -550 0 0 350 0 350 -100 0 -100 0 0 -350z"/></g></svg>
  <svg x='569' y='584'><g transform="translate(-0.221878406359,10.7500002304) scale(0.0103429235226,-0.00963778430032)"><path class="sym-line" fill="black" d="M430 895 l0 -205 -37 23 c-21 13 -95 61 -165 105 l-128 82 -36 -71 c-19 -40 -32 -75 -27 -79 4 -3 74 -48 156 -99 81 -51 147 -97 147 -101 0 -4 -66 -50 -147 -101 -82 -51 -152 -96 -156 -99 -5 -4 8 -39 27 -79 l36 -71 128 82 c70 44 144 92 165 105 l37 23 0 -205 0 -205 70 0 70 0 0 205 0 205 38 -23 c20 -13 94 -61 164 -105 l128 -82 36 71 c19 40 32 75 27 79 -4 3 -74 48 -155 99 -82 51 -148 97 -148 101 0 4 66 50 148 101 81 51 151 96 155 99 5 4 -8 39 -27 79 l-36 71 -128 -82 c-70 -44 -144 -92 -164 -105 l-38 -23 0 205 0 205 -70 0 -70 0 0 -205z"/></g></svg>
  <svg x='583' y='583'><g transform="translate(-0.221878406359,10.7500002304) scale(0.0103429235226,-0.00963778430032)"><path class="sym-line" fill="black" d="M430 895 l0 -205 -37 23 c-21 13 -95 61 -165 105 l-128 82 -36 -71 c-19 -40 -32 -75 -27 -79 4 -3 74 -48 156 -99 81 -51 147 -97 147 -101 0 -4 -66 -50 -147 -101 -82 -51 -152 -96 -156 -99 -5 -4 8 -39 27 -79 l36 -71 128 82 c70 44 144 92 165 105 l37 23 0 -205 0 -205 70 0 70 0 0 205 0 205 38 -23 c20 -13 94 -61 164 -105 l128 -82 36 71 c19 40 32 75 27 79 -4 3 -74 48 -155 99 -82 51 -148 97 -148 101 0 4 66 50 148 101 81 51 151 96 155 99 5 4 -8 39 -27 79 l-36 71 -128 -82 c-70 -44 -144 -92 -164 -105 l-38 -23 0 205 0 205 -70 0 -70 0 0 -205z"/></g></svg>
</svg>