<svg version='1.1' xmlns='http://www.w3.org/2000/svg' width='169' height='176' viewBox='426 412 169 176'>
  <text font-size='0'>M595x588S36d00479x412S3760f520x414S20310531x462S23600487x461S20600499x495S11549494x508S11541502x508S1f030511x569S1f038479x569S20500505x555S26506545x569S26512460x570S1f430566x571S1f438426x573</text>
  <svg x='479' y='412'><g transform="translate(0.0,4.0) scale(0.01,-0.01)"><path class="sym-line" fill="black" d="M0 200 l0 -200 2100 0 2100 0 0 200 0 200 -2100 0 -2100 0 0 -200z"/></g></svg>
  <svg x='520' y='414'><g transform="translate(0.0,49.0) scale(0.01,-0.01)"><path class="sym-fill" fill="white" d="M1070 3975 l925 -925 3 72 3 72 -853 853 -853 853 -75 0 -75 0 925 -925z M0 4680 l0 -75 850 -850 850 -850 0 -1452 0 -1453 50 0 50 0 0 1478 0 1477 -900 900 -900 900 0 -75z"/><path class="sym-line" fill="black" d="M67 4832 l-67 -67 900 -900 900 -900 0 -1482 0 -1483 100 0 100 0 0 1518 0 1517 -933 933 -932 932 -68 -68z"/></g></svg>
  <svg x='531' y='462'><g transform="translate(0.0,15.0) scale(0.01,-0.01)"><path class="sym-fill" fill="white" d="M200 750 l0 -550 300 0 300 0 0 550 0 550 -300 0 -300 0 0 -550z"/><path class="sym-line" fill="black" d="M0 750 l0 -750 750 0 750 0 0 750 0 750 -750 0 -750 0 0 -750z m800 0 l0 -550 -300 0 -300 0 0 550 0 550 300 0 300 0 0 -550z"/></g></svg>
  <svg x='487' y='461'><g transform="translate(0.0190194881388,16.7506600986) scale(0.00996209397608,-0.0097754624403)"><path class="sym-fill" fill="white" d="M1810 1050 l0 -350 145 0 145 0 0 350 0 350 -145 0 -145 0 0 -350z M550 650 l0 -350 145 0 145 0 0 350 0 350 -145 0 -145 0 0 -350z M3060 650 l0 -350 145 0 145 0 0 350 0 350 -145 0 -145 0 0 -350z"/><path class="sym-line" fill="black" d="M348 1353 l-335 -348 168 -3 169 -2 0 -350 0 -350 100 0 100 0 0 350 0 350 145 0 145 0 0 -350 0 -350 100 0 100 0 0 350 0 350 168 2 167 3 -334 345 c-184 190 -339 346 -346 348 -6 1 -162 -154 -347 -345z M2860 1352 l-335 -347 168 -3 167 -2 0 -350 0 -350 100 0 100 0 0 350 0 350 145 0 145 0 0 -350 0 -350 100 0 100 0 0 350 0 350 169 2 169 3 -333 345 c-183 190 -339 346 -347 347 -7 1 -164 -154 -348 -345z M1610 1050 l0 -350 -170 -2 -171 -3 336 -347 c185 -192 340 -348 345 -348 5 0 160 156 345 348 l336 347 -170 3 -171 2 0 350 0 350 -95 0 -95 0 0 -350 0 -350 -150 0 -150 0 0 350 0 350 -95 0 -95 0 0 -350z"/></g></svg>
  <svg x='499' y='495'><g transform="translate(-0.213271809649,10.7500002304) scale(0.0101476511593,-0.00963778430032)"><path class="sym-line" fill="black" d="M450 895 l0 -205 -172 105 -172 105 -39 -71 c-32 -57 -37 -73 -26 -80 8 -5 83 -50 167 -100 83 -50 152 -95 152 -99 0 -4 -69 -49 -152 -99 -84 -50 -159 -95 -167 -100 -11 -7 -6 -23 26 -80 l39 -71 172 105 172 105 0 -205 0 -205 75 0 75 0 2 204 3 204 155 -95 c85 -52 163 -99 172 -104 14 -7 23 2 52 58 20 37 36 70 36 74 0 4 -74 51 -165 105 -91 54 -165 101 -165 104 0 3 74 50 165 104 91 54 165 101 165 105 0 4 -16 37 -36 74 -29 56 -38 65 -52 58 -9 -5 -87 -52 -172 -104 l-155 -95 -3 204 -2 204 -75 0 -75 0 0 -205z M1600 895 l0 -204 -167 100 c-93 56 -171 103 -174 105 -4 2 -23 -28 -44 -67 -30 -57 -35 -73 -24 -80 8 -5 83 -50 166 -101 84 -51 153 -95 153 -98 0 -3 -69 -47 -153 -98 -83 -51 -158 -96 -166 -101 -11 -7 -6 -23 24 -80 21 -39 40 -69 44 -67 3 2 81 49 174 105 l167 100 0 -204 0 -205 75 0 75 0 0 205 0 204 168 -100 c92 -56 170 -103 173 -105 3 -1 23 29 43 68 31 56 36 72 25 79 -8 5 -83 50 -166 101 -84 51 -153 95 -153 98 0 3 69 47 153 98 83 51 158 96 166 101 11 7 6 23 -25 79 -20 39 -40 69 -43 68 -3 -2 -81 -49 -173 -105 l-168 -100 0 204 0 205 -75 0 -75 0 0 -205z"/></g></svg>
  <svg x='494' y='508'><g transform="translate(0.0504151578173,26.8032243438) scale(0.00995782523761,-0.00990721451717)"><path class="sym-fill" fill="white" d="M872 927 l-282 -282 190 -190 190 -190 285 285 285 285 -187 187 c-103 104 -190 188 -193 188 -3 0 -132 -127 -288 -283z"/><path class="sym-line" fill="black" d="M1350 2305 l-385 -385 68 -67 67 -68 385 385 385 385 -68 68 -67 67 -385 -385z M1757 2082 l-477 -477 70 -70 70 -70 480 480 480 480 -67 67 c-37 38 -70 68 -73 68 -3 0 -220 -215 -483 -478z M427 1382 l-417 -417 480 -480 480 -480 417 418 418 417 -480 480 -480 480 -418 -418z m928 -352 l190 -190 -288 -288 -287 -287 -192 193 -193 192 285 285 c157 157 287 285 290 285 3 0 91 -86 195 -190z"/></g></svg>
  <svg x='502' y='508'><g transform="translate(-0.0476529550967,26.8032243438) scale(0.00995782523761,-0.00990721451717)"><path class="sym-fill" fill="white" d="M1047 1022 l-187 -187 285 -285 285 -285 190 190 190 190 -282 282 c-156 156 -285 283 -288 283 -3 0 -90 -84 -193 -188z"/><path class="sym-line" fill="black" d="M597 2622 l-67 -67 385 -385 385 -385 67 68 68 67 -385 385 -385 385 -68 -68z M87 2492 l-67 -67 480 -480 480 -480 70 70 70 70 -477 477 c-263 263 -480 478 -483 478 -3 0 -36 -30 -73 -68z M1075 1320 l-480 -480 418 -417 417 -418 480 480 480 480 -418 418 -417 417 -480 -480z m455 -385 l285 -285 -193 -192 -192 -193 -287 287 -288 288 190 190 c104 104 192 190 195 190 3 0 133 -128 290 -285z"/></g></svg>
  <svg x='511' y='569'><g transform="translate(0.0,15.0) scale(0.01,-0.01)"><path class="sym-fill" fill="white" d="M1800 750 l0 -550 450 0 450 0 0 550 0 550 -450 0 -450 0 0 -550z"/><path class="sym-line" fill="black" d="M0 1400 l0 -100 700 0 700 0 0 100 0 100 -700 0 -700 0 0 -100z M1600 750 l0 -750 650 0 650 0 0 750 0 750 -650 0 -650 0 0 -750z m1100 0 l0 -550 -450 0 -450 0 0 550 0 550 450 0 450 0 0 -550z M176 778 c-27 -96 -37 -140 -34 -143 5 -5 1234 -335 1247 -335 7 0 11 37 11 108 l0 107 -597 158 c-329 87 -601 158 -605 157 -4 0 -13 -24 -22 -52z"/></g></svg>
  <svg x='479' y='569'><g transform="translate(0.0,15.0) scale(0.01,-0.01)"><path class="sym-fill" fill="white" d="M200 750 l0 -550 450 0 450 0 0 550 0 550 -450 0 -450 0 0 -550z"/><path class="sym-line" fill="black" d="M0 750 l0 -750 650 0 650 0 0 750 0 750 -650 0 -650 0 0 -750z m1100 0 l0 -550 -450 0 -450 0 0 550 0 550 450 0 450 0 0 -550z M1500 1400 l0 -100 700 0 700 0 0 100 0 100 -700 0 -700 0 0 -100z M2088 672 l-588 -157 0 -107 c0 -71 4 -108 11 -108 13 0 1242 330 1247 335 3 3 -7 47 -34 143 -11 37 -20 52 -32 51 -9 0 -281 -71 -604 -157z"/></g></svg>
  <svg x='505' y='555'><g transform="translate(-0.221878406359,10.7500002304) scale(0.0103429235226,-0.00963778430032)"><path class="sym-line" fill="black" d="M430 895 l0 -205 -37 23 c-21 13 -95 61 -165 105 l-128 82 -36 -71 c-19 -40 -32 -75 -27 -79 4 -3 74 -48 156 -99 81 -51 147 -97 147 -101 0 -4 -66 -50 -147 -101 -82 -51 -152 -96 -156 -99 -5 -4 8 -39 27 -79 l36 -71 128 82 c70 44 144 92 165 105 l37 23 0 -205 0 -205 70 0 70 0 0 205 0 205 38 -23 c20 -13 94 -61 164 -105 l128 -82 36 71 c19 40 32 75 27 79 -4 3 -74 48 -155 99 -82 51 -148 97 -148 101 0 4 66 50 148 101 81 51 151 96 155 99 5 4 -8 39 -27 79 l-36 71 -128 -82 c-70 -44 -144 -92 -164 -105 l-38 -23 0 205 0 205 -70 0 -70 0 0 -205z"/></g></svg>
  <svg x='545' y='569'><g transform="translate(0.149734255248,13.6974450331) scale(0.0097007872376,-0.00964308576999)"><path class="sym-line" fill="black" d="M800 1102 l0 -302 -400 0 -400 0 0 -100 0 -100 400 0 400 0 0 -302 0 -303 352 353 353 352 -353 352 -352 353 0 -303z"/></g></svg>
  <svg x='460' y='570'><g transform="translate(0.198128695057,13.7002011211) scale(0.0097007872376,-0.0096798311579)"><path class="sym-fill" fill="white" d="M370 925 l-225 -225 228 -228 227 -227 0 453 c0 248 -1 452 -3 452 -1 0 -103 -101 -227 -225z"/><path class="sym-line" fill="black" d="M345 1050 l-350 -350 353 -353 352 -352 0 303 0 302 400 0 400 0 0 100 0 100 -400 0 -400 0 -2 300 -3 300 -350 -350z m255 -352 l0 -453 -227 227 -228 228 225 225 c124 124 226 225 227 225 2 0 3 -204 3 -452z"/></g></svg>
  <svg x='566' y='571'><g transform="translate(0.0,15.0) scale(0.01,-0.01)"><path class="sym-fill" fill="white" d="M1800 750 l0 -550 450 0 450 0 0 550 0 550 -450 0 -450 0 0 -550z"/><path class="sym-line" fill="black" d="M0 1400 l0 -100 317 0 318 0 382 -382 383 -383 0 150 0 150 -232 232 -233 233 233 0 232 0 0 100 0 100 -700 0 -700 0 0 -100z M1600 750 l0 -750 650 0 650 0 0 750 0 750 -650 0 -650 0 0 -750z m1100 0 l0 -550 -450 0 -450 0 0 550 0 550 450 0 450 0 0 -550z"/></g></svg>
  <svg x='426' y='573'><g transform="translate(0.0,15.0) scale(0.01,-0.01)"><path class="sym-fill" fill="white" d="M200 750 l0 -550 450 0 450 0 0 550 0 550 -450 0 -450 0 0 -550z"/><path class="sym-line" fill="black" d="M0 750 l0 -750 650 0 650 0 0 750 0 750 -650 0 -650 0 0 -750z m1100 0 l0 -550 -450 0 -450 0 0 550 0 550 450 0 450 0 0 -550z M1500 1400 l0 -100 232 0 233 0 -233 -233 -232 -232 0 -150 0 -150 383 383 382 382 318 0 317 0 0 100 0 100 -700 0 -700 0 0 -100z"/></g></svg>
</svg>