<svg version='1.1' xmlns='http://www.w3.org/2000/svg' width='155' height='119' viewBox='441 482 155 119'>
  <text font-size='0'>M596x601S33b00483x482S36d00479x518S10001505x510S22a04493x527S20500495x545S14021441x576S14a20478x580S14021496x576S14021527x577S14a20561x581S11a20581x566</text>
  <svg x='483' y='482'><g transform="translate(0.149874875465,34.7500790925) scale(0.00988906872676,-0.00988956850125)"><path class="sym-line" fill="black" d="M1528 3484 c-592 -92 -1088 -447 -1348 -963 -125 -249 -180 -485 -180 -771 0 -480 183 -911 529 -1242 350 -336 780 -508 1271 -508 451 0 864 150 1193 434 326 281 517 620 591 1051 21 121 21 409 0 530 -43 252 -114 444 -237 639 -282 453 -741 750 -1284 831 -127 19 -413 18 -535 -1z m607 -173 c583 -126 1038 -523 1224 -1069 59 -173 75 -277 75 -492 0 -165 -3 -211 -22 -300 -71 -327 -228 -611 -458 -829 -186 -177 -381 -295 -614 -374 -176 -60 -282 -78 -490 -84 -247 -7 -416 19 -628 97 -549 201 -944 674 -1043 1250 -17 97 -17 383 0 480 99 576 495 1050 1043 1250 105 38 177 58 303 81 143 26 467 21 610 -10z M1020 875 l0 -75 780 0 780 0 0 75 0 75 -780 0 -780 0 0 -75z"/></g></svg>
  <svg x='479' y='518'><g transform="translate(0.0,4.0) scale(0.01,-0.01)"><path class="sym-line" fill="black" d="M0 200 l0 -200 2100 0 2100 0 0 200 0 200 -2100 0 -2100 0 0 -200z"/></g></svg>
  <svg x='505' y='510'><g transform="translate(0.0827624000386,29.8972374025) scale(0.00988338120185,-0.00991626663417)"><path class="sym-fill" fill="white" d="M763 1370 l-353 -363 70 -76 c39 -42 197 -206 353 -365 l282 -289 353 363 352 362 -80 86 c-44 48 -203 212 -353 366 l-272 278 -352 -362z"/><path class="sym-line" fill="black" d="M76 2931 l-69 -69 486 -498 485 -498 -371 -381 c-204 -209 -393 -403 -419 -431 l-49 -51 481 -494 c264 -272 487 -494 495 -494 8 0 231 222 495 494 l481 494 -49 51 c-152 158 -1893 1946 -1895 1946 -2 0 -33 -31 -71 -69z m1394 -1560 c190 -194 345 -359 345 -366 0 -16 -684 -720 -700 -720 -16 0 -700 704 -700 720 0 16 687 724 700 722 6 -1 166 -161 355 -356z"/></g></svg>
  <svg x='493' y='527'><g transform="translate(0.043463926586,14.7505211307) scale(0.00985915292844,-0.00973472242044)"><path class="sym-fill" fill="white" d="M510 1100 l0 -400 140 0 140 0 0 400 0 400 -140 0 -140 0 0 -400z"/><path class="sym-line" fill="black" d="M330 1100 l0 -400 -159 -2 -160 -3 315 -347 c174 -192 319 -348 324 -348 5 0 150 156 324 348 l315 347 -160 3 -159 2 0 400 0 400 -90 0 -90 0 0 -400 0 -400 -140 0 -140 0 0 400 0 400 -90 0 -90 0 0 -400z"/></g></svg>
  <svg x='495' y='545'><g transform="translate(-0.221878406359,10.7500002304) scale(0.0103429235226,-0.00963778430032)"><path class="sym-line" fill="black" d="M430 895 l0 -205 -37 23 c-21 13 -95 61 -165 105 l-128 82 -36 -71 c-19 -40 -32 -75 -27 -79 4 -3 74 -48 156 -99 81 -51 147 -97 147 -101 0 -4 -66 -50 -147 -101 -82 -51 -152 -96 -156 -99 -5 -4 8 -39 27 -79 l36 -71 128 82 c70 44 144 92 165 105 l37 23 0 -205 0 -205 70 0 70 0 0 205 0 205 38 -23 c20 -13 94 -61 164 -105 l128 -82 36 71 c19 40 32 75 27 79 -4 3 -74 48 -155 99 -82 51 -148 97 -148 101 0 4 66 50 148 101 81 51 151 96 155 99 5 4 -8 39 -27 79 l-36 71 -128 -82 c-70 -44 -144 -92 -164 -105 l-38 -23 0 205 0 205 -70 0 -70 0 0 -205z"/></g></svg>
  <svg x='441' y='576'><g transform="translate(0.050159582552,24.0802922101) scale(0.00998378843917,-0.0099797606209)"><path class="sym-line" fill="black" d="M86 2331 c-38 -38 -67 -73 -65 -79 2 -6 230 -249 507 -542 l503 -531 -149 -157 c-82 -86 -175 -185 -207 -219 l-57 -63 -298 0 -298 0 -6 -23 c-3 -12 -6 -59 -6 -104 l0 -83 201 -2 200 -3 -160 -170 c-88 -93 -161 -174 -161 -179 0 -11 120 -140 134 -143 6 -2 117 110 246 247 l235 250 470 0 470 0 204 -215 c112 -119 207 -215 211 -213 12 5 1015 1069 1015 1077 0 9 -1007 1079 -1016 1080 -4 1 -202 -206 -442 -460 -240 -253 -438 -460 -442 -460 -4 0 -231 237 -506 528 -274 290 -503 529 -507 531 -4 1 -38 -29 -76 -67z m1313 -1543 l44 -48 -268 0 -267 0 47 53 c26 28 86 93 134 142 l86 90 91 -95 c49 -52 110 -116 133 -142z"/></g></svg>
  <svg x='478' y='580'><g transform="translate(-0.149900597859,14.7505211307) scale(0.00993234377835,-0.00973472242044)"><path class="sym-fill" fill="white" d="M20 750 l0 -150 445 0 445 0 0 150 0 150 -445 0 -445 0 0 -150z"/><path class="sym-line" fill="black" d="M30 1200 l0 -300 440 0 440 0 0 -150 0 -150 -440 0 -440 0 0 -300 0 -300 735 0 735 0 0 750 0 750 -735 0 -735 0 0 -300z"/></g></svg>
  <svg x='496' y='576'><g transform="translate(0.050159582552,24.0802922101) scale(0.00998378843917,-0.0099797606209)"><path class="sym-line" fill="black" d="M86 2331 c-38 -38 -67 -73 -65 -79 2 -6 230 -249 507 -542 l503 -531 -149 -157 c-82 -86 -175 -185 -207 -219 l-57 -63 -298 0 -298 0 -6 -23 c-3 -12 -6 -59 -6 -104 l0 -83 201 -2 200 -3 -160 -170 c-88 -93 -161 -174 -161 -179 0 -11 120 -140 134 -143 6 -2 117 110 246 247 l235 250 470 0 470 0 204 -215 c112 -119 207 -215 211 -213 12 5 1015 1069 1015 1077 0 9 -1007 1079 -1016 1080 -4 1 -202 -206 -442 -460 -240 -253 -438 -460 -442 -460 -4 0 -231 237 -506 528 -274 290 -503 529 -507 531 -4 1 -38 -29 -76 -67z m1313 -1543 l44 -48 -268 0 -267 0 47 53 c26 28 86 93 134 142 l86 90 91 -95 c49 -52 110 -116 133 -142z"/></g></svg>
  <svg x='527' y='577'><g transform="translate(0.050159582552,24.0802922101) scale(0.00998378843917,-0.0099797606209)"><path class="sym-line" fill="black" d="M86 2331 c-38 -38 -67 -73 -65 -79 2 -6 230 -249 507 -542 l503 -531 -149 -157 c-82 -86 -175 -185 -207 -219 l-57 -63 -298 0 -298 0 -6 -23 c-3 -12 -6 -59 -6 -104 l0 -83 201 -2 200 -3 -160 -170 c-88 -93 -161 -174 -161 -179 0 -11 120 -140 134 -143 6 -2 117 110 246 247 l235 250 470 0 470 0 204 -215 c112 -119 207 -215 211 -213 12 5 1015 1069 1015 1077 0 9 -1007 1079 -1016 1080 -4 1 -202 -206 -442 -460 -240 -253 -438 -460 -442 -460 -4 0 -231 237 -506 528 -274 290 -503 529 -507 531 -4 1 -38 -29 -76 -67z m1313 -1543 l44 -48 -268 0 -267 0 47 53 c26 28 86 93 134 142 l86 90 91 -95 c49 -52 110 -116 133 -142z"/></g></svg>
  <svg x='561' y='581'><g transform="translate(-0.149900597859,14.7505211307) scale(0.00993234377835,-0.00973472242044)"><path class="sym-fill" fill="white" d="M20 750 l0 -150 445 0 445 0 0 150 0 150 -445 0 -445 0 0 -150z"/><path class="sym-line" fill="black" d="M30 1200 l0 -300 440 0 440 0 0 -150 0 -150 -440 0 -440 0 0 -300 0 -300 735 0 735 0 0 750 0 750 -735 0 -735 0 0 -300z"/></g></svg>
  <svg x='581' y='566'><g transform="translate(0.0,30.0) scale(0.01,-0.01)"><path class="sym-line" fill="black" d="M600 2552 l0 -447 -300 -300 -300 -300 0 -752 0 -753 750 0 750 0 0 750 0 750 -350 0 -350 0 0 253 0 252 255 255 c140 140 255 257 255 260 0 3 -34 36 -76 74 l-76 69 -179 -179 -179 -179 0 348 0 347 -100 0 -100 0 0 -448z m0 -902 l0 -150 -152 0 -153 0 150 150 c82 83 151 150 152 150 2 0 3 -67 3 -150z"/></g></svg>
</svg>