<svg version='1.1' xmlns='http://www.w3.org/2000/svg' width='191' height='42' viewBox='405 482 191 42'>
  <text font-size='0'>M596x524S30a00482x482S33e00482x482S36d00479x520S18001520x499S18009456x499S26506548x501S26512438x503S18018566x503S18010406x504S22124574x494S22124405x495</text>
  <svg x='482' y='482'><g transform="translate(0.149874875465,34.7500790925) scale(0.00988906872676,-0.00988956850125)"><path class="sym-line" fill="black" d="M1528 3484 c-592 -92 -1088 -447 -1348 -963 -125 -249 -180 -485 -180 -771 0 -480 183 -911 529 -1242 350 -336 780 -508 1271 -508 451 0 864 150 1193 434 326 281 517 620 591 1051 21 121 21 409 0 530 -43 252 -114 444 -237 639 -282 453 -741 750 -1284 831 -127 19 -413 18 -535 -1z m607 -173 c583 -126 1038 -523 1224 -1069 59 -173 75 -277 75 -492 0 -165 -3 -211 -22 -300 -71 -327 -228 -611 -458 -829 -186 -177 -381 -295 -614 -374 -176 -60 -282 -78 -490 -84 -247 -7 -416 19 -628 97 -549 201 -944 674 -1043 1250 -17 97 -17 383 0 480 99 576 495 1050 1043 1250 105 38 177 58 303 81 143 26 467 21 610 -10z M1170 2747 c-85 -84 -247 -242 -359 -351 l-204 -199 42 -40 43 -39 141 139 c78 76 242 236 364 354 l222 216 -37 36 c-21 21 -42 37 -47 37 -6 0 -80 -69 -165 -153z M2222 2867 c-18 -18 -32 -36 -32 -39 0 -4 89 -94 198 -200 108 -106 270 -265 360 -353 l162 -159 42 41 42 42 -235 228 c-129 125 -290 283 -359 350 -69 68 -130 123 -136 123 -6 0 -24 -15 -42 -33z M1211 2330 c-198 -194 -361 -355 -361 -359 0 -13 68 -73 79 -70 13 5 721 690 721 699 0 3 -17 23 -39 44 l-38 37 -362 -351z M1987 2642 c-20 -21 -37 -40 -37 -43 0 -7 710 -693 722 -698 12 -4 78 59 77 73 -1 10 -703 698 -718 704 -4 1 -23 -15 -44 -36z"/></g></svg>
  <svg x='482' y='482'><g transform="translate(0.149874875465,34.7500790925) scale(0.00988906872676,-0.00988956850125)"><path class="sym-line" fill="black" d="M1528 3484 c-592 -92 -1088 -447 -1348 -963 -125 -249 -180 -485 -180 -771 0 -480 183 -911 529 -1242 350 -336 780 -508 1271 -508 451 0 864 150 1193 434 326 281 517 620 591 1051 21 121 21 409 0 530 -43 252 -114 444 -237 639 -282 453 -741 750 -1284 831 -127 19 -413 18 -535 -1z m607 -173 c583 -126 1038 -523 1224 -1069 59 -173 75 -277 75 -492 0 -165 -3 -211 -22 -300 -71 -327 -228 -611 -458 -829 -186 -177 -381 -295 -614 -374 -176 -60 -282 -78 -490 -84 -247 -7 -416 19 -628 97 -549 201 -944 674 -1043 1250 -17 97 -17 383 0 480 99 576 495 1050 1043 1250 105 38 177 58 303 81 143 26 467 21 610 -10z M1087 1105 l-67 -55 51 -65 c119 -151 277 -272 440 -335 131 -50 318 -65 459 -35 202 42 408 179 562 372 44 56 48 66 35 76 -8 7 -41 32 -73 57 -31 25 -59 40 -61 35 -12 -37 -94 -143 -156 -202 -133 -126 -264 -183 -440 -191 -117 -5 -193 6 -290 44 -128 50 -275 176 -348 298 -19 31 -36 56 -39 56 -4 0 -36 -25 -73 -55z"/></g></svg>
  <svg x='479' y='520'><g transform="translate(0.0,4.0) scale(0.01,-0.01)"><path class="sym-line" fill="black" d="M0 200 l0 -200 2100 0 2100 0 0 200 0 200 -2100 0 -2100 0 0 -200z"/></g></svg>
  <svg x='520' y='499'><g transform="translate(0.149893040954,19.9525280507) scale(0.00988816045229,-0.00999777060718)"><path class="sym-fill" fill="white" d="M1314 1575 c-104 -112 -189 -209 -189 -215 0 -9 821 -902 836 -908 10 -4 391 406 387 417 -3 9 -838 911 -843 911 -1 0 -87 -92 -191 -205z"/><path class="sym-line" fill="black" d="M2098 1640 l-3 -341 -289 313 c-159 172 -293 314 -297 316 -9 4 -1509 -1615 -1509 -1629 0 -5 59 -73 131 -150 108 -115 134 -138 144 -127 7 7 227 245 490 528 262 283 478 514 481 513 3 -1 162 -172 355 -380 192 -208 356 -378 363 -378 13 0 516 535 524 556 2 6 -39 56 -92 113 l-96 104 0 451 0 451 -100 0 -100 0 -2 -340z m-160 -319 l421 -455 -47 -51 c-26 -28 -114 -124 -197 -213 l-149 -162 -37 37 c-136 141 -809 876 -809 884 0 16 373 418 386 416 7 -1 201 -206 432 -456z"/></g></svg>
  <svg x='456' y='499'><g transform="translate(0.0511921071792,19.8972848767) scale(0.00987889704846,-0.00996848758159)"><path class="sym-fill" fill="white" d="M572 1326 c-232 -250 -422 -458 -422 -461 0 -10 382 -416 390 -413 9 4 840 902 840 908 0 5 -296 329 -359 393 l-28 28 -421 -455z"/><path class="sym-line" fill="black" d="M200 1529 l0 -451 -95 -103 c-52 -56 -95 -106 -95 -109 0 -14 513 -561 526 -561 7 0 171 170 363 378 193 208 353 378 357 378 3 1 224 -235 491 -522 266 -288 487 -525 491 -525 10 -2 262 272 262 285 0 15 -1499 1633 -1509 1629 -4 -2 -138 -144 -297 -316 l-289 -313 -3 341 -2 340 -100 0 -100 0 0 -451z m998 41 l192 -209 -391 -423 c-215 -233 -408 -440 -428 -460 l-36 -38 -192 208 c-105 114 -193 211 -194 216 -2 11 833 916 846 915 6 -1 97 -95 203 -209z"/></g></svg>
  <svg x='548' y='501'><g transform="translate(0.149734255248,13.6974450331) scale(0.0097007872376,-0.00964308576999)"><path class="sym-line" fill="black" d="M800 1102 l0 -302 -400 0 -400 0 0 -100 0 -100 400 0 400 0 0 -302 0 -303 352 353 353 352 -353 352 -352 353 0 -303z"/></g></svg>
  <svg x='438' y='503'><g transform="translate(0.198128695057,13.7002011211) scale(0.0097007872376,-0.0096798311579)"><path class="sym-fill" fill="white" d="M370 925 l-225 -225 228 -228 227 -227 0 453 c0 248 -1 452 -3 452 -1 0 -103 -101 -227 -225z"/><path class="sym-line" fill="black" d="M345 1050 l-350 -350 353 -353 352 -352 0 303 0 302 400 0 400 0 0 100 0 100 -400 0 -400 0 -2 300 -3 300 -350 -350z m255 -352 l0 -453 -227 227 -228 228 225 225 c124 124 226 225 227 225 2 0 3 -204 3 -452z"/></g></svg>
  <svg x='566' y='503'><g transform="translate(-0.149558488508,14.7505211307) scale(0.00996628951236,-0.00973472242044)"><path class="sym-fill" fill="white" d="M1080 750 l0 -650 150 0 150 0 0 650 0 650 -150 0 -150 0 0 -650z"/><path class="sym-line" fill="black" d="M670 1048 l0 -453 -243 243 c-133 133 -247 242 -252 242 -13 0 -145 -132 -145 -145 0 -6 144 -151 320 -323 l320 -314 0 -149 0 -149 410 0 410 0 0 550 0 550 755 0 755 0 0 200 0 200 -1165 0 -1165 0 0 -452z m710 -298 l0 -650 -150 0 -150 0 0 650 0 650 150 0 150 0 0 -650z"/></g></svg>
  <svg x='406' y='504'><g transform="translate(0.147654814894,14.7505211307) scale(0.0100000717553,-0.00973472242044)"><path class="sym-fill" fill="white" d="M1620 750 l0 -650 150 0 150 0 0 650 0 650 -150 0 -150 0 0 -650z"/><path class="sym-line" fill="black" d="M0 1300 l0 -200 755 0 755 0 0 -550 0 -550 410 0 410 0 0 149 0 149 320 315 c176 174 320 319 320 324 0 12 -133 143 -145 143 -5 0 -119 -109 -252 -242 l-243 -243 0 453 0 452 -1165 0 -1165 0 0 -200z m1920 -550 l0 -650 -150 0 -150 0 0 650 0 650 150 0 150 0 0 -650z"/></g></svg>
  <svg x='574' y='494'><g transform="translate(0.131077154539,6.97738534177) scale(0.0098364174108,-0.0100604999865)"><path class="sym-line" fill="black" d="M846 475 l-247 -206 -212 177 c-116 98 -220 184 -229 192 -15 13 -24 8 -88 -44 -39 -32 -69 -64 -68 -70 4 -15 584 -504 598 -504 6 0 119 91 251 203 131 111 244 202 249 202 5 0 118 -91 249 -202 132 -112 245 -203 251 -203 14 0 594 489 598 504 1 6 -29 38 -68 70 -64 52 -73 57 -88 44 -9 -8 -113 -95 -229 -192 l-213 -178 -240 201 c-132 111 -246 204 -253 207 -9 3 -114 -79 -261 -201z"/></g></svg>
  <svg x='405' y='495'><g transform="translate(0.131077154539,6.97738534177) scale(0.0098364174108,-0.0100604999865)"><path class="sym-line" fill="black" d="M846 475 l-247 -206 -212 177 c-116 98 -220 184 -229 192 -15 13 -24 8 -88 -44 -39 -32 -69 -64 -68 -70 4 -15 584 -504 598 -504 6 0 119 91 251 203 131 111 244 202 249 202 5 0 118 -91 249 -202 132 -112 245 -203 251 -203 14 0 594 489 598 504 1 6 -29 38 -68 70 -64 52 -73 57 -88 44 -9 -8 -113 -95 -229 -192 l-213 -178 -240 201 c-132 111 -246 204 -253 207 -9 3 -114 -79 -261 -201z"/></g></svg>
</svg>