<svg version='1.1' xmlns='http://www.w3.org/2000/svg' width='194' height='53' viewBox='403 474 194 53'>
  <text font-size='0'>M597x527S14c48403x474S1f010422x498S21900427x491S20600445x488S20350497x498S18510507x488S21800498x475S15a40585x480S15a48558x480S22a04583x512S22a14556x512</text>
  <svg x='403' y='474'><g transform="translate(0.201198550476,30.7516384396) scale(0.00988990203709,-0.00987200030311)"><path class="sym-fill" fill="white" d="M1130 1057 l0 -857 155 0 155 0 0 708 0 707 -122 120 c-68 66 -138 134 -155 150 l-33 29 0 -857z"/><path class="sym-line" fill="black" d="M1020 2670 c0 -236 3 -430 6 -430 4 0 29 21 56 46 l50 46 47 -46 c26 -25 50 -46 54 -46 4 0 7 194 7 430 l0 430 -110 0 -110 0 0 -430z M313 2652 c-52 -30 -81 -52 -78 -60 5 -14 414 -704 421 -711 9 -10 155 144 151 159 -8 33 -389 660 -400 660 -7 0 -49 -22 -94 -48z M1650 2373 c-107 -180 -196 -331 -198 -337 -4 -18 146 -162 157 -151 16 16 421 703 421 714 0 9 -160 101 -177 101 -5 0 -96 -147 -203 -327z M867 1953 l-256 -248 0 -852 -1 -853 520 0 520 0 0 853 0 853 -254 247 c-140 136 -259 247 -264 247 -5 0 -124 -111 -265 -247z m572 -1040 l1 -713 -155 0 -155 0 0 861 0 861 154 -148 155 -149 0 -712z M1978 1814 l-238 -235 0 -140 c0 -79 4 -139 9 -139 5 0 150 136 321 302 l311 302 -73 73 c-40 40 -77 73 -83 73 -5 0 -117 -106 -247 -236z M69 1273 l-74 -75 255 -249 c140 -137 258 -249 263 -249 4 0 7 65 7 144 l0 143 -188 181 -189 181 -74 -76z"/></g></svg>
  <svg x='422' y='498'><g transform="translate(0.0,15.0) scale(0.01,-0.01)"><path class="sym-fill" fill="white" d="M1600 750 l0 -550 300 0 300 0 0 550 0 550 -300 0 -300 0 0 -550z"/><path class="sym-line" fill="black" d="M0 1400 l0 -100 700 0 700 0 0 -390 c0 -214 -3 -390 -7 -390 -5 0 -275 70 -601 156 -325 87 -595 155 -598 152 -8 -8 -57 -189 -52 -193 2 -2 286 -79 631 -172 l627 -168 0 -147 0 -148 750 0 750 0 0 750 0 750 -1450 0 -1450 0 0 -100z m2200 -650 l0 -550 -300 0 -300 0 0 550 0 550 300 0 300 0 0 -550z"/></g></svg>
  <svg x='427' y='491'><g transform="translate(0.149512995476,5.7484375) scale(0.0097118502262,-0.00933333333333)"><path class="sym-line" fill="black" d="M174 576 c-112 -52 -174 -151 -174 -276 0 -176 124 -300 300 -300 176 0 300 124 300 300 0 176 -124 300 -300 300 -58 0 -87 -6 -126 -24z M974 576 c-112 -52 -174 -151 -174 -276 0 -176 124 -300 300 -300 125 0 224 62 276 174 33 72 33 180 0 252 -52 112 -151 174 -276 174 -58 0 -87 -6 -126 -24z"/></g></svg>
  <svg x='445' y='488'><g transform="translate(-0.213271809649,10.7500002304) scale(0.0101476511593,-0.00963778430032)"><path class="sym-line" fill="black" d="M450 895 l0 -205 -172 105 -172 105 -39 -71 c-32 -57 -37 -73 -26 -80 8 -5 83 -50 167 -100 83 -50 152 -95 152 -99 0 -4 -69 -49 -152 -99 -84 -50 -159 -95 -167 -100 -11 -7 -6 -23 26 -80 l39 -71 172 105 172 105 0 -205 0 -205 75 0 75 0 2 204 3 204 155 -95 c85 -52 163 -99 172 -104 14 -7 23 2 52 58 20 37 36 70 36 74 0 4 -74 51 -165 105 -91 54 -165 101 -165 104 0 3 74 50 165 104 91 54 165 101 165 105 0 4 -16 37 -36 74 -29 56 -38 65 -52 58 -9 -5 -87 -52 -172 -104 l-155 -95 -3 204 -2 204 -75 0 -75 0 0 -205z M1600 895 l0 -204 -167 100 c-93 56 -171 103 -174 105 -4 2 -23 -28 -44 -67 -30 -57 -35 -73 -24 -80 8 -5 83 -50 166 -101 84 -51 153 -95 153 -98 0 -3 -69 -47 -153 -98 -83 -51 -158 -96 -166 -101 -11 -7 -6 -23 24 -80 21 -39 40 -69 44 -67 3 2 81 49 174 105 l167 100 0 -204 0 -205 75 0 75 0 0 205 0 204 168 -100 c92 -56 170 -103 173 -105 3 -1 23 29 43 68 31 56 36 72 25 79 -8 5 -83 50 -166 101 -84 51 -153 95 -153 98 0 3 69 47 153 98 83 51 158 96 166 101 11 7 6 23 -25 79 -20 39 -40 69 -43 68 -3 -2 -81 -49 -173 -105 l-168 -100 0 204 0 205 -75 0 -75 0 0 -205z"/></g></svg>
  <svg x='497' y='498'><g transform="translate(0.0,15.0) scale(0.01,-0.01)"><path class="sym-fill" fill="white" d="M0 950 l0 -150 750 0 750 0 0 150 0 150 -750 0 -750 0 0 -150z"/><path class="sym-line" fill="black" d="M0 1300 l0 -200 750 0 750 0 0 200 0 200 -750 0 -750 0 0 -200z M0 400 l0 -400 750 0 750 0 0 400 0 400 -750 0 -750 0 0 -400z"/></g></svg>
  <svg x='507' y='488'><g transform="translate(0.0,15.0) scale(0.01,-0.01)"><path class="sym-fill" fill="white" d="M1740 750 l0 -650 160 0 160 0 0 650 0 650 -160 0 -160 0 0 -650z"/><path class="sym-line" fill="black" d="M0 1300 l0 -200 268 0 267 0 545 -502 545 -502 3 -48 3 -48 435 0 434 0 0 750 0 750 -1250 0 -1250 0 0 -200z m2070 -550 l0 -650 -165 0 -165 0 0 650 0 650 165 0 165 0 0 -650z m-440 0 c0 -192 -2 -350 -5 -350 -6 0 -755 691 -755 696 0 2 171 4 380 4 l380 0 0 -350z"/></g></svg>
  <svg x='498' y='475'><g transform="translate(0.14408817461,7.7569354617) scale(0.00978355125495,-0.00959794917003)"><path class="sym-line" fill="black" d="M275 784 c-126 -44 -218 -136 -258 -258 -22 -64 -22 -188 0 -252 56 -169 203 -274 383 -274 180 0 327 105 383 274 22 64 22 188 0 252 -41 122 -134 216 -257 257 -61 21 -195 21 -251 1z M1275 784 c-90 -32 -160 -84 -208 -157 -48 -73 -67 -137 -67 -227 0 -230 170 -400 400 -400 180 0 327 105 383 274 22 64 22 188 0 252 -41 122 -134 216 -257 257 -61 21 -195 21 -251 1z"/></g></svg>
  <svg x='585' y='480'><g transform="translate(0.0,27.0) scale(0.01,-0.01)"><path class="sym-fill" fill="white" d="M398 2213 l-198 -198 0 -158 0 -157 -100 0 -100 0 0 -150 0 -150 100 0 100 0 0 -600 0 -600 200 0 200 0 0 600 0 600 300 0 300 0 0 150 0 150 -300 0 -300 0 -2 355 -3 355 -197 -197z"/><path class="sym-line" fill="black" d="M297 2402 l-297 -297 0 -203 0 -202 100 0 100 0 0 163 0 162 200 200 200 200 0 -363 0 -362 300 0 300 0 0 203 0 202 -298 298 c-163 163 -299 297 -302 297 -3 0 -139 -134 -303 -298z M0 700 l0 -700 600 0 600 0 0 700 0 700 -300 0 -300 0 0 -600 0 -600 -200 0 -200 0 0 600 0 600 -100 0 -100 0 0 -700z"/></g></svg>
  <svg x='558' y='480'><g transform="translate(0.0,27.0) scale(0.01,-0.01)"><path class="sym-fill" fill="white" d="M600 2057 l0 -357 -300 0 -300 0 0 -150 0 -150 300 0 300 0 0 -600 0 -600 200 0 200 0 0 600 0 600 100 0 100 0 0 150 0 150 -100 0 -100 0 0 158 0 157 -200 200 -200 200 0 -358z"/><path class="sym-line" fill="black" d="M297 2402 l-297 -297 0 -203 0 -202 300 0 300 0 0 362 0 363 200 -200 200 -200 0 -162 0 -163 100 0 100 0 0 203 0 202 -298 298 c-163 163 -299 297 -302 297 -3 0 -139 -134 -303 -298z M0 700 l0 -700 600 0 600 0 0 700 0 700 -100 0 -100 0 0 -600 0 -600 -200 0 -200 0 0 600 0 600 -300 0 -300 0 0 -700z"/></g></svg>
  <svg x='583' y='512'><g transform="translate(0.043463926586,14.7505211307) scale(0.00985915292844,-0.00973472242044)"><path class="sym-fill" fill="white" d="M510 1100 l0 -400 140 0 140 0 0 400 0 400 -140 0 -140 0 0 -400z"/><path class="sym-line" fill="black" d="M330 1100 l0 -400 -159 -2 -160 -3 315 -347 c174 -192 319 -348 324 -348 5 0 150 156 324 348 l315 347 -160 3 -159 2 0 400 0 400 -90 0 -90 0 0 -400 0 -400 -140 0 -140 0 0 400 0 400 -90 0 -90 0 0 -400z"/></g></svg>
  <svg x='556' y='512'><g transform="translate(0.043463926586,14.7505211307) scale(0.00985915292844,-0.00973472242044)"><path class="sym-fill" fill="white" d="M510 1100 l0 -400 140 0 140 0 0 400 0 400 -140 0 -140 0 0 -400z M277 557 c144 -163 368 -407 373 -407 5 0 229 244 373 407 l39 43 -412 0 -412 0 39 -43z"/><path class="sym-line" fill="black" d="M330 1100 l0 -400 -159 -2 -160 -3 315 -347 c174 -192 319 -348 324 -348 5 0 150 156 324 348 l315 347 -160 3 -159 2 0 400 0 400 -90 0 -90 0 0 -400 0 -400 -140 0 -140 0 0 400 0 400 -90 0 -90 0 0 -400z m714 -522 c-82 -96 -388 -428 -394 -428 -6 0 -312 332 -394 428 l-19 22 413 0 413 0 -19 -22z"/></g></svg>
</svg>